,Date,Open,High,Low,Close,Adj Close,Volume,ticker
0,2018-01-02,72.57,73.57,72.459999,73.019997,62.543251,2251500,PCAR
1,2018-01-03,72.470001,73.940002,72.419998,73.910004,63.30555,1428600,PCAR
2,2018-01-04,74.190002,75.690002,74.0,74.849998,64.11068,3095100,PCAR
3,2018-01-05,75.32,75.370003,74.440002,75.099998,64.324806,2024500,PCAR
4,2018-01-08,74.860001,75.239998,74.720001,74.860001,64.119232,2075600,PCAR
5,2018-01-09,74.860001,75.099998,74.449997,74.830002,64.093544,2869700,PCAR
6,2018-01-10,74.830002,75.010002,73.879997,74.110001,63.476868,2975600,PCAR
7,2018-01-11,74.360001,75.730003,74.190002,75.57,64.727356,2786100,PCAR
8,2018-01-12,75.709999,76.599998,75.379997,76.400002,65.438286,2307200,PCAR
9,2018-01-16,76.519997,76.800003,75.5,75.970001,65.069977,3014600,PCAR
10,2018-01-17,76.470001,76.830002,75.769997,76.540001,65.558205,1493400,PCAR
11,2018-01-18,76.400002,77.43,76.260002,76.400002,65.438286,1671400,PCAR
12,2018-01-19,76.669998,77.639999,76.419998,77.510002,66.389038,1962000,PCAR
13,2018-01-22,77.519997,77.739998,76.82,77.639999,66.500359,2344200,PCAR
14,2018-01-23,77.32,77.629997,76.709999,77.360001,66.260544,1081700,PCAR
15,2018-01-24,77.660004,78.379997,77.540001,78.290001,67.057137,2070800,PCAR
16,2018-01-25,78.410004,78.660004,77.029999,77.220001,66.140625,2565700,PCAR
17,2018-01-26,77.589996,78.790001,77.129997,78.709999,67.416847,1954700,PCAR
18,2018-01-29,78.400002,79.690002,78.25,79.0,67.665245,3665700,PCAR
19,2018-01-30,76.5,76.800003,72.059998,75.739998,64.872971,5874600,PCAR
20,2018-01-31,76.230003,77.0,73.940002,74.559998,63.862286,3206500,PCAR
21,2018-02-01,74.040001,75.050003,73.910004,74.720001,63.999336,1976400,PCAR
22,2018-02-02,74.360001,74.57,72.480003,72.599998,62.183498,1944700,PCAR
23,2018-02-05,72.599998,72.949997,69.190002,69.199997,59.271328,2890200,PCAR
24,2018-02-06,67.470001,70.290001,67.32,70.050003,59.999374,3268900,PCAR
25,2018-02-07,69.709999,70.660004,68.639999,68.690002,58.834499,3000500,PCAR
26,2018-02-08,68.57,69.190002,66.980003,66.980003,57.369858,3267100,PCAR
27,2018-02-09,67.550003,68.120003,65.309998,67.5,57.815239,2382100,PCAR
28,2018-02-12,68.0,68.980003,67.75,68.239998,58.666336,2130000,PCAR
29,2018-02-13,67.739998,68.290001,67.169998,68.139999,58.580379,1298100,PCAR
30,2018-02-14,67.5,69.339996,67.370003,69.120003,59.422894,1635600,PCAR
31,2018-02-15,69.489998,69.709999,68.029999,68.980003,59.30254,2347500,PCAR
32,2018-02-16,68.709999,69.510002,68.290001,68.779999,59.130577,2682000,PCAR
33,2018-02-20,68.389999,69.169998,68.160004,68.989998,59.311127,1682600,PCAR
34,2018-02-21,69.169998,70.510002,69.050003,69.220001,59.508862,2141100,PCAR
35,2018-02-22,69.709999,70.910004,69.529999,70.400002,60.523319,2781500,PCAR
36,2018-02-23,70.970001,71.339996,70.43,71.32,61.314247,2176800,PCAR
37,2018-02-26,71.68,71.870003,70.830002,71.550003,61.511978,2137200,PCAR
38,2018-02-27,71.540001,72.400002,71.050003,71.230003,61.236877,3645600,PCAR
39,2018-02-28,71.620003,72.209999,71.019997,71.589996,61.546356,5732000,PCAR
40,2018-03-01,71.639999,71.639999,69.0,69.040001,59.354118,7541800,PCAR
41,2018-03-02,68.739998,69.099998,66.470001,67.190002,57.763653,3265300,PCAR
42,2018-03-05,66.730003,68.970001,66.68,68.809998,59.156387,4652500,PCAR
43,2018-03-06,70.089996,70.550003,69.370003,69.910004,60.102066,2673000,PCAR
44,2018-03-07,69.18,69.480003,67.949997,69.07,59.379902,2045800,PCAR
45,2018-03-08,68.75,68.980003,67.559998,68.160004,58.597572,4699200,PCAR
46,2018-03-09,68.540001,69.370003,68.18,69.07,59.379902,6146400,PCAR
47,2018-03-12,69.260002,69.260002,67.400002,67.739998,58.236481,3210200,PCAR
48,2018-03-13,68.089996,68.510002,67.019997,67.379997,57.926994,2596900,PCAR
49,2018-03-14,67.5,67.82,66.129997,66.349998,57.041515,1983800,PCAR
50,2018-03-15,66.389999,66.900002,66.290001,66.82,57.445568,2832400,PCAR
51,2018-03-16,66.849998,68.089996,66.629997,67.739998,58.236481,6264000,PCAR
52,2018-03-19,65.919998,66.620003,65.459999,66.150002,56.869576,2578200,PCAR
53,2018-03-20,66.419998,66.980003,66.239998,66.290001,56.989925,1544900,PCAR
54,2018-03-21,66.300003,67.459999,66.089996,66.82,57.445568,1514800,PCAR
55,2018-03-22,66.029999,66.190002,64.290001,64.32,55.296291,2383500,PCAR
56,2018-03-23,64.589996,64.769997,62.82,62.939999,54.109898,2601200,PCAR
57,2018-03-26,64.169998,65.089996,63.799999,65.019997,55.898094,2404200,PCAR
58,2018-03-27,65.25,65.57,63.57,63.880001,54.918034,2456800,PCAR
59,2018-03-28,64.059998,65.0,63.799999,64.5,55.451042,2591300,PCAR
60,2018-03-29,64.910004,66.599998,64.669998,66.169998,56.886753,2906000,PCAR
61,2018-04-02,65.959999,66.0,63.349998,64.410004,55.373676,2660200,PCAR
62,2018-04-03,64.730003,65.800003,64.290001,65.709999,56.491283,2656700,PCAR
63,2018-04-04,64.470001,67.589996,64.339996,67.330002,57.88401,3856300,PCAR
64,2018-04-05,67.849998,69.029999,67.459999,68.339996,58.752312,3212800,PCAR
65,2018-04-06,67.93,68.599998,65.599998,66.260002,56.964138,2264300,PCAR
66,2018-04-09,66.830002,66.900002,65.43,65.529999,56.33654,2454600,PCAR
67,2018-04-10,66.900002,68.07,66.400002,67.739998,58.236481,2216300,PCAR
68,2018-04-11,67.050003,67.669998,66.849998,67.029999,57.626102,1588600,PCAR
69,2018-04-12,67.330002,68.629997,67.18,68.18,58.614769,1606300,PCAR
70,2018-04-13,68.68,68.68,67.540001,67.870003,58.348255,1589800,PCAR
71,2018-04-16,68.550003,69.779999,68.18,69.519997,59.766769,2332100,PCAR
72,2018-04-17,70.0,70.269997,69.440002,69.739998,59.95591,2296600,PCAR
73,2018-04-18,70.440002,71.580002,70.019997,70.879997,60.935955,2291400,PCAR
74,2018-04-19,70.419998,70.809998,69.080002,69.639999,59.869923,2523400,PCAR
75,2018-04-20,69.849998,70.019997,68.779999,69.18,59.474472,2171300,PCAR
76,2018-04-23,69.25,69.910004,69.059998,69.410004,59.672207,2296200,PCAR
77,2018-04-24,70.110001,71.400002,63.470001,64.919998,55.812122,5575500,PCAR
78,2018-04-25,64.540001,65.779999,63.82,64.900002,55.79493,3908400,PCAR
79,2018-04-26,65.050003,65.080002,63.400002,64.260002,55.24472,3216800,PCAR
80,2018-04-27,64.190002,64.75,63.919998,64.410004,55.373676,1448900,PCAR
81,2018-04-30,64.75,64.849998,63.650002,63.669998,54.737495,2283000,PCAR
82,2018-05-01,63.5,63.759998,61.98,63.580002,54.660114,2364900,PCAR
83,2018-05-02,62.25,63.349998,61.200001,62.169998,53.447933,3400800,PCAR
84,2018-05-03,61.849998,62.849998,60.360001,62.639999,53.85199,2600100,PCAR
85,2018-05-04,62.220001,64.169998,61.720001,63.799999,54.849251,1812600,PCAR
86,2018-05-07,63.939999,64.779999,63.939999,64.5,55.451042,1839000,PCAR
87,2018-05-08,64.449997,64.699997,63.75,64.25,55.236115,1551400,PCAR
88,2018-05-09,64.57,64.739998,63.470001,64.050003,55.064182,1869700,PCAR
89,2018-05-10,64.300003,64.419998,63.68,63.759998,54.814865,1949600,PCAR
90,2018-05-11,63.849998,64.410004,63.16,63.790001,54.840652,2403100,PCAR
91,2018-05-14,63.490002,63.93,63.049999,63.189999,54.564331,2615400,PCAR
92,2018-05-15,62.810001,63.66,62.73,63.52,54.849293,1978400,PCAR
93,2018-05-16,63.59,64.279999,63.43,63.91,55.186054,1284100,PCAR
94,2018-05-17,63.84,64.910004,63.599998,64.290001,55.514183,1224500,PCAR
95,2018-05-18,64.459999,65.300003,64.110001,65.010002,56.135902,1394000,PCAR
96,2018-05-21,65.470001,66.510002,65.059998,66.010002,56.999397,1291000,PCAR
97,2018-05-22,66.25,66.75,65.699997,65.739998,56.766258,1574600,PCAR
98,2018-05-23,65.239998,65.57,64.300003,65.089996,56.204975,1444100,PCAR
99,2018-05-24,65.169998,65.580002,64.529999,65.230003,56.325874,1319500,PCAR
100,2018-05-25,65.150002,65.440002,64.300003,64.639999,55.81641,951500,PCAR
101,2018-05-29,64.050003,64.5,63.049999,63.509998,54.840656,1518700,PCAR
102,2018-05-30,63.77,64.620003,63.540001,64.269997,55.496914,1528900,PCAR
103,2018-05-31,63.299999,63.779999,61.639999,62.23,53.735386,3931000,PCAR
104,2018-06-01,62.630001,63.400002,62.630001,62.970001,54.374363,1638700,PCAR
105,2018-06-04,63.049999,63.709999,62.759998,63.080002,54.469357,1337000,PCAR
106,2018-06-05,64.300003,64.809998,63.509998,64.410004,55.617802,2651300,PCAR
107,2018-06-06,64.370003,65.5,64.160004,65.489998,56.550381,2043200,PCAR
108,2018-06-07,65.480003,65.669998,64.669998,64.980003,56.110001,1622500,PCAR
109,2018-06-08,65.129997,65.400002,64.699997,65.260002,56.351776,1335400,PCAR
110,2018-06-11,65.099998,65.720001,65.019997,65.599998,56.645363,1154000,PCAR
111,2018-06-12,65.589996,65.900002,65.019997,65.199997,56.299961,1403500,PCAR
112,2018-06-13,65.339996,65.339996,63.970001,64.010002,55.272408,1228500,PCAR
113,2018-06-14,64.160004,64.720001,63.57,63.759998,55.056526,1282300,PCAR
114,2018-06-15,63.849998,64.349998,62.549999,64.0,55.263767,3302700,PCAR
115,2018-06-18,63.509998,64.019997,63.07,63.580002,54.9011,1444800,PCAR
116,2018-06-19,62.869999,63.029999,62.07,62.75,54.184399,2154900,PCAR
117,2018-06-20,62.939999,63.029999,62.389999,62.509998,53.977165,1745700,PCAR
118,2018-06-21,62.330002,62.330002,60.970001,61.509998,53.113663,1689100,PCAR
119,2018-06-22,62.09,62.52,61.59,62.110001,53.631756,2653000,PCAR
120,2018-06-25,61.810001,62.880001,61.220001,62.139999,53.657673,3240500,PCAR
121,2018-06-26,62.16,62.509998,61.810001,62.16,53.674931,2241800,PCAR
122,2018-06-27,62.290001,63.200001,61.740002,61.759998,53.329544,1244600,PCAR
123,2018-06-28,61.470001,62.279999,61.279999,62.040001,53.57132,1397700,PCAR
124,2018-06-29,61.91,63.029999,61.82,61.959999,53.502239,1715100,PCAR
125,2018-07-02,60.290001,60.959999,59.82,60.860001,52.552391,2199200,PCAR
126,2018-07-03,61.240002,61.560001,59.889999,59.959999,51.775249,1090000,PCAR
127,2018-07-05,60.630001,60.810001,60.130001,60.580002,52.310616,2143400,PCAR
128,2018-07-06,60.68,61.07,60.029999,60.91,52.595562,1910900,PCAR
129,2018-07-09,61.080002,61.990002,60.830002,61.84,53.398621,2222600,PCAR
130,2018-07-10,62.639999,62.889999,61.990002,62.580002,54.037605,1385900,PCAR
131,2018-07-11,61.830002,61.939999,60.93,61.220001,52.863255,1034500,PCAR
132,2018-07-12,61.599998,61.91,61.009998,61.73,53.303627,1075700,PCAR
133,2018-07-13,61.790001,63.709999,61.790001,63.450001,54.788849,2214500,PCAR
134,2018-07-16,63.5,63.509998,62.360001,62.57,54.028976,1836700,PCAR
135,2018-07-17,62.200001,63.23,62.130001,63.209999,54.581612,1527300,PCAR
136,2018-07-18,62.049999,64.139999,62.049999,63.41,54.754307,2556100,PCAR
137,2018-07-19,63.369999,63.709999,62.630001,63.450001,54.788849,2056100,PCAR
138,2018-07-20,63.209999,63.23,62.59,62.75,54.184399,1667100,PCAR
139,2018-07-23,62.689999,63.490002,62.41,62.919998,54.331184,2668800,PCAR
140,2018-07-24,64.300003,65.019997,61.07,63.25,54.616158,4829800,PCAR
141,2018-07-25,62.049999,64.269997,62.049999,64.169998,55.410564,3615000,PCAR
142,2018-07-26,64.300003,66.040001,64.300003,65.419998,56.489941,2985800,PCAR
143,2018-07-27,65.379997,66.139999,65.379997,66.07,57.051216,2283000,PCAR
144,2018-07-30,66.050003,66.82,64.900002,65.010002,56.135902,2251200,PCAR
145,2018-07-31,65.349998,65.970001,65.129997,65.720001,56.748981,2556400,PCAR
146,2018-08-01,65.5,65.690002,63.630001,63.970001,55.237865,1794000,PCAR
147,2018-08-02,63.5,63.950001,62.799999,63.290001,54.650684,2072800,PCAR
148,2018-08-03,63.27,64.519997,63.27,64.43,55.635078,2062200,PCAR
149,2018-08-06,65.730003,66.269997,64.879997,64.940002,56.075459,1737400,PCAR
150,2018-08-07,63.52,65.860001,63.52,65.18,56.282703,1305200,PCAR
151,2018-08-08,65.050003,65.209999,64.300003,64.440002,55.643707,1159100,PCAR
152,2018-08-09,64.529999,64.809998,63.75,64.309998,55.531452,1270800,PCAR
153,2018-08-10,63.880001,64.099998,63.029999,63.560001,54.883835,1474400,PCAR
154,2018-08-13,63.59,64.760002,63.59,63.939999,55.456249,1945700,PCAR
155,2018-08-14,64.169998,65.120003,64.019997,64.809998,56.210831,2113200,PCAR
156,2018-08-15,64.150002,64.610001,63.32,64.529999,55.967972,1978500,PCAR
157,2018-08-16,65.099998,66.050003,65.0,65.68,56.965393,1913200,PCAR
158,2018-08-17,65.860001,67.529999,65.709999,67.160004,58.249023,2424700,PCAR
159,2018-08-20,67.459999,68.57,67.389999,68.239998,59.185715,2531000,PCAR
160,2018-08-21,68.400002,68.699997,67.779999,67.959999,58.942894,2258400,PCAR
161,2018-08-22,67.849998,68.040001,67.489998,67.769997,58.77808,1727800,PCAR
162,2018-08-23,67.470001,67.540001,66.129997,66.620003,57.780678,1533600,PCAR
163,2018-08-24,66.550003,67.559998,66.349998,67.43,58.4832,1930900,PCAR
164,2018-08-27,67.809998,69.139999,67.529999,68.620003,59.515305,1622300,PCAR
165,2018-08-28,68.82,69.110001,68.419998,68.489998,59.402546,1576100,PCAR
166,2018-08-29,68.470001,68.669998,67.870003,68.43,59.350529,967600,PCAR
167,2018-08-30,68.25,68.559998,67.510002,67.860001,58.856148,1676700,PCAR
168,2018-08-31,67.809998,68.5,67.57,68.419998,59.341839,1615800,PCAR
169,2018-09-04,67.949997,68.419998,67.68,68.339996,59.272457,2062200,PCAR
170,2018-09-05,68.050003,69.93,67.889999,69.910004,60.634132,3516700,PCAR
171,2018-09-06,69.879997,70.300003,68.989998,69.18,60.001003,1942500,PCAR
172,2018-09-07,68.769997,69.269997,68.239998,69.010002,59.853565,1863000,PCAR
173,2018-09-10,69.440002,70.889999,69.360001,69.989998,60.703526,1794900,PCAR
174,2018-09-11,69.739998,69.940002,68.75,69.059998,59.896927,2258900,PCAR
175,2018-09-12,68.940002,69.790001,68.32,69.639999,60.399956,1753800,PCAR
176,2018-09-13,69.980003,70.349998,69.489998,69.889999,60.616802,1085400,PCAR
177,2018-09-14,69.980003,70.650002,69.889999,70.339996,61.007084,1589900,PCAR
178,2018-09-17,70.610001,71.970001,70.510002,70.629997,61.25861,1660200,PCAR
179,2018-09-18,70.879997,71.339996,69.830002,71.120003,61.683605,1252600,PCAR
180,2018-09-19,71.059998,71.949997,71.059998,71.32,61.857079,1548600,PCAR
181,2018-09-20,71.800003,72.629997,71.599998,72.410004,62.802433,1669900,PCAR
182,2018-09-21,72.730003,72.889999,72.029999,72.199997,62.6203,2348900,PCAR
183,2018-09-24,71.839996,71.949997,70.019997,70.360001,61.024445,1864100,PCAR
184,2018-09-25,70.279999,70.540001,69.099998,69.25,60.061707,1864200,PCAR
185,2018-09-26,69.599998,69.690002,68.660004,68.779999,59.654076,1815400,PCAR
186,2018-09-27,69.139999,69.370003,68.43,69.059998,59.896927,1143400,PCAR
187,2018-09-28,68.940002,69.050003,67.970001,68.190002,59.142361,2074000,PCAR
188,2018-10-01,68.760002,69.580002,68.580002,69.0,59.844883,1761100,PCAR
189,2018-10-02,68.940002,69.870003,68.839996,69.68,60.434666,1206100,PCAR
190,2018-10-03,69.800003,70.760002,69.669998,70.230003,60.911686,1544200,PCAR
191,2018-10-04,70.0,70.739998,69.489998,69.879997,60.608116,1593400,PCAR
192,2018-10-05,69.190002,69.760002,67.400002,67.980003,58.960217,1771200,PCAR
193,2018-10-08,67.690002,68.199997,67.410004,68.129997,59.090324,1773200,PCAR
194,2018-10-09,68.260002,68.360001,66.279999,66.360001,57.555176,1501200,PCAR
195,2018-10-10,66.309998,66.449997,63.790001,63.849998,55.378204,2279800,PCAR
196,2018-10-11,63.709999,64.690002,62.470001,62.849998,54.510887,2767400,PCAR
197,2018-10-12,63.77,63.880001,61.290001,62.130001,53.886417,2761000,PCAR
198,2018-10-15,61.849998,62.669998,61.790001,62.09,53.851723,1996600,PCAR
199,2018-10-16,62.650002,63.09,61.73,62.939999,54.58894,1753200,PCAR
200,2018-10-17,62.860001,62.970001,61.169998,61.740002,53.548168,1515400,PCAR
201,2018-10-18,61.580002,61.73,59.650002,60.34,52.333908,2492300,PCAR
202,2018-10-19,60.09,60.970001,59.91,60.23,52.238503,2555500,PCAR
203,2018-10-22,60.290001,61.220001,60.080002,60.5,52.472687,4610700,PCAR
204,2018-10-23,58.0,59.049999,54.759998,57.400002,49.784012,5495200,PCAR
205,2018-10-24,57.529999,57.580002,54.91,54.950001,47.659077,4411700,PCAR
206,2018-10-25,55.580002,56.290001,54.779999,55.220001,47.89325,2871300,PCAR
207,2018-10-26,54.080002,56.0,53.950001,55.299999,47.962643,2658300,PCAR
208,2018-10-29,56.200001,57.25,54.869999,55.810001,48.404972,2576800,PCAR
209,2018-10-30,56.049999,57.439999,55.599998,56.48,48.986073,4082200,PCAR
210,2018-10-31,57.110001,57.68,56.68,57.209999,49.619221,3324800,PCAR
211,2018-11-01,57.549999,59.509998,57.529999,59.139999,51.293133,2321100,PCAR
212,2018-11-02,59.459999,59.75,57.759998,58.299999,50.564579,2170600,PCAR
213,2018-11-05,58.650002,58.950001,57.889999,58.459999,50.703362,1649500,PCAR
214,2018-11-06,58.509998,59.5,58.32,59.360001,51.483948,1427100,PCAR
215,2018-11-07,59.779999,59.939999,58.240002,59.900002,51.952297,2506900,PCAR
216,2018-11-08,59.619999,60.52,59.360001,60.150002,52.169132,1716400,PCAR
217,2018-11-09,59.360001,59.889999,58.189999,58.360001,50.853352,1637800,PCAR
218,2018-11-12,58.400002,59.150002,58.07,58.380001,50.870785,1580700,PCAR
219,2018-11-13,58.889999,60.049999,58.630001,58.849998,51.280319,1647300,PCAR
220,2018-11-14,59.200001,60.25,58.869999,59.68,52.003563,1756200,PCAR
221,2018-11-15,59.18,60.799999,58.779999,60.560001,52.77037,1613500,PCAR
222,2018-11-16,60.130001,61.16,60.009998,60.77,52.953362,1337900,PCAR
223,2018-11-19,60.48,61.419998,60.150002,60.490002,52.709385,1558600,PCAR
224,2018-11-20,60.200001,60.48,59.0,59.369999,51.73344,1970200,PCAR
225,2018-11-21,59.759998,60.759998,59.52,59.950001,52.238834,1394700,PCAR
226,2018-11-23,59.349998,60.459999,58.98,60.049999,52.32597,592100,PCAR
227,2018-11-26,60.48,61.34,60.41,60.68,52.874935,1190800,PCAR
228,2018-11-27,60.48,60.759998,59.970001,60.57,52.779087,1638100,PCAR
229,2018-11-28,60.709999,62.080002,60.040001,62.009998,54.033867,2306500,PCAR
230,2018-11-29,61.700001,62.060001,61.130001,61.310001,53.423908,1231200,PCAR
231,2018-11-30,61.380001,62.290001,61.139999,62.220001,54.216858,3435500,PCAR
232,2018-12-03,63.110001,63.41,61.040001,61.110001,53.249626,3076400,PCAR
233,2018-12-04,60.830002,61.009998,58.91,59.32,51.689873,4325500,PCAR
234,2018-12-06,58.200001,58.619999,56.110001,58.580002,51.045052,4669500,PCAR
235,2018-12-07,58.290001,59.130001,56.860001,57.09,49.746696,2224000,PCAR
236,2018-12-10,57.099998,57.700001,55.990002,57.57,50.164963,3027000,PCAR
237,2018-12-11,58.419998,58.77,57.389999,57.810001,50.3741,3484000,PCAR
238,2018-12-12,58.700001,59.919998,58.369999,58.41,50.896919,2624800,PCAR
239,2018-12-13,56.880001,57.470001,56.669998,57.310001,51.708965,2720200,PCAR
240,2018-12-14,56.73,57.459999,56.52,56.57,51.041279,1882200,PCAR
241,2018-12-17,56.52,57.549999,55.639999,56.09,50.608185,2314400,PCAR
242,2018-12-18,56.52,57.27,55.91,56.18,50.689404,2078300,PCAR
243,2018-12-19,56.369999,57.139999,54.610001,54.880001,49.516453,2066300,PCAR
244,2018-12-20,54.759998,55.919998,54.509998,55.41,49.994648,2700500,PCAR
245,2018-12-21,55.790001,56.91,54.720001,54.900002,49.534508,3621300,PCAR
246,2018-12-24,54.509998,54.860001,53.509998,53.669998,48.424706,1063900,PCAR
247,2018-12-26,53.959999,56.509998,53.43,56.48,50.960079,2346100,PCAR
248,2018-12-27,55.540001,57.52,55.07,57.459999,51.844303,2399300,PCAR
249,2018-12-28,57.759998,58.040001,56.759998,57.09,51.510456,1634800,PCAR
250,2018-12-31,57.389999,57.619999,56.619999,57.139999,51.555576,1699100,PCAR
251,2019-01-02,56.27,57.950001,55.84,57.860001,52.205204,1803000,PCAR
252,2019-01-03,57.459999,57.580002,56.110001,56.52,50.99617,1974700,PCAR
253,2019-01-04,57.200001,59.060001,57.0,59.029999,53.260864,2569900,PCAR
254,2019-01-07,58.759998,59.73,57.82,58.959999,53.197701,3047700,PCAR
255,2019-01-08,59.5,60.189999,58.98,59.529999,53.711998,2966300,PCAR
256,2019-01-09,59.810001,60.16,58.310001,58.630001,52.89996,3471500,PCAR
257,2019-01-10,57.830002,59.639999,57.57,59.16,53.378155,2821400,PCAR
258,2019-01-11,59.049999,59.709999,58.43,59.439999,53.630791,1919200,PCAR
259,2019-01-14,59.110001,60.330002,58.66,59.970001,54.108994,2212800,PCAR
260,2019-01-15,60.009998,60.189999,59.279999,59.57,53.748085,1399300,PCAR
261,2019-01-16,59.68,60.41,59.459999,60.060001,54.190201,1522400,PCAR
262,2019-01-17,59.810001,61.869999,59.66,61.34,55.3451,2451100,PCAR
263,2019-01-18,61.869999,63.169998,61.419998,62.98,56.824814,2244700,PCAR
264,2019-01-22,62.389999,62.580002,61.439999,62.049999,55.98571,2338800,PCAR
265,2019-01-23,62.540001,62.540001,61.23,61.619999,55.597733,1900100,PCAR
266,2019-01-24,61.16,61.93,61.040001,61.790001,55.751125,2501700,PCAR
267,2019-01-25,62.560001,63.27,62.419998,62.689999,56.563156,2222400,PCAR
268,2019-01-28,61.77,61.84,60.959999,61.299999,55.30901,4393400,PCAR
269,2019-01-29,63.77,64.970001,62.41,64.839996,58.503033,3925900,PCAR
270,2019-01-30,65.0,65.190002,63.630001,64.75,58.421829,2843000,PCAR
271,2019-01-31,64.650002,65.559998,64.160004,65.519997,59.11657,2479300,PCAR
272,2019-02-01,65.510002,65.879997,64.75,64.959999,58.611305,2019000,PCAR
273,2019-02-04,64.889999,65.260002,64.18,65.25,58.872963,2058700,PCAR
274,2019-02-05,65.43,65.610001,64.730003,65.57,59.161701,1976500,PCAR
275,2019-02-06,64.970001,65.879997,64.459999,65.559998,59.152668,2120500,PCAR
276,2019-02-07,65.730003,66.080002,65.110001,65.900002,59.45945,2514300,PCAR
277,2019-02-08,65.620003,65.970001,64.949997,65.949997,59.504547,1535000,PCAR
278,2019-02-11,65.849998,66.199997,65.330002,65.360001,59.25975,1044900,PCAR
279,2019-02-12,66.040001,67.019997,65.879997,66.760002,60.529079,1773000,PCAR
280,2019-02-13,67.089996,67.690002,66.809998,67.43,61.136551,1123200,PCAR
281,2019-02-14,67.029999,67.559998,66.68,66.870003,60.628834,1579200,PCAR
282,2019-02-15,67.519997,68.239998,67.0,68.099998,61.744022,1933600,PCAR
283,2019-02-19,67.980003,68.57,67.699997,68.220001,61.852821,1566000,PCAR
284,2019-02-20,68.309998,69.07,68.0,69.040001,62.596298,1291700,PCAR
285,2019-02-21,68.82,69.449997,68.629997,69.169998,62.714161,1685700,PCAR
286,2019-02-22,69.459999,70.230003,69.400002,69.889999,63.366959,1744800,PCAR
287,2019-02-25,70.32,70.349998,69.43,69.489998,63.004284,1416600,PCAR
288,2019-02-26,69.169998,69.879997,68.910004,69.330002,62.859238,2008600,PCAR
289,2019-02-27,69.029999,69.029999,67.870003,68.419998,62.034164,1976200,PCAR
290,2019-02-28,68.400002,68.400002,67.419998,67.800003,61.472031,2311600,PCAR
291,2019-03-01,68.25,68.57,67.220001,67.769997,61.44482,2206300,PCAR
292,2019-03-04,68.120003,68.43,66.660004,67.480003,61.181896,2366300,PCAR
293,2019-03-05,67.629997,68.150002,67.330002,67.790001,61.462959,2230100,PCAR
294,2019-03-06,67.660004,67.860001,67.209999,67.260002,60.982422,2494600,PCAR
295,2019-03-07,67.010002,67.230003,65.919998,67.120003,60.855499,2102700,PCAR
296,2019-03-08,66.5,67.370003,66.199997,67.309998,61.027763,1858200,PCAR
297,2019-03-11,67.389999,68.220001,67.150002,68.150002,61.789345,1800800,PCAR
298,2019-03-12,68.239998,68.309998,67.879997,68.239998,61.870953,2261600,PCAR
299,2019-03-13,68.589996,69.010002,68.209999,68.739998,62.32428,2979900,PCAR
300,2019-03-14,68.529999,68.730003,68.099998,68.449997,62.061348,2392300,PCAR
301,2019-03-15,68.459999,68.860001,67.580002,67.650002,61.336014,3013400,PCAR
302,2019-03-18,67.580002,68.480003,67.489998,68.410004,62.025101,1785700,PCAR
303,2019-03-19,68.760002,68.989998,67.830002,68.099998,61.744022,1369800,PCAR
304,2019-03-20,67.93,68.419998,67.419998,67.739998,61.417614,1312000,PCAR
305,2019-03-21,67.330002,68.330002,67.330002,68.190002,61.825634,1206400,PCAR
306,2019-03-22,67.790001,68.089996,66.849998,67.029999,60.773895,2087900,PCAR
307,2019-03-25,67.440002,67.82,67.099998,67.400002,61.10936,1171300,PCAR
308,2019-03-26,67.720001,68.150002,67.160004,67.419998,61.127483,1230700,PCAR
309,2019-03-27,67.480003,68.059998,67.370003,67.82,61.490162,1021000,PCAR
310,2019-03-28,67.93,68.860001,67.709999,68.269997,61.898159,1159200,PCAR
311,2019-03-29,68.790001,68.949997,68.029999,68.139999,61.780296,2320000,PCAR
312,2019-04-01,68.809998,69.239998,68.339996,69.050003,62.605358,2669500,PCAR
313,2019-04-02,69.099998,69.099998,68.199997,68.419998,62.034164,4759500,PCAR
314,2019-04-03,68.669998,68.949997,68.029999,68.330002,61.952557,2630600,PCAR
315,2019-04-04,68.25,69.410004,68.010002,69.019997,62.57814,3534800,PCAR
316,2019-04-05,69.32,69.43,68.830002,69.019997,62.57814,1221400,PCAR
317,2019-04-08,68.839996,69.089996,68.489998,68.940002,62.505638,1076800,PCAR
318,2019-04-09,68.519997,68.769997,67.949997,68.400002,62.016022,1341200,PCAR
319,2019-04-10,68.57,68.910004,68.169998,68.779999,62.360546,1103000,PCAR
320,2019-04-11,68.970001,69.769997,68.620003,69.709999,63.203762,1395800,PCAR
321,2019-04-12,70.0,70.730003,69.800003,70.5,63.92004,1328500,PCAR
322,2019-04-15,70.589996,70.849998,70.199997,70.360001,63.793098,1141400,PCAR
323,2019-04-16,70.510002,71.550003,69.910004,71.43,64.763214,1641400,PCAR
324,2019-04-17,71.660004,72.209999,71.080002,71.120003,64.482162,1205000,PCAR
325,2019-04-18,71.730003,71.949997,71.220001,71.440002,64.772301,2353100,PCAR
326,2019-04-22,71.080002,71.32,70.080002,71.129997,64.491234,936300,PCAR
327,2019-04-23,71.010002,71.620003,70.5,71.18,64.536568,1346200,PCAR
328,2019-04-24,71.080002,71.709999,70.699997,71.480003,64.808563,1359900,PCAR
329,2019-04-25,70.800003,70.800003,69.959999,70.160004,63.611763,1314100,PCAR
330,2019-04-26,70.43,71.029999,70.120003,70.959999,64.33709,2054400,PCAR
331,2019-04-29,71.0,71.379997,70.720001,71.32,64.66349,1836800,PCAR
332,2019-04-30,72.0,73.0,69.839996,71.669998,64.98082,3733000,PCAR
333,2019-05-01,71.800003,72.279999,70.830002,70.849998,64.23735,2233000,PCAR
334,2019-05-02,70.879997,71.089996,69.959999,70.190002,63.638966,2147200,PCAR
335,2019-05-03,70.669998,71.5,70.410004,71.379997,64.71788,1733300,PCAR
336,2019-05-06,70.0,70.489998,68.93,69.43,62.949879,2249100,PCAR
337,2019-05-07,68.660004,69.129997,68.07,68.849998,62.424034,2225400,PCAR
338,2019-05-08,68.82,69.379997,68.410004,68.839996,62.414967,1515700,PCAR
339,2019-05-09,68.32,69.18,67.489998,69.010002,62.569092,1791800,PCAR
340,2019-05-10,68.760002,69.690002,67.75,69.510002,63.022434,1799000,PCAR
341,2019-05-13,67.879997,68.220001,67.019997,67.639999,61.610596,2124200,PCAR
342,2019-05-14,67.739998,68.980003,67.519997,68.709999,62.585213,1585100,PCAR
343,2019-05-15,68.019997,69.459999,67.769997,69.169998,63.004208,1512600,PCAR
344,2019-05-16,69.470001,70.389999,69.440002,69.889999,63.660027,1063200,PCAR
345,2019-05-17,69.489998,70.150002,68.900002,69.239998,63.067951,1503500,PCAR
346,2019-05-20,68.769997,70.07,68.309998,69.32,63.140842,1534100,PCAR
347,2019-05-21,69.839996,70.239998,69.150002,70.150002,63.896847,1201200,PCAR
348,2019-05-22,69.940002,70.050003,68.160004,68.18,62.102455,1555400,PCAR
349,2019-05-23,67.489998,67.889999,66.629997,67.059998,61.082298,2344500,PCAR
350,2019-05-24,67.480003,67.620003,67.019997,67.559998,61.537727,1143200,PCAR
351,2019-05-28,67.709999,68.290001,67.089996,67.099998,61.118725,1748800,PCAR
352,2019-05-29,66.57,67.589996,66.330002,67.510002,61.492168,1535100,PCAR
353,2019-05-30,67.620003,68.379997,67.620003,68.040001,61.974945,923400,PCAR
354,2019-05-31,66.489998,67.059998,65.779999,65.82,59.95282,1779900,PCAR
355,2019-06-03,65.980003,66.739998,65.839996,66.230003,60.326275,1775000,PCAR
356,2019-06-04,66.760002,68.650002,66.610001,68.620003,62.503223,1801600,PCAR
357,2019-06-05,68.989998,69.650002,68.160004,69.139999,62.976883,1700000,PCAR
358,2019-06-06,69.089996,69.800003,68.660004,69.739998,63.523392,1135600,PCAR
359,2019-06-07,70.129997,70.790001,69.599998,70.220001,63.960613,1152700,PCAR
360,2019-06-10,70.480003,70.860001,69.919998,70.199997,63.94239,1212200,PCAR
361,2019-06-11,70.75,71.099998,69.75,69.790001,63.568947,1357300,PCAR
362,2019-06-12,69.779999,70.0,69.440002,69.82,63.59626,897000,PCAR
363,2019-06-13,69.889999,70.290001,69.599998,69.970001,63.732891,832500,PCAR
364,2019-06-14,70.0,70.300003,69.220001,70.019997,63.778427,838000,PCAR
365,2019-06-17,69.93,70.139999,69.110001,69.239998,63.067951,849100,PCAR
366,2019-06-18,69.82,71.489998,69.639999,70.989998,64.661957,1208100,PCAR
367,2019-06-19,71.0,71.410004,70.5,71.199997,64.853256,1178600,PCAR
368,2019-06-20,72.040001,72.389999,71.580002,72.230003,65.791435,1276400,PCAR
369,2019-06-21,72.07,72.470001,71.300003,71.339996,64.980766,1796000,PCAR
370,2019-06-24,71.230003,72.010002,71.0,71.400002,65.035439,839800,PCAR
371,2019-06-25,71.559998,71.889999,71.059998,71.300003,64.944336,1088300,PCAR
372,2019-06-26,71.559998,71.879997,70.760002,70.910004,64.589096,1157400,PCAR
373,2019-06-27,71.0,71.330002,70.260002,70.690002,64.388718,1167400,PCAR
374,2019-06-28,70.940002,71.860001,70.629997,71.660004,65.27224,2644100,PCAR
375,2019-07-01,72.629997,72.860001,71.360001,72.239998,65.800529,1655800,PCAR
376,2019-07-02,71.07,71.809998,70.980003,71.349998,64.989891,1409500,PCAR
377,2019-07-03,71.510002,71.739998,70.639999,71.199997,64.853256,796500,PCAR
378,2019-07-05,70.919998,70.919998,69.370003,70.610001,64.315842,1298800,PCAR
379,2019-07-08,70.360001,70.910004,70.230003,70.660004,64.361389,1124300,PCAR
380,2019-07-09,70.449997,70.720001,70.129997,70.629997,64.334061,1274900,PCAR
381,2019-07-10,70.980003,71.480003,70.220001,70.510002,64.224754,1286800,PCAR
382,2019-07-11,70.550003,70.839996,69.889999,70.779999,64.470695,1055800,PCAR
383,2019-07-12,71.089996,72.18,71.089996,72.129997,65.700371,1284000,PCAR
384,2019-07-15,72.160004,72.410004,70.709999,71.5,65.126503,1833800,PCAR
385,2019-07-16,71.510002,72.68,71.129997,72.57,66.101128,1707900,PCAR
386,2019-07-17,72.529999,72.529999,70.139999,70.139999,63.887733,1996800,PCAR
387,2019-07-18,70.019997,70.169998,68.260002,69.080002,62.922234,2424500,PCAR
388,2019-07-19,69.589996,70.25,69.080002,69.330002,63.14996,2923200,PCAR
389,2019-07-22,69.529999,70.139999,68.989998,69.160004,62.995094,2302600,PCAR
390,2019-07-23,67.010002,69.760002,67.0,69.230003,63.058872,3492200,PCAR
391,2019-07-24,69.360001,72.410004,69.360001,72.139999,65.709465,2505900,PCAR
392,2019-07-25,72.43,72.43,70.970001,71.669998,65.281357,1710800,PCAR
393,2019-07-26,71.629997,72.040001,70.900002,71.669998,65.281357,1471300,PCAR
394,2019-07-29,71.709999,72.309998,71.360001,71.510002,65.135612,1219000,PCAR
395,2019-07-30,70.540001,71.029999,69.199997,70.970001,64.643761,1241800,PCAR
396,2019-07-31,70.940002,71.360001,69.410004,70.139999,63.887733,2056200,PCAR
397,2019-08-01,70.040001,70.889999,67.790001,68.139999,62.066025,1766500,PCAR
398,2019-08-02,68.080002,68.260002,66.330002,67.220001,61.228039,2206300,PCAR
399,2019-08-05,66.160004,66.550003,63.950001,64.43,58.686726,2733300,PCAR
400,2019-08-06,64.709999,65.860001,64.68,65.529999,59.688683,1841500,PCAR
401,2019-08-07,64.540001,65.480003,64.010002,65.260002,59.442734,1730100,PCAR
402,2019-08-08,65.459999,66.540001,65.459999,66.5,60.572212,1316000,PCAR
403,2019-08-09,66.169998,66.169998,64.690002,65.209999,59.397194,1294600,PCAR
404,2019-08-12,64.690002,65.139999,64.32,64.779999,59.005531,1561900,PCAR
405,2019-08-13,64.269997,67.449997,64.07,66.339996,60.726448,1837900,PCAR
406,2019-08-14,65.150002,65.419998,63.220001,63.34,57.980305,1848000,PCAR
407,2019-08-15,63.509998,64.029999,63.09,63.700001,58.309845,1221500,PCAR
408,2019-08-16,64.260002,64.889999,63.91,64.480003,59.023842,1477600,PCAR
409,2019-08-19,65.690002,65.970001,64.639999,64.879997,59.389977,1184800,PCAR
410,2019-08-20,64.809998,65.080002,64.169998,64.379997,58.932293,1777100,PCAR
411,2019-08-21,65.040001,65.459999,64.709999,65.040001,59.536449,1098500,PCAR
412,2019-08-22,65.230003,65.879997,64.190002,64.440002,58.987221,1247200,PCAR
413,2019-08-23,64.089996,64.389999,62.130001,62.529999,57.238842,1747500,PCAR
414,2019-08-26,63.32,63.549999,62.41,63.189999,57.842995,1279100,PCAR
415,2019-08-27,63.689999,64.18,63.23,63.43,58.062679,1311000,PCAR
416,2019-08-28,63.150002,64.279999,62.57,63.889999,58.483761,2414000,PCAR
417,2019-08-29,64.75,65.489998,64.379997,65.379997,59.847675,2216000,PCAR
418,2019-08-30,65.809998,66.330002,65.260002,65.559998,60.012459,1750600,PCAR
419,2019-09-03,65.080002,65.449997,63.540001,64.239998,58.804142,2178600,PCAR
420,2019-09-04,64.940002,65.730003,64.720001,65.459999,59.920906,1878600,PCAR
421,2019-09-05,66.309998,68.599998,66.309998,68.199997,62.429047,2514900,PCAR
422,2019-09-06,68.669998,69.129997,68.139999,68.339996,62.557213,1599800,PCAR
423,2019-09-09,68.699997,70.669998,68.43,70.470001,64.506958,2030100,PCAR
424,2019-09-10,70.43,72.029999,70.209999,71.910004,65.825134,2171200,PCAR
425,2019-09-11,71.57,72.43,70.510002,72.32,66.200432,2093200,PCAR
426,2019-09-12,72.0,72.0,70.699997,71.190002,65.166054,1889400,PCAR
427,2019-09-13,71.800003,72.059998,70.379997,71.529999,65.477272,1122500,PCAR
428,2019-09-16,71.029999,71.400002,70.75,70.949997,64.946358,1010500,PCAR
429,2019-09-17,70.910004,71.040001,69.889999,70.889999,64.891441,1452800,PCAR
430,2019-09-18,70.720001,70.860001,69.980003,70.75,64.76329,1077500,PCAR
431,2019-09-19,71.940002,71.940002,70.290001,70.349998,64.397125,1192200,PCAR
432,2019-09-20,70.25,71.349998,70.110001,70.32,64.369675,2261800,PCAR
433,2019-09-23,69.75,70.970001,69.059998,70.379997,64.424591,1289000,PCAR
434,2019-09-24,70.419998,70.699997,67.809998,68.190002,62.419907,2866300,PCAR
435,2019-09-25,68.190002,68.660004,67.339996,68.410004,62.621296,3289000,PCAR
436,2019-09-26,67.779999,68.800003,67.779999,68.760002,62.941673,1383900,PCAR
437,2019-09-27,68.849998,69.470001,68.290001,69.010002,63.170517,1304100,PCAR
438,2019-09-30,69.440002,70.220001,69.019997,70.010002,64.085892,1500900,PCAR
439,2019-10-01,70.139999,70.879997,67.160004,67.540001,61.824909,1975600,PCAR
440,2019-10-02,67.18,67.209999,65.589996,66.220001,60.616604,1792300,PCAR
441,2019-10-03,66.190002,67.0,65.169998,66.989998,61.321426,1473900,PCAR
442,2019-10-04,66.940002,67.940002,66.839996,67.839996,62.099514,1096300,PCAR
443,2019-10-07,67.510002,68.669998,67.050003,67.730003,61.998833,1479900,PCAR
444,2019-10-08,66.82,67.389999,66.309998,66.559998,60.927841,1479100,PCAR
445,2019-10-09,67.279999,67.290001,66.18,66.889999,61.229912,1279200,PCAR
446,2019-10-10,67.470001,68.089996,66.989998,67.32,61.623516,1092200,PCAR
447,2019-10-11,68.510002,69.870003,68.510002,69.099998,63.252914,2574100,PCAR
448,2019-10-14,68.660004,69.589996,68.279999,69.480003,63.600754,1505000,PCAR
449,2019-10-15,69.089996,70.709999,68.790001,70.349998,64.397125,1421300,PCAR
450,2019-10-16,70.129997,70.860001,69.839996,70.07,64.140823,1630800,PCAR
451,2019-10-17,70.5,70.900002,70.07,70.779999,64.790741,1698800,PCAR
452,2019-10-18,70.870003,72.419998,70.300003,72.040001,65.944122,2584600,PCAR
453,2019-10-21,72.540001,74.449997,72.489998,73.0,66.822884,3501500,PCAR
454,2019-10-22,74.050003,76.389999,73.0,76.370003,69.90773,4237700,PCAR
455,2019-10-23,75.360001,76.0,74.300003,75.110001,68.754356,2936800,PCAR
456,2019-10-24,75.379997,75.620003,74.160004,75.300003,68.928261,1829700,PCAR
457,2019-10-25,75.279999,77.18,75.139999,76.900002,70.392876,1918500,PCAR
458,2019-10-28,76.989998,77.800003,76.93,77.510002,70.951271,1490900,PCAR
459,2019-10-29,77.019997,77.660004,76.410004,77.32,70.777328,1718400,PCAR
460,2019-10-30,76.25,76.809998,75.849998,76.470001,69.999275,1792900,PCAR
461,2019-10-31,76.129997,76.470001,74.769997,76.059998,69.623955,2332200,PCAR
462,2019-11-01,76.43,78.07,76.059998,78.050003,71.445572,2201700,PCAR
463,2019-11-04,78.389999,79.419998,78.110001,79.300003,72.589806,1847900,PCAR
464,2019-11-05,79.360001,80.360001,78.589996,79.669998,72.92849,1942800,PCAR
465,2019-11-06,79.449997,79.790001,78.529999,79.68,72.93766,1294900,PCAR
466,2019-11-07,80.0,80.57,79.57,79.870003,73.111572,1860400,PCAR
467,2019-11-08,79.349998,80.110001,79.120003,80.07,73.589485,1099900,PCAR
468,2019-11-11,79.580002,80.150002,79.43,79.919998,73.451622,842600,PCAR
469,2019-11-12,79.910004,79.980003,79.279999,79.43,73.001274,1201700,PCAR
470,2019-11-13,79.129997,79.290001,78.239998,79.139999,72.734749,1311900,PCAR
471,2019-11-14,80.279999,80.279999,79.25,79.529999,73.093185,1177400,PCAR
472,2019-11-15,80.25,80.480003,79.690002,80.220001,73.727348,1294500,PCAR
473,2019-11-18,79.540001,80.169998,79.199997,80.029999,73.552719,1121900,PCAR
474,2019-11-19,79.93,80.300003,79.010002,79.43,73.001274,1090800,PCAR
475,2019-11-20,79.0,79.459999,78.379997,78.849998,72.468224,1036200,PCAR
476,2019-11-21,79.269997,80.0,78.980003,79.790001,73.33213,1562800,PCAR
477,2019-11-22,79.980003,80.5,79.739998,80.440002,73.929535,1025000,PCAR
478,2019-11-25,80.690002,81.68,80.18,81.519997,74.922119,1382000,PCAR
479,2019-11-26,81.639999,81.830002,80.93,81.779999,75.161087,1451900,PCAR
480,2019-11-27,81.669998,82.25,81.0,82.160004,75.510323,1113700,PCAR
481,2019-11-29,81.599998,82.010002,81.279999,81.370003,74.784256,843800,PCAR
482,2019-12-02,81.75,81.989998,80.650002,80.699997,74.168495,1464300,PCAR
483,2019-12-03,79.610001,80.220001,78.879997,80.089996,73.607857,1659300,PCAR
484,2019-12-04,80.330002,80.989998,79.839996,79.839996,73.378105,1343900,PCAR
485,2019-12-05,80.029999,80.269997,79.550003,80.110001,73.626236,1583300,PCAR
486,2019-12-06,81.07,81.550003,80.980003,81.120003,74.554497,909800,PCAR
487,2019-12-09,81.080002,81.190002,80.589996,81.07,74.508553,923100,PCAR
488,2019-12-10,81.080002,81.360001,80.529999,81.199997,74.628029,1411700,PCAR
489,2019-12-11,81.5,81.82,81.029999,81.400002,74.811836,1148300,PCAR
490,2019-12-12,81.419998,83.18,81.190002,82.949997,76.236382,1646200,PCAR
491,2019-12-13,82.639999,83.269997,81.559998,82.010002,75.372459,1446300,PCAR
492,2019-12-16,82.75,83.410004,82.599998,82.82,76.116905,1911500,PCAR
493,2019-12-17,82.739998,83.110001,82.059998,82.150002,75.501122,2304300,PCAR
494,2019-12-18,82.18,82.75,81.860001,82.620003,75.93309,1784400,PCAR
495,2019-12-19,80.650002,80.870003,79.400002,79.690002,75.337517,1707900,PCAR
496,2019-12-20,80.230003,80.260002,79.190002,80.169998,75.79129,5134500,PCAR
497,2019-12-23,79.959999,80.449997,79.379997,79.550003,75.205147,1151700,PCAR
498,2019-12-24,79.589996,79.599998,79.089996,79.489998,75.148438,330300,PCAR
499,2019-12-26,79.610001,79.669998,78.889999,79.510002,75.167343,513200,PCAR
500,2019-12-27,79.75,79.839996,79.199997,79.410004,75.0728,692400,PCAR
501,2019-12-30,79.32,79.459999,78.599998,78.970001,74.656822,784900,PCAR
502,2019-12-31,79.099998,79.529999,78.709999,79.099998,74.779724,1046000,PCAR
503,2020-01-02,79.190002,79.660004,78.629997,79.510002,75.167343,1731400,PCAR
504,2020-01-03,78.309998,78.830002,77.669998,78.730003,74.429947,1604700,PCAR
505,2020-01-06,78.269997,78.519997,77.419998,78.440002,74.155785,1798800,PCAR
506,2020-01-07,77.809998,78.110001,77.279999,77.919998,73.664177,1740800,PCAR
507,2020-01-08,78.239998,79.209999,77.25,78.959999,74.647369,1832900,PCAR
508,2020-01-09,78.839996,79.160004,77.580002,78.449997,74.165222,1832400,PCAR
509,2020-01-10,78.57,78.739998,77.720001,77.809998,73.560181,1205600,PCAR
510,2020-01-13,77.919998,78.120003,77.400002,78.059998,73.796524,1083200,PCAR
511,2020-01-14,78.709999,78.980003,78.050003,78.199997,73.928879,1439400,PCAR
512,2020-01-15,77.889999,78.040001,77.25,77.459999,73.229301,1463900,PCAR
513,2020-01-16,77.910004,78.57,77.440002,78.559998,74.269218,1330300,PCAR
514,2020-01-17,78.790001,79.239998,78.230003,78.519997,74.231384,1721500,PCAR
515,2020-01-21,78.480003,78.480003,77.260002,77.540001,73.304916,1527900,PCAR
516,2020-01-22,77.870003,77.900002,76.830002,76.940002,72.737709,991200,PCAR
517,2020-01-23,76.720001,77.769997,75.690002,77.599998,73.361641,1201700,PCAR
518,2020-01-24,77.230003,77.260002,76.230003,76.790001,72.595886,1540700,PCAR
519,2020-01-27,75.32,75.860001,74.849998,75.169998,71.064377,2368300,PCAR
520,2020-01-28,76.339996,77.540001,74.970001,76.769997,72.576981,3210700,PCAR
521,2020-01-29,77.230003,78.080002,75.970001,76.110001,71.953033,2386300,PCAR
522,2020-01-30,75.510002,76.150002,74.980003,76.059998,71.905769,2065000,PCAR
523,2020-01-31,75.470001,75.510002,73.860001,74.209999,70.156799,3312400,PCAR
524,2020-02-03,74.879997,75.5,74.129997,74.339996,70.279701,2567400,PCAR
525,2020-02-04,75.620003,76.32,75.339996,76.18,72.019218,2474700,PCAR
526,2020-02-05,77.239998,78.169998,76.970001,77.989998,73.730347,1988100,PCAR
527,2020-02-06,78.220001,78.5,77.260002,77.589996,73.352188,1682600,PCAR
528,2020-02-07,77.099998,77.18,75.269997,75.410004,71.29126,2085000,PCAR
529,2020-02-10,74.790001,75.419998,74.650002,75.309998,71.50013,1598600,PCAR
530,2020-02-11,75.739998,75.900002,75.129997,75.660004,71.832443,1936000,PCAR
531,2020-02-12,76.0,76.940002,76.0,76.559998,72.686905,1861200,PCAR
532,2020-02-13,76.010002,76.290001,74.75,74.830002,71.044426,1985100,PCAR
533,2020-02-14,74.699997,74.870003,74.089996,74.739998,70.958961,2958500,PCAR
534,2020-02-18,74.57,75.059998,73.889999,74.300003,70.541237,1431400,PCAR
535,2020-02-19,74.370003,74.610001,73.629997,74.230003,70.474777,1129700,PCAR
536,2020-02-20,74.169998,75.650002,74.050003,75.540001,71.718491,1710500,PCAR
537,2020-02-21,75.0,75.519997,74.559998,75.360001,71.547607,1938900,PCAR
538,2020-02-24,73.089996,73.720001,72.360001,72.730003,69.050667,1712200,PCAR
539,2020-02-25,73.099998,73.25,69.75,69.989998,66.449257,2719300,PCAR
540,2020-02-26,70.93,71.290001,69.129997,69.419998,65.908096,2161600,PCAR
541,2020-02-27,68.400002,69.940002,67.129997,67.769997,64.341576,3333200,PCAR
542,2020-02-28,65.580002,67.510002,65.150002,66.900002,63.515591,4192700,PCAR
543,2020-03-02,67.32,69.690002,66.260002,69.68,66.154968,2582700,PCAR
544,2020-03-03,69.120003,71.080002,67.239998,67.550003,64.132713,2652300,PCAR
545,2020-03-04,68.480003,69.519997,67.75,69.449997,65.936584,1690000,PCAR
546,2020-03-05,67.269997,67.410004,65.010002,65.360001,62.053501,2276200,PCAR
547,2020-03-06,62.360001,64.980003,62.16,64.559998,61.293972,2703500,PCAR
548,2020-03-09,60.48,61.950001,59.700001,60.91,57.828625,3460900,PCAR
549,2020-03-10,62.950001,64.660004,60.970001,64.650002,61.379421,2522500,PCAR
550,2020-03-11,62.439999,63.91,61.169998,62.490002,59.32869,2515700,PCAR
551,2020-03-12,57.27,62.82,57.27,59.209999,56.214626,4561800,PCAR
552,2020-03-13,61.669998,65.169998,59.400002,65.129997,61.835129,3727600,PCAR
553,2020-03-16,58.009998,63.959999,58.0,60.169998,57.126053,3507500,PCAR
554,2020-03-17,60.439999,61.57,58.549999,59.669998,56.651348,3574800,PCAR
555,2020-03-18,57.25,58.389999,53.689999,55.75,52.929661,3328800,PCAR
556,2020-03-19,55.220001,58.279999,52.630001,56.029999,53.195499,2982800,PCAR
557,2020-03-20,55.459999,56.380001,52.040001,52.299999,49.65419,3510700,PCAR
558,2020-03-23,52.779999,53.82,49.110001,49.91,47.385098,3334000,PCAR
559,2020-03-24,52.240002,57.139999,51.869999,57.0,54.116425,3325400,PCAR
560,2020-03-25,56.560001,60.900002,55.93,58.98,55.996254,3117300,PCAR
561,2020-03-26,59.110001,60.98,57.68,60.450001,57.391891,2753800,PCAR
562,2020-03-27,58.259998,60.919998,57.75,59.490002,56.480461,1795800,PCAR
563,2020-03-30,58.66,62.5,58.450001,62.27,59.11982,2222900,PCAR
564,2020-03-31,60.59,62.16,60.02,61.130001,58.037491,2264500,PCAR
565,2020-04-01,59.23,60.529999,58.209999,60.119999,57.078583,3168500,PCAR
566,2020-04-02,60.259998,62.07,59.32,60.869999,57.790646,2446600,PCAR
567,2020-04-03,61.02,62.049999,60.48,61.610001,58.49321,2355600,PCAR
568,2020-04-06,64.459999,65.239998,62.700001,64.940002,61.654747,2626200,PCAR
569,2020-04-07,66.209999,67.669998,65.129997,65.529999,62.214897,2137300,PCAR
570,2020-04-08,65.760002,66.910004,64.970001,66.459999,63.097847,2275700,PCAR
571,2020-04-09,67.019997,68.150002,65.879997,67.269997,63.866863,1989800,PCAR
572,2020-04-13,66.82,66.889999,65.300003,65.93,62.594662,2236500,PCAR
573,2020-04-14,67.099998,67.5,65.800003,66.809998,63.430153,2137000,PCAR
574,2020-04-15,65.699997,65.699997,64.699997,65.379997,62.072487,2735700,PCAR
575,2020-04-16,65.279999,67.550003,64.379997,66.190002,62.841518,2482600,PCAR
576,2020-04-17,67.75,68.970001,66.809998,67.650002,64.227646,3657600,PCAR
577,2020-04-20,66.949997,68.5,65.709999,67.199997,63.800411,2384400,PCAR
578,2020-04-21,68.610001,68.989998,64.860001,65.720001,62.395283,2990400,PCAR
579,2020-04-22,66.870003,67.18,65.129997,66.139999,62.794048,1934800,PCAR
580,2020-04-23,66.080002,67.5,65.900002,65.910004,62.575672,1843700,PCAR
581,2020-04-24,66.650002,67.699997,66.0,67.480003,64.066246,1541300,PCAR
582,2020-04-27,67.699997,69.160004,67.470001,68.809998,65.328964,2443800,PCAR
583,2020-04-28,70.279999,70.970001,69.080002,69.160004,65.661278,2445300,PCAR
584,2020-04-29,70.349998,70.440002,68.949997,69.589996,66.069496,2099900,PCAR
585,2020-04-30,68.900002,69.480003,68.150002,69.230003,65.72773,1962700,PCAR
586,2020-05-01,68.099998,68.720001,67.150002,68.290001,64.835266,2091600,PCAR
587,2020-05-04,68.0,68.459999,67.040001,68.370003,64.911232,1731200,PCAR
588,2020-05-05,68.540001,69.309998,68.040001,68.059998,64.616898,1560300,PCAR
589,2020-05-06,68.709999,68.949997,68.0,68.300003,64.844772,1656700,PCAR
590,2020-05-07,68.959999,69.279999,68.25,68.610001,65.139091,1464600,PCAR
591,2020-05-08,69.230003,69.790001,68.779999,69.620003,66.097992,1587700,PCAR
592,2020-05-11,69.199997,69.339996,68.379997,68.830002,65.649719,1384900,PCAR
593,2020-05-12,67.360001,68.839996,66.82,66.839996,63.751652,2281600,PCAR
594,2020-05-13,66.379997,67.120003,65.669998,66.0,62.950462,3917600,PCAR
595,2020-05-14,64.849998,66.769997,64.25,66.610001,63.532288,2214000,PCAR
596,2020-05-15,66.349998,67.599998,65.959999,66.830002,63.742115,3713000,PCAR
597,2020-05-18,69.260002,70.139999,68.639999,69.970001,66.73703,2249200,PCAR
598,2020-05-19,69.720001,70.239998,68.489998,68.550003,65.382645,1753200,PCAR
599,2020-05-20,68.699997,69.790001,68.620003,69.029999,65.840462,1960300,PCAR
600,2020-05-21,69.019997,69.209999,68.029999,68.190002,65.039276,1273900,PCAR
601,2020-05-22,67.889999,68.519997,67.510002,68.419998,65.258636,1411600,PCAR
602,2020-05-26,69.93,72.75,69.519997,72.540001,69.188271,2334400,PCAR
603,2020-05-27,74.07,75.110001,73.160004,75.059998,71.59185,1846200,PCAR
604,2020-05-28,75.160004,75.519997,73.43,74.010002,70.590363,1951700,PCAR
605,2020-05-29,73.709999,74.32,72.709999,73.860001,70.447289,2401300,PCAR
606,2020-06-01,74.050003,74.489998,72.959999,73.120003,69.741486,1195500,PCAR
607,2020-06-02,72.769997,73.510002,72.760002,73.43,70.03717,1761500,PCAR
608,2020-06-03,73.830002,74.949997,73.800003,74.629997,71.181717,1473300,PCAR
609,2020-06-04,74.269997,75.720001,73.93,75.690002,72.192741,1315500,PCAR
610,2020-06-05,77.050003,78.599998,76.470001,77.949997,74.34832,2516300,PCAR
611,2020-06-08,77.779999,79.349998,77.510002,78.830002,75.187653,1780800,PCAR
612,2020-06-09,77.919998,79.480003,77.489998,78.949997,75.302109,1408900,PCAR
613,2020-06-10,78.529999,78.650002,76.790001,76.800003,73.251457,1967100,PCAR
614,2020-06-11,75.389999,75.389999,72.519997,72.580002,69.22644,2072500,PCAR
615,2020-06-12,74.589996,74.610001,71.349998,73.169998,69.789177,1750400,PCAR
616,2020-06-15,71.370003,73.900002,70.889999,73.720001,70.313766,1346500,PCAR
617,2020-06-16,75.940002,76.489998,73.730003,74.510002,71.067261,1748200,PCAR
618,2020-06-17,74.93,75.190002,73.970001,74.300003,70.866966,1006500,PCAR
619,2020-06-18,74.629997,75.150002,73.910004,74.470001,71.029099,841700,PCAR
620,2020-06-19,75.389999,75.690002,73.879997,74.959999,71.496468,2694200,PCAR
621,2020-06-22,74.300003,75.010002,73.480003,74.720001,71.267555,962300,PCAR
622,2020-06-23,75.489998,75.809998,74.589996,74.769997,71.315239,1211300,PCAR
623,2020-06-24,73.93,73.93,72.190002,72.519997,69.169205,1242700,PCAR
624,2020-06-25,72.169998,73.349998,71.610001,73.25,69.865486,1308200,PCAR
625,2020-06-26,72.809998,73.349998,72.110001,72.440002,69.092911,2192300,PCAR
626,2020-06-29,73.5,74.480003,72.010002,73.68,70.275612,1371200,PCAR
627,2020-06-30,73.040001,75.239998,72.790001,74.849998,71.391548,2016400,PCAR
628,2020-07-01,75.559998,75.629997,74.0,74.25,70.819275,1359900,PCAR
629,2020-07-02,75.389999,77.099998,74.75,75.68,72.183197,1483000,PCAR
630,2020-07-06,76.989998,77.410004,76.349998,77.160004,73.594826,1985900,PCAR
631,2020-07-07,76.480003,77.029999,75.599998,75.769997,72.269035,1316300,PCAR
632,2020-07-08,75.769997,76.449997,74.980003,75.459999,71.973358,1186700,PCAR
633,2020-07-09,75.120003,75.68,74.169998,74.43,70.990959,1389300,PCAR
634,2020-07-10,74.360001,75.5,74.290001,75.239998,71.763527,1406200,PCAR
635,2020-07-13,75.410004,76.660004,74.529999,75.639999,72.14505,1915100,PCAR
636,2020-07-14,75.290001,77.18,74.839996,77.050003,73.489914,2137900,PCAR
637,2020-07-15,78.050003,79.0,77.279999,78.720001,75.082741,1817100,PCAR
638,2020-07-16,78.150002,79.559998,78.029999,79.449997,75.778999,1770800,PCAR
639,2020-07-17,79.730003,79.980003,78.989998,79.43,75.759926,3638200,PCAR
640,2020-07-20,79.0,79.800003,78.510002,79.68,75.998383,2290200,PCAR
641,2020-07-21,79.120003,83.919998,78.910004,83.660004,79.794487,3690200,PCAR
642,2020-07-22,83.830002,86.400002,83.669998,85.25,81.311012,2862100,PCAR
643,2020-07-23,85.330002,86.489998,85.0,86.059998,82.083595,2635300,PCAR
644,2020-07-24,86.5,87.239998,85.120003,85.739998,81.778381,2678700,PCAR
645,2020-07-27,85.739998,86.889999,85.269997,85.919998,81.95005,1586800,PCAR
646,2020-07-28,85.970001,86.629997,85.010002,85.449997,81.501778,1997100,PCAR
647,2020-07-29,85.059998,86.199997,85.010002,85.989998,82.01683,1643800,PCAR
648,2020-07-30,85.129997,85.129997,84.029999,84.610001,80.700584,1238300,PCAR
649,2020-07-31,84.230003,85.089996,83.699997,85.080002,81.14888,1587200,PCAR
650,2020-08-03,84.970001,86.18,84.75,85.610001,81.654381,1309100,PCAR
651,2020-08-04,84.709999,85.300003,84.5,84.910004,80.986725,1415300,PCAR
652,2020-08-05,85.599998,86.970001,85.0,86.900002,82.884773,1467900,PCAR
653,2020-08-06,86.529999,87.389999,86.529999,87.360001,83.323524,1434900,PCAR
654,2020-08-07,87.059998,88.629997,86.809998,88.599998,84.506226,1361700,PCAR
655,2020-08-10,88.580002,90.639999,87.360001,89.849998,86.009117,2262900,PCAR
656,2020-08-11,90.480003,91.300003,89.809998,90.389999,86.526039,1522800,PCAR
657,2020-08-12,90.610001,90.989998,89.870003,90.330002,86.468597,1575700,PCAR
658,2020-08-13,90.019997,90.019997,88.25,88.5,84.716827,1550100,PCAR
659,2020-08-14,88.5,89.459999,88.010002,88.949997,85.147591,1365600,PCAR
660,2020-08-17,89.25,89.529999,88.370003,88.610001,84.822136,1856700,PCAR
661,2020-08-18,88.959999,89.480003,88.379997,88.559998,84.774261,986500,PCAR
662,2020-08-19,88.459999,89.050003,87.760002,88.110001,84.343506,1402100,PCAR
663,2020-08-20,87.669998,88.349998,86.889999,87.18,83.453255,984400,PCAR
664,2020-08-21,87.040001,87.440002,86.459999,87.019997,83.300095,1300400,PCAR
665,2020-08-24,87.25,87.910004,86.699997,86.900002,83.185226,1695600,PCAR
666,2020-08-25,87.459999,87.839996,86.169998,86.410004,82.716156,1324600,PCAR
667,2020-08-26,86.07,87.239998,85.419998,86.870003,83.156517,1103100,PCAR
668,2020-08-27,87.440002,87.550003,85.970001,86.330002,82.639595,1105700,PCAR
669,2020-08-28,86.089996,86.5,85.519997,86.489998,82.792755,1149900,PCAR
670,2020-08-31,85.970001,86.669998,85.690002,85.839996,82.170532,1435600,PCAR
671,2020-09-01,85.980003,87.129997,85.010002,87.050003,83.328804,1730400,PCAR
672,2020-09-02,87.040001,88.199997,87.040001,87.879997,84.123329,1534700,PCAR
673,2020-09-03,88.860001,89.029999,84.790001,85.449997,81.797203,1610600,PCAR
674,2020-09-04,86.389999,86.769997,85.010002,85.620003,81.959953,1490400,PCAR
675,2020-09-08,84.82,85.239998,83.360001,83.489998,79.920998,1752500,PCAR
676,2020-09-09,83.879997,85.510002,83.550003,84.959999,81.328163,2129300,PCAR
677,2020-09-10,84.540001,85.629997,82.360001,82.839996,79.298767,1415800,PCAR
678,2020-09-11,83.050003,84.230003,82.900002,83.889999,80.303886,2842900,PCAR
679,2020-09-14,84.639999,86.589996,84.199997,86.360001,82.668312,1551500,PCAR
680,2020-09-15,86.389999,86.980003,85.660004,85.769997,82.103523,1743000,PCAR
681,2020-09-16,86.769997,87.290001,85.849998,86.419998,82.725746,1328800,PCAR
682,2020-09-17,85.040001,86.900002,84.230003,85.860001,82.189674,1621700,PCAR
683,2020-09-18,85.940002,86.239998,83.980003,84.239998,80.638939,2237100,PCAR
684,2020-09-21,83.410004,83.580002,80.360001,81.860001,78.360664,1665800,PCAR
685,2020-09-22,81.480003,83.169998,80.970001,82.339996,78.820152,1342500,PCAR
686,2020-09-23,82.580002,83.550003,81.169998,81.610001,78.121353,1465700,PCAR
687,2020-09-24,81.25,83.199997,80.410004,82.160004,78.64785,1093800,PCAR
688,2020-09-25,82.540001,84.099998,81.809998,83.529999,79.959274,1192900,PCAR
689,2020-09-28,84.669998,86.650002,84.669998,86.550003,82.850189,1588300,PCAR
690,2020-09-29,86.260002,87.199997,85.779999,86.150002,82.467285,1120000,PCAR
691,2020-09-30,86.529999,87.699997,84.68,85.279999,81.634476,1984600,PCAR
692,2020-10-01,86.010002,86.220001,83.559998,84.489998,80.878242,1136000,PCAR
693,2020-10-02,83.550003,85.839996,82.849998,84.989998,81.356865,1038900,PCAR
694,2020-10-05,85.93,88.43,85.68,88.089996,84.324348,1195900,PCAR
695,2020-10-06,88.080002,89.849998,87.449997,87.68,83.93187,1253200,PCAR
696,2020-10-07,88.769997,90.0,88.370003,89.889999,86.047409,1060100,PCAR
697,2020-10-08,89.610001,89.959999,88.0,89.940002,86.095268,779500,PCAR
698,2020-10-09,90.0,90.959999,88.830002,89.220001,85.406052,1837600,PCAR
699,2020-10-12,90.220001,90.269997,89.129997,89.779999,85.942101,1746300,PCAR
700,2020-10-13,88.940002,89.900002,87.599998,88.540001,84.755112,1667100,PCAR
701,2020-10-14,88.260002,90.0,88.260002,88.970001,85.166733,1182800,PCAR
702,2020-10-15,87.980003,89.239998,87.860001,89.160004,85.348618,928000,PCAR
703,2020-10-16,89.610001,91.330002,87.949997,89.940002,86.095268,1918200,PCAR
704,2020-10-19,89.970001,91.599998,89.970001,91.059998,87.167397,2596200,PCAR
705,2020-10-20,91.379997,92.0,89.0,90.339996,86.478172,3928900,PCAR
706,2020-10-21,90.089996,91.779999,90.019997,90.910004,87.023804,2538600,PCAR
707,2020-10-22,92.019997,92.480003,90.599998,91.690002,87.770454,1730100,PCAR
708,2020-10-23,92.07,92.959999,91.739998,92.639999,88.679848,1556400,PCAR
709,2020-10-26,91.260002,91.419998,89.489998,90.57,86.698341,1896800,PCAR
710,2020-10-27,90.760002,91.389999,88.370003,88.449997,84.668961,1339600,PCAR
711,2020-10-28,86.790001,87.519997,84.889999,84.889999,81.261147,1855100,PCAR
712,2020-10-29,84.650002,86.580002,84.220001,85.669998,82.007805,1261700,PCAR
713,2020-10-30,85.050003,85.879997,84.370003,85.379997,81.730194,1357800,PCAR
714,2020-11-02,86.650002,88.910004,86.379997,88.830002,85.032722,1498700,PCAR
715,2020-11-03,90.089996,92.330002,89.529999,91.779999,87.856621,1640900,PCAR
716,2020-11-04,92.720001,93.300003,88.610001,88.75,84.956146,1521400,PCAR
717,2020-11-05,89.199997,91.309998,88.089996,90.610001,86.736626,1218500,PCAR
718,2020-11-06,91.629997,91.629997,89.669998,90.089996,86.238853,1131200,PCAR
719,2020-11-09,95.0,95.82,90.43,90.599998,87.036209,2453700,PCAR
720,2020-11-10,89.889999,92.610001,89.690002,91.120003,87.535759,2024800,PCAR
721,2020-11-11,91.739998,91.889999,89.620003,90.169998,86.623123,1495100,PCAR
722,2020-11-12,89.75,90.150002,88.419998,88.989998,85.48954,1322800,PCAR
723,2020-11-13,89.830002,90.18,89.029999,89.910004,86.37336,1271100,PCAR
724,2020-11-16,90.599998,91.260002,88.0,89.919998,86.38295,1385900,PCAR
725,2020-11-17,89.389999,89.389999,88.029999,88.82,85.326225,1070500,PCAR
726,2020-11-18,89.440002,90.949997,88.389999,89.839996,86.306099,1033000,PCAR
727,2020-11-19,89.279999,90.230003,88.019997,90.040001,86.498245,1022200,PCAR
728,2020-11-20,88.150002,89.800003,87.760002,88.779999,85.287804,1660300,PCAR
729,2020-11-23,90.730003,90.730003,88.5,89.559998,86.037117,1144200,PCAR
730,2020-11-24,88.830002,90.82,88.830002,90.410004,86.853676,1978100,PCAR
731,2020-11-25,90.589996,90.769997,88.550003,88.82,85.326225,1304700,PCAR
732,2020-11-27,88.849998,89.68,87.57,87.739998,84.288712,590400,PCAR
733,2020-11-30,87.239998,87.900002,86.370003,87.059998,83.635468,2093100,PCAR
734,2020-12-01,87.949997,88.879997,87.260002,87.279999,83.846802,1420000,PCAR
735,2020-12-02,87.0,88.0,86.519997,87.150002,83.721924,1260800,PCAR
736,2020-12-03,87.089996,87.550003,86.080002,86.25,82.857323,2070300,PCAR
737,2020-12-04,86.330002,87.389999,85.699997,86.699997,83.289619,2042700,PCAR
738,2020-12-07,86.410004,86.809998,85.75,86.309998,82.914955,1571900,PCAR
739,2020-12-08,86.160004,86.860001,86.110001,86.410004,83.011032,885200,PCAR
740,2020-12-09,86.410004,87.589996,86.110001,87.379997,83.942863,1717600,PCAR
741,2020-12-10,86.739998,87.139999,85.510002,85.75,82.376984,1035800,PCAR
742,2020-12-11,84.919998,85.93,84.68,85.459999,82.098396,1131800,PCAR
743,2020-12-14,85.669998,86.43,84.379997,84.459999,81.137733,1089400,PCAR
744,2020-12-15,86.160004,87.519997,85.639999,87.290001,83.856415,1727900,PCAR
745,2020-12-16,86.919998,87.580002,86.599998,86.889999,83.472145,1412700,PCAR
746,2020-12-17,86.480003,86.870003,85.160004,85.769997,83.065384,1704300,PCAR
747,2020-12-18,86.269997,86.57,85.0,86.010002,83.297829,3717700,PCAR
748,2020-12-21,84.699997,86.18,84.07,85.849998,83.142868,1190800,PCAR
749,2020-12-22,85.690002,85.699997,84.660004,84.870003,82.193771,917000,PCAR
750,2020-12-23,85.019997,85.5,84.68,85.089996,82.406822,951400,PCAR
751,2020-12-24,85.400002,86.199997,85.0,86.110001,83.394661,373000,PCAR
752,2020-12-28,86.739998,86.980003,85.379997,85.580002,82.881378,586800,PCAR
753,2020-12-29,86.010002,86.400002,84.300003,85.32,82.629585,850900,PCAR
754,2020-12-30,85.580002,86.080002,85.169998,85.870003,83.162239,561600,PCAR
755,2020-12-31,85.550003,86.349998,85.330002,86.279999,83.559303,879800,PCAR
756,2021-01-04,86.610001,87.370003,84.269997,84.720001,82.0485,1684200,PCAR
757,2021-01-05,84.709999,85.68,84.230003,85.449997,82.755478,1151500,PCAR
758,2021-01-06,85.720001,89.93,85.370003,88.809998,86.009529,2035300,PCAR
759,2021-01-07,87.790001,89.830002,87.699997,88.400002,85.612457,1718600,PCAR
760,2021-01-08,88.669998,88.949997,86.599998,87.800003,85.031387,1267500,PCAR
761,2021-01-11,87.519997,88.269997,87.07,88.220001,85.438133,835200,PCAR
762,2021-01-12,88.449997,89.660004,87.669998,89.459999,86.63903,963900,PCAR
763,2021-01-13,89.739998,89.900002,88.129997,88.949997,86.145103,1157600,PCAR
764,2021-01-14,89.0,89.879997,88.739998,89.260002,86.445343,918100,PCAR
765,2021-01-15,88.730003,88.730003,86.379997,88.160004,85.38002,1206800,PCAR
766,2021-01-19,88.169998,89.580002,87.989998,89.209999,86.396912,1293800,PCAR
767,2021-01-20,91.889999,92.949997,89.199997,89.389999,86.571236,2656400,PCAR
768,2021-01-21,92.919998,103.190002,91.879997,98.739998,95.626396,8088100,PCAR
769,2021-01-22,98.050003,100.75,97.32,98.849998,95.732933,3454500,PCAR
770,2021-01-25,101.0,101.790001,97.660004,97.940002,94.851631,3080500,PCAR
771,2021-01-26,95.870003,98.150002,94.089996,97.809998,94.725723,3105000,PCAR
772,2021-01-27,96.650002,98.529999,95.080002,96.400002,93.360191,3190400,PCAR
773,2021-01-28,97.440002,98.900002,93.470001,93.550003,90.600067,2568000,PCAR
774,2021-01-29,92.839996,93.739998,89.690002,91.220001,88.343529,3065500,PCAR
775,2021-02-01,91.800003,92.18,90.550003,91.18,88.304794,1844000,PCAR
776,2021-02-02,92.25,92.32,90.050003,91.889999,88.992401,2048400,PCAR
777,2021-02-03,92.900002,96.110001,92.239998,95.669998,92.653206,3260700,PCAR
778,2021-02-04,97.139999,97.989998,95.800003,97.099998,94.038124,2353400,PCAR
779,2021-02-05,97.599998,98.370003,96.139999,96.580002,93.534515,1729200,PCAR
780,2021-02-08,97.389999,97.389999,95.830002,96.769997,94.030067,1210700,PCAR
781,2021-02-09,97.110001,99.690002,96.040001,99.410004,96.595329,2501200,PCAR
782,2021-02-10,100.309998,101.400002,98.620003,99.599998,96.779945,1520000,PCAR
783,2021-02-11,99.980003,100.230003,96.580002,98.599998,95.808258,1274400,PCAR
784,2021-02-12,98.449997,99.07,96.510002,98.0,95.225243,1302300,PCAR
785,2021-02-16,98.68,98.879997,96.260002,97.129997,94.379875,1569400,PCAR
786,2021-02-17,96.160004,96.639999,94.529999,96.050003,93.33046,1302000,PCAR
787,2021-02-18,95.360001,95.580002,93.419998,94.849998,92.164436,1377900,PCAR
788,2021-02-19,94.980003,96.199997,94.519997,95.190002,92.494812,1489200,PCAR
789,2021-02-22,95.0,95.57,93.690002,94.68,91.999252,1531600,PCAR
790,2021-02-23,94.099998,94.540001,91.349998,93.330002,90.687477,2210600,PCAR
791,2021-02-24,91.580002,94.410004,91.559998,94.279999,91.610565,2003900,PCAR
792,2021-02-25,94.099998,94.790001,92.150002,92.720001,90.094742,1348500,PCAR
793,2021-02-26,92.839996,93.199997,90.839996,90.989998,88.413727,2708900,PCAR
794,2021-03-01,91.839996,94.800003,91.550003,93.720001,91.066429,2027600,PCAR
795,2021-03-02,94.07,94.699997,92.82,94.18,91.513412,2047000,PCAR
796,2021-03-03,93.660004,96.470001,93.300003,95.239998,92.543388,2013000,PCAR
797,2021-03-04,94.900002,96.050003,91.379997,92.400002,89.783813,2251600,PCAR
798,2021-03-05,93.360001,94.360001,90.150002,94.150002,91.484253,1977200,PCAR
799,2021-03-08,93.25,94.809998,92.410004,93.440002,90.794357,1756100,PCAR
800,2021-03-09,94.480003,96.940002,93.800003,95.230003,92.533684,2919100,PCAR
801,2021-03-10,96.230003,97.599998,95.82,96.589996,93.855164,1775600,PCAR
802,2021-03-11,97.25,98.260002,96.529999,97.75,94.982323,1618400,PCAR
803,2021-03-12,97.699997,97.800003,96.080002,96.949997,94.204971,1494000,PCAR
804,2021-03-15,96.910004,99.480003,96.699997,99.440002,96.624481,1508300,PCAR
805,2021-03-16,99.0,99.410004,95.419998,95.690002,92.980652,1275500,PCAR
806,2021-03-17,95.309998,96.809998,94.720001,96.169998,93.447052,1155200,PCAR
807,2021-03-18,95.589996,97.239998,94.769997,95.120003,92.426796,1867300,PCAR
808,2021-03-19,95.529999,95.919998,93.639999,95.059998,92.368492,3139100,PCAR
809,2021-03-22,94.540001,95.720001,93.440002,93.580002,90.930397,1621200,PCAR
810,2021-03-23,91.989998,93.120003,90.779999,91.169998,88.588631,1786500,PCAR
811,2021-03-24,91.089996,92.459999,90.650002,90.690002,88.122223,1435700,PCAR
812,2021-03-25,91.019997,92.75,89.610001,92.269997,89.657486,2122600,PCAR
813,2021-03-26,92.25,93.779999,91.970001,93.68,91.027565,1534300,PCAR
814,2021-03-29,93.699997,94.339996,92.300003,93.190002,90.551445,1668400,PCAR
815,2021-03-30,92.849998,93.68,92.580002,93.32,90.677757,1210600,PCAR
816,2021-03-31,94.050003,94.349998,92.480003,92.919998,90.289078,2380200,PCAR
817,2021-04-01,92.830002,93.599998,91.349998,92.029999,89.424286,1622200,PCAR
818,2021-04-05,92.949997,94.209999,92.620003,93.959999,91.299629,1709700,PCAR
819,2021-04-06,92.339996,93.940002,92.040001,92.849998,90.221062,1745300,PCAR
820,2021-04-07,92.639999,93.220001,92.370003,92.470001,89.851822,1074100,PCAR
821,2021-04-08,92.589996,92.949997,91.639999,92.839996,90.211349,1012000,PCAR
822,2021-04-09,92.860001,93.57,92.459999,93.360001,90.716629,1221900,PCAR
823,2021-04-12,93.080002,95.360001,93.080002,95.290001,92.59198,1303800,PCAR
824,2021-04-13,95.029999,95.300003,93.889999,94.720001,92.038116,2178100,PCAR
825,2021-04-14,95.43,95.68,93.449997,93.620003,90.969261,1383400,PCAR
826,2021-04-15,94.269997,95.089996,93.529999,95.029999,92.33934,1470500,PCAR
827,2021-04-16,95.040001,95.82,93.970001,94.919998,92.232452,1249700,PCAR
828,2021-04-19,94.57,94.75,92.739998,93.349998,90.706902,1561500,PCAR
829,2021-04-20,93.160004,93.730003,91.709999,92.099998,89.492302,2275200,PCAR
830,2021-04-21,92.279999,93.690002,91.010002,93.629997,90.978973,2175500,PCAR
831,2021-04-22,93.529999,93.730003,91.830002,92.209999,89.599182,1815600,PCAR
832,2021-04-23,93.849998,93.849998,92.360001,93.349998,90.706902,1727400,PCAR
833,2021-04-26,93.459999,93.830002,92.830002,93.339996,90.697189,1753600,PCAR
834,2021-04-27,92.68,93.410004,90.300003,91.279999,88.695518,3058900,PCAR
835,2021-04-28,92.550003,92.720001,90.050003,90.68,88.112503,3261900,PCAR
836,2021-04-29,91.150002,91.940002,90.43,91.900002,89.297966,2515200,PCAR
837,2021-04-30,91.07,91.470001,89.730003,89.879997,87.335152,2735400,PCAR
838,2021-05-03,90.800003,91.150002,90.43,90.790001,88.219383,1337600,PCAR
839,2021-05-04,90.580002,90.919998,89.059998,90.059998,87.510063,2417900,PCAR
840,2021-05-05,90.099998,91.589996,89.139999,91.230003,88.646935,3232900,PCAR
841,2021-05-06,91.769997,93.809998,91.559998,93.730003,91.076149,1950000,PCAR
842,2021-05-07,93.449997,94.660004,92.610001,94.5,91.824341,1985100,PCAR
843,2021-05-10,94.989998,96.709999,94.57,95.730003,93.019524,2356000,PCAR
844,2021-05-11,95.07,95.690002,94.18,94.760002,92.405174,2020700,PCAR
845,2021-05-12,94.129997,94.879997,91.68,91.849998,89.56749,1457200,PCAR
846,2021-05-13,91.5,95.089996,91.139999,94.230003,91.888351,2446800,PCAR
847,2021-05-14,94.839996,94.860001,93.669998,94.660004,92.307663,1158900,PCAR
848,2021-05-17,94.650002,95.0,93.459999,93.800003,91.46904,1021400,PCAR
849,2021-05-18,93.989998,93.989998,90.949997,91.040001,88.777626,1578200,PCAR
850,2021-05-19,89.949997,91.309998,88.68,91.269997,89.001907,1969000,PCAR
851,2021-05-20,91.269997,91.339996,90.510002,90.809998,88.553337,1293300,PCAR
852,2021-05-21,91.349998,92.290001,91.059998,92.029999,89.743019,2430900,PCAR
853,2021-05-24,92.730003,92.730003,91.790001,91.839996,89.557739,900600,PCAR
854,2021-05-25,91.849998,92.480003,90.379997,90.550003,88.299805,813900,PCAR
855,2021-05-26,90.540001,90.900002,90.129997,90.790001,88.533829,1161800,PCAR
856,2021-05-27,91.709999,91.980003,90.779999,91.370003,89.099419,1752900,PCAR
857,2021-05-28,91.699997,91.730003,90.809998,91.559998,89.284698,1172700,PCAR
858,2021-06-01,92.330002,93.07,92.080002,92.459999,90.162331,1096300,PCAR
859,2021-06-02,93.050003,93.050003,91.940002,92.290001,89.996559,1282900,PCAR
860,2021-06-03,91.589996,93.800003,91.580002,93.019997,90.708412,1598600,PCAR
861,2021-06-04,93.239998,95.360001,93.050003,94.93,92.570953,1728200,PCAR
862,2021-06-07,95.25,95.290001,92.949997,93.370003,91.049721,1302400,PCAR
863,2021-06-08,93.559998,93.75,92.709999,93.480003,91.156982,1178900,PCAR
864,2021-06-09,93.889999,93.889999,92.580002,92.589996,90.289101,823100,PCAR
865,2021-06-10,93.260002,93.389999,91.589996,91.709999,89.430962,1322900,PCAR
866,2021-06-11,92.230003,92.540001,91.5,92.370003,90.07457,1292300,PCAR
867,2021-06-14,92.160004,92.279999,90.540001,91.07,88.806877,1603800,PCAR
868,2021-06-15,92.010002,92.360001,91.029999,92.330002,90.035568,1284900,PCAR
869,2021-06-16,92.160004,92.230003,90.959999,91.360001,89.089668,1371800,PCAR
870,2021-06-17,91.150002,91.669998,88.709999,89.580002,87.353905,1859700,PCAR
871,2021-06-18,88.480003,88.889999,86.959999,87.040001,84.877022,3158900,PCAR
872,2021-06-21,87.589996,88.580002,87.360001,87.400002,85.228073,1931700,PCAR
873,2021-06-22,87.339996,87.779999,86.529999,87.370003,85.198822,3334000,PCAR
874,2021-06-23,88.57,88.57,86.809998,87.739998,85.559631,2556000,PCAR
875,2021-06-24,88.610001,89.230003,88.269997,88.480003,86.281235,1723500,PCAR
876,2021-06-25,88.790001,89.57,88.400002,88.980003,86.768814,2521800,PCAR
877,2021-06-28,89.25,89.370003,88.290001,88.639999,86.437263,1460500,PCAR
878,2021-06-29,89.059998,89.349998,87.639999,88.169998,85.978943,1200300,PCAR
879,2021-06-30,88.629997,89.440002,88.139999,89.25,87.032104,1507500,PCAR
880,2021-07-01,89.599998,90.089996,88.660004,88.790001,86.583534,1223800,PCAR
881,2021-07-02,89.029999,89.050003,88.040001,88.300003,86.105721,1498200,PCAR
882,2021-07-06,88.0,88.120003,85.010002,86.75,84.594231,1940700,PCAR
883,2021-07-07,86.790001,87.209999,85.959999,86.860001,84.701492,1591200,PCAR
884,2021-07-08,86.089996,86.760002,85.400002,85.660004,83.531319,1547500,PCAR
885,2021-07-09,86.019997,87.889999,86.019997,87.5,85.325592,1315100,PCAR
886,2021-07-12,87.160004,88.699997,86.309998,88.309998,86.115463,1450700,PCAR
887,2021-07-13,89.730003,89.730003,87.309998,87.599998,85.423103,1233600,PCAR
888,2021-07-14,87.599998,87.940002,87.080002,87.75,85.569374,1228500,PCAR
889,2021-07-15,88.010002,89.110001,87.639999,88.339996,86.144714,1835100,PCAR
890,2021-07-16,88.169998,89.089996,87.489998,87.610001,85.432854,1865900,PCAR
891,2021-07-19,86.68,87.400002,86.230003,86.709999,84.555214,2599000,PCAR
892,2021-07-20,86.860001,88.870003,86.540001,88.089996,85.900925,1732800,PCAR
893,2021-07-21,88.139999,89.330002,87.970001,88.150002,85.959442,1289500,PCAR
894,2021-07-22,88.010002,88.010002,86.870003,87.139999,84.974533,1485700,PCAR
895,2021-07-23,87.400002,87.870003,87.07,87.580002,85.403603,1280600,PCAR
896,2021-07-26,87.470001,88.099998,86.620003,86.910004,84.750252,1352500,PCAR
897,2021-07-27,86.0,87.300003,83.769997,84.610001,82.507408,3430400,PCAR
898,2021-07-28,84.120003,84.190002,82.720001,82.75,80.693626,2566600,PCAR
899,2021-07-29,83.540001,84.300003,82.900002,83.290001,81.220215,5007100,PCAR
900,2021-07-30,82.849998,83.790001,82.800003,82.989998,80.927666,3777500,PCAR
901,2021-08-02,83.940002,84.339996,81.980003,82.099998,80.059776,2697300,PCAR
902,2021-08-03,82.300003,83.239998,81.010002,81.849998,79.815994,3208500,PCAR
903,2021-08-04,81.599998,82.190002,80.940002,81.099998,79.084625,3607600,PCAR
904,2021-08-05,81.540001,81.639999,80.0,80.089996,78.099731,3246300,PCAR
905,2021-08-06,80.699997,80.989998,79.970001,80.040001,78.050972,3876600,PCAR
906,2021-08-09,79.919998,80.910004,79.529999,79.900002,77.914444,3610200,PCAR
907,2021-08-10,79.959999,80.75,79.239998,79.75,77.768181,3428500,PCAR
908,2021-08-11,80.360001,82.800003,79.989998,82.779999,80.722885,2429700,PCAR
909,2021-08-12,82.790001,83.199997,81.82,82.019997,79.981766,2303000,PCAR
910,2021-08-13,82.18,82.32,81.0,81.139999,79.123634,1091600,PCAR
911,2021-08-16,80.910004,81.559998,80.190002,81.160004,79.143143,1162700,PCAR
912,2021-08-17,80.370003,80.5,79.050003,80.139999,78.477249,1867500,PCAR
913,2021-08-18,79.730003,80.230003,79.620003,79.900002,78.242226,1978900,PCAR
914,2021-08-19,79.449997,80.669998,79.25,80.370003,78.702477,4484200,PCAR
915,2021-08-20,80.389999,80.68,79.620003,80.269997,78.604553,1759500,PCAR
916,2021-08-23,80.470001,80.910004,79.879997,80.400002,78.73185,1487900,PCAR
917,2021-08-24,80.760002,81.839996,80.639999,81.75,80.053848,1882800,PCAR
918,2021-08-25,81.360001,82.25,81.279999,81.970001,80.269287,1658600,PCAR
919,2021-08-26,81.800003,81.839996,81.209999,81.470001,79.779655,1847300,PCAR
920,2021-08-27,81.589996,82.419998,81.400002,82.25,80.543472,1843400,PCAR
921,2021-08-30,82.440002,82.480003,81.720001,82.050003,80.347626,1237600,PCAR
922,2021-08-31,82.0,82.129997,81.480003,81.870003,80.171356,1910600,PCAR
923,2021-09-01,82.389999,82.730003,81.739998,82.660004,80.944962,1620500,PCAR
924,2021-09-02,82.800003,84.199997,82.68,83.910004,82.169029,2437100,PCAR
925,2021-09-03,83.709999,85.220001,83.510002,84.43,82.678238,2053400,PCAR
926,2021-09-07,83.82,84.529999,82.150002,82.519997,80.807869,2514600,PCAR
927,2021-09-08,82.139999,82.419998,81.199997,82.300003,80.592438,2058000,PCAR
928,2021-09-09,82.779999,83.470001,82.32,83.209999,81.483559,3577900,PCAR
929,2021-09-10,83.290001,84.150002,82.980003,83.610001,81.875252,2495500,PCAR
930,2021-09-13,84.650002,85.0,83.129997,84.379997,82.629272,3453200,PCAR
931,2021-09-14,84.720001,84.849998,83.419998,83.93,82.188614,2752800,PCAR
932,2021-09-15,84.099998,85.330002,83.790001,84.580002,82.825127,4153400,PCAR
933,2021-09-16,84.699997,84.769997,82.349998,82.440002,80.729538,3465000,PCAR
934,2021-09-17,83.68,83.68,80.949997,81.550003,79.857994,4615300,PCAR
935,2021-09-20,80.489998,80.57,79.419998,79.870003,78.212852,5872300,PCAR
936,2021-09-21,79.879997,80.209999,78.720001,78.970001,77.331528,3049100,PCAR
937,2021-09-22,79.910004,80.620003,79.32,79.419998,77.772186,3153600,PCAR
938,2021-09-23,79.620003,81.529999,79.5,80.839996,79.16272,2068400,PCAR
939,2021-09-24,80.5,81.120003,80.260002,80.529999,78.859154,1145900,PCAR
940,2021-09-27,80.730003,82.18,80.690002,81.559998,79.867783,1566500,PCAR
941,2021-09-28,81.629997,82.129997,80.620003,80.82,79.143143,1669900,PCAR
942,2021-09-29,80.730003,81.639999,80.18,81.059998,79.378159,1177700,PCAR
943,2021-09-30,81.290001,81.440002,78.910004,78.919998,77.282562,1842200,PCAR
944,2021-10-01,79.169998,80.199997,78.480003,79.449997,77.801567,1583500,PCAR
945,2021-10-04,79.519997,80.07,78.459999,78.769997,77.135674,1614100,PCAR
946,2021-10-05,78.800003,82.309998,77.959999,81.809998,80.112595,3766800,PCAR
947,2021-10-06,80.900002,81.889999,80.239998,81.839996,80.141975,1269100,PCAR
948,2021-10-07,82.709999,83.449997,82.5,83.010002,81.287704,2153300,PCAR
949,2021-10-08,83.489998,85.18,83.099998,84.760002,83.001396,2157100,PCAR
950,2021-10-11,84.790001,84.940002,83.639999,83.800003,82.061317,1554900,PCAR
951,2021-10-12,83.779999,84.559998,83.349998,83.580002,81.845879,1834300,PCAR
952,2021-10-13,83.93,84.489998,82.709999,84.139999,82.394257,1755800,PCAR
953,2021-10-14,84.589996,86.82,84.449997,86.529999,84.734673,1987900,PCAR
954,2021-10-15,86.989998,87.459999,86.419998,86.889999,85.087196,1746400,PCAR
955,2021-10-18,85.849998,86.800003,85.449997,85.779999,84.000229,1965700,PCAR
956,2021-10-19,86.449997,86.529999,85.550003,86.5,84.705292,1247800,PCAR
957,2021-10-20,86.0,87.040001,85.75,86.93,85.126366,1560400,PCAR
958,2021-10-21,86.470001,86.830002,85.760002,86.739998,84.940315,1590600,PCAR
959,2021-10-22,87.0,87.720001,86.75,87.0,85.194923,897800,PCAR
960,2021-10-25,87.379997,87.379997,86.470001,87.230003,85.420151,1960700,PCAR
961,2021-10-26,84.809998,88.599998,84.599998,86.879997,85.077408,3746900,PCAR
962,2021-10-27,86.849998,86.849998,83.830002,85.769997,83.99044,2389700,PCAR
963,2021-10-28,88.32,89.610001,86.580002,89.400002,87.54512,2092100,PCAR
964,2021-10-29,89.190002,90.389999,89.129997,89.620003,87.760559,1709700,PCAR
965,2021-11-01,89.720001,91.959999,89.699997,91.089996,89.200058,1530100,PCAR
966,2021-11-02,90.860001,91.879997,90.230003,91.660004,89.758232,1802100,PCAR
967,2021-11-03,91.209999,91.389999,90.160004,90.510002,88.632095,1250500,PCAR
968,2021-11-04,90.419998,90.959999,89.199997,89.580002,87.72139,1640300,PCAR
969,2021-11-05,90.300003,90.970001,89.800003,90.0,88.132668,1542500,PCAR
970,2021-11-08,91.239998,91.550003,88.010002,88.93,87.084869,1803800,PCAR
971,2021-11-09,88.800003,89.540001,87.989998,88.019997,86.193756,1803300,PCAR
972,2021-11-10,87.68,89.660004,87.519997,89.459999,87.603874,2371800,PCAR
973,2021-11-11,89.32,90.43,89.010002,89.940002,88.073921,967600,PCAR
974,2021-11-12,90.129997,90.379997,89.25,89.839996,87.97599,911100,PCAR
975,2021-11-15,89.650002,89.989998,88.980003,89.25,87.730247,1075000,PCAR
976,2021-11-16,89.43,90.370003,89.269997,89.440002,87.917015,1614900,PCAR
977,2021-11-17,89.07,89.330002,88.18,88.989998,87.47467,1045200,PCAR
978,2021-11-18,88.82,88.830002,86.800003,86.980003,85.498901,1425900,PCAR
979,2021-11-19,86.860001,86.940002,85.440002,86.370003,84.899292,1578200,PCAR
980,2021-11-22,86.32,90.139999,85.900002,88.809998,87.297737,3428000,PCAR
981,2021-11-23,88.519997,90.139999,88.370003,89.940002,88.408501,1650000,PCAR
982,2021-11-24,89.879997,90.129997,88.360001,88.720001,87.209274,1126900,PCAR
983,2021-11-26,86.919998,87.209999,85.910004,86.540001,85.066399,1020600,PCAR
984,2021-11-29,86.980003,87.019997,85.449997,86.120003,84.653549,1515700,PCAR
985,2021-11-30,85.599998,86.0,82.839996,83.419998,81.999519,2524400,PCAR
986,2021-12-01,84.919998,85.529999,82.349998,82.449997,81.046036,2076000,PCAR
987,2021-12-02,83.230003,84.389999,82.989998,83.959999,82.530327,1945900,PCAR
988,2021-12-03,84.970001,86.389999,84.900002,85.669998,84.211205,2280500,PCAR
989,2021-12-06,86.300003,88.32,86.080002,87.610001,86.118172,1876000,PCAR
990,2021-12-07,88.059998,88.730003,87.330002,87.610001,86.118172,1850700,PCAR
991,2021-12-08,87.629997,89.160004,87.629997,88.910004,87.396042,1714000,PCAR
992,2021-12-09,88.080002,89.360001,88.080002,88.610001,87.101143,1240600,PCAR
993,2021-12-10,89.5,90.129997,88.849998,89.139999,87.622124,1515000,PCAR
994,2021-12-13,89.040001,89.269997,87.620003,88.349998,86.845573,1949200,PCAR
995,2021-12-14,88.300003,90.120003,87.949997,88.169998,86.66864,1482100,PCAR
996,2021-12-15,88.190002,88.889999,86.800003,88.089996,86.589996,2358900,PCAR
997,2021-12-16,87.489998,87.769997,85.639999,85.910004,85.910004,2624100,PCAR
998,2021-12-17,85.25,85.440002,82.559998,83.5,83.5,5195900,PCAR
