,X,Filing Date,Trade Date,Ticker,Insider Name,Title,Trade Type,Price,Qty,Owned,ΔOwn,Value,1d,1w,1m,6m,ticker
0,,2022-01-04 16:25:13,2022-01-03,MBUU,Lanigan Mark W.,Dir,A - Grant,$0.00,300,45309,+1%,+$0,,,,,MBUU
1,,2022-01-04 16:24:36,2022-01-03,MBUU,Connolly Michael,Dir,A - Grant,$0.00,293,45254,+1%,+$0,,,,,MBUU
2,,2022-01-04 16:23:36,2022-01-03,MBUU,Hooks Michael K.,Dir,A - Grant,$0.00,392,46795,+1%,+$0,,,,,MBUU
3,DM,2021-11-12 16:07:41,2021-11-11,MBUU,Anderson Ritchie L.,COO,M - OptEx,$42.13,1961,26032,+8%,"+$82,617",,,,,MBUU
4,DM,2021-11-12 16:07:41,2021-11-11,MBUU,Anderson Ritchie L.,COO,S - Sale+OE,$71.98,-1961,26032,-7%,"-$141,152",,,,,MBUU
5,D,2021-11-10 19:47:51,2021-11-08,MBUU,Anderson Ritchie L.,COO,F - Tax,$77.03,-2305,26032,-8%,"-$177,554",,,,,MBUU
6,DM,2021-11-10 19:47:51,2021-11-08,MBUU,Anderson Ritchie L.,COO,M - OptEx,$29.33,12664,26032,+95%,"+$371,414",,,,,MBUU
7,DM,2021-11-10 19:47:51,2021-11-08,MBUU,Anderson Ritchie L.,COO,S - Sale+OE,$74.44,-15500,26032,-37%,"-$1,153,776",,,,,MBUU
8,,2021-11-10 19:47:29,2021-11-08,MBUU,Wilson Wayne R.,CFO,F - Tax,$77.03,-2305,36368,-6%,"-$177,554",,,,,MBUU
9,D,2021-11-10 19:47:13,2021-11-08,MBUU,Springer Jackie D. Jr.,CEO,F - Tax,$77.03,-4990,93576,-5%,"-$384,380",,,,,MBUU
10,DM,2021-11-10 19:47:13,2021-11-08,MBUU,Springer Jackie D. Jr.,CEO,M - OptEx,$25.85,20000,93576,+27%,"+$517,000",,,,,MBUU
11,DM,2021-11-10 19:47:13,2021-11-08,MBUU,Springer Jackie D. Jr.,CEO,S - Sale+OE,$74.20,-50000,93576,-35%,"-$3,709,941",,,,,MBUU
12,,2021-11-05 16:09:43,2021-11-03,MBUU,Hooks Michael K.,Dir,A - Grant,$0.00,1481,46403,+3%,+$0,,,,,MBUU
13,,2021-11-05 16:09:21,2021-11-03,MBUU,Connolly Michael,Dir,A - Grant,$0.00,1481,44961,+3%,+$0,,,,,MBUU
14,,2021-11-05 16:08:57,2021-11-03,MBUU,Buch James R.,Dir,A - Grant,$0.00,1481,26080,+6%,+$0,,,,,MBUU
15,,2021-11-05 16:08:24,2021-11-03,MBUU,Wilson Wayne R.,CFO,A - Grant,$0.00,4310,38673,+13%,+$0,,,,,MBUU
16,,2021-11-05 16:08:02,2021-11-03,MBUU,Murphy Peter E,Dir,A - Grant,$0.00,1481,26080,+6%,+$0,,,,,MBUU
17,,2021-11-05 16:07:45,2021-11-03,MBUU,Stokely John E,Dir,A - Grant,$0.00,1481,26080,+6%,+$0,,,,,MBUU
18,,2021-11-05 16:07:28,2021-11-03,MBUU,Lanigan Mark W.,Dir,A - Grant,$0.00,1481,45009,+3%,+$0,,,,,MBUU
19,,2021-11-05 16:07:08,2021-11-03,MBUU,Springer Jackie D. Jr.,CEO,A - Grant,$0.00,14815,128566,+13%,+$0,,,,,MBUU
20,,2021-11-05 16:06:37,2021-11-03,MBUU,Lewis Joan M,Dir,A - Grant,$0.00,1481,5727,+35%,+$0,,,,,MBUU
21,,2021-11-05 16:06:10,2021-11-03,MBUU,Chhina Ivar S.,Dir,A - Grant,$0.00,1481,26080,+6%,+$0,,,,,MBUU
22,,2021-11-05 16:05:52,2021-11-03,MBUU,Anderson Ritchie L.,COO,A - Grant,$0.00,4310,31173,+16%,+$0,,,,,MBUU
23,,2021-10-01 16:21:58,2021-10-01,MBUU,Connolly Michael,Dir,A - Grant,$0.00,288,43480,+1%,+$0,,,,,MBUU
24,,2021-10-01 16:18:03,2021-10-01,MBUU,Hooks Michael K.,Dir,A - Grant,$0.00,385,44922,+1%,+$0,,,,,MBUU
25,,2021-10-01 16:15:08,2021-10-01,MBUU,Lanigan Mark W.,Dir,A - Grant,$0.00,295,43528,+1%,+$0,,,,,MBUU
26,D,2021-09-08 16:15:36,2021-09-03,MBUU,Wilson Wayne R.,CFO,A - Grant,$0.00,5750,34363,+20%,+$0,,,,,MBUU
27,D,2021-09-08 16:15:36,2021-09-03,MBUU,Wilson Wayne R.,CFO,F - Tax,$0.00,-1402,34363,-4%,-$0,,,,,MBUU
28,D,2021-09-08 16:13:32,2021-09-03,MBUU,Springer Jackie D. Jr.,CEO,A - Grant,$0.00,11500,113751,+11%,+$0,,,,,MBUU
29,D,2021-09-08 16:13:32,2021-09-03,MBUU,Springer Jackie D. Jr.,CEO,F - Tax,$0.00,-4528,113751,-4%,-$0,,,,,MBUU
30,D,2021-09-08 16:11:34,2021-09-03,MBUU,Anderson Ritchie L.,COO,A - Grant,$0.00,5750,26863,+27%,+$0,,,,,MBUU
31,D,2021-09-08 16:11:34,2021-09-03,MBUU,Anderson Ritchie L.,COO,F - Tax,$0.00,-1402,26863,-5%,-$0,,,,,MBUU
32,,2021-07-01 16:29:39,2021-07-01,MBUU,Connolly Michael,Dir,A - Grant,$0.00,237,43192,+1%,+$0,,,,,MBUU
33,,2021-07-01 16:25:37,2021-07-01,MBUU,Lanigan Mark W.,Dir,A - Grant,$0.00,271,43233,+1%,+$0,,,,,MBUU
34,,2021-07-01 16:21:19,2021-07-01,MBUU,Hooks Michael K.,Dir,A - Grant,$0.00,288,44537,+1%,+$0,,,,,MBUU
35,,2021-04-01 16:17:45,2021-04-01,MBUU,Hooks Michael K.,Dir,A - Grant,$0.00,263,44249,+1%,+$0,,,,,MBUU
36,,2021-04-01 16:15:13,2021-04-01,MBUU,Lanigan Mark W.,Dir,A - Grant,$0.00,247,42962,+1%,+$0,,,,,MBUU
37,,2021-04-01 16:08:11,2021-04-01,MBUU,Connolly Michael,Dir,A - Grant,$0.00,216,42955,+1%,+$0,,,,,MBUU
38,D,2021-02-16 21:07:57,2021-02-11,MBUU,Wilson Wayne R.,CFO,C - Converted deriv,$0.00,25602,30015,-46%,$0,,,,,MBUU
39,DM,2021-02-16 21:07:57,2021-02-11,MBUU,Wilson Wayne R.,CFO,S - Sale+OE,$77.60,-45045,30015,-60%,"-$3,495,695",,,,,MBUU
40,D,2021-02-16 21:07:24,2021-02-11,MBUU,Anderson Ritchie L.,COO,C - Converted deriv,$0.00,7500,22515,-25%,$0,,,,,MBUU
41,D,2021-02-16 21:07:24,2021-02-11,MBUU,Anderson Ritchie L.,COO,S - Sale+OE,$79.08,-7500,22515,-25%,"-$593,063",,,,,MBUU
42,D,2021-02-16 21:07:01,2021-02-11,MBUU,Springer Jackie D. Jr.,CEO,C - Converted deriv,$0.00,38935,106779,-27%,$0,,,,,MBUU
43,D,2021-02-16 21:07:01,2021-02-11,MBUU,Springer Jackie D. Jr.,CEO,S - Sale+OE,$77.45,-79229,106779,-43%,"-$6,136,284",,,,,MBUU
44,,2021-01-05 16:09:25,2021-01-04,MBUU,Lanigan Mark W.,Dir,A - Grant,$0.00,322,42715,+1%,+$0,,,,,MBUU
45,,2021-01-05 16:09:04,2021-01-04,MBUU,Hooks Michael K.,Dir,A - Grant,$0.00,343,43986,+1%,+$0,,,,,MBUU
46,,2021-01-05 16:08:46,2021-01-04,MBUU,Connolly Michael,Dir,A - Grant,$0.00,282,42739,+1%,+$0,,,,,MBUU
47,,2020-11-06 16:15:28,2020-11-06,MBUU,Springer Jackie D. Jr.,CEO,F - Tax,$57.73,-3760,147073,-2%,"-$217,063",,,,,MBUU
48,,2020-11-06 16:15:11,2020-11-06,MBUU,Wilson Wayne R.,CFO,F - Tax,$57.98,-1544,49458,-3%,"-$89,519",,,,,MBUU
49,,2020-11-06 16:14:54,2020-11-06,MBUU,Anderson Ritchie L.,COO,F - Tax,$58.28,-1422,22515,-6%,"-$82,874",,,,,MBUU
50,,2020-11-05 16:36:50,2020-11-03,MBUU,Stokely John E,Dir,A - Grant,$0.00,1376,24599,+6%,+$0,,,,,MBUU
51,,2020-11-05 16:33:21,2020-11-03,MBUU,Murphy Peter E,Dir,A - Grant,$0.00,1376,24599,+6%,+$0,,,,,MBUU
52,,2020-11-05 16:30:41,2020-11-03,MBUU,Chhina Ivar S.,Dir,A - Grant,$0.00,1376,24599,+6%,+$0,,,,,MBUU
53,,2020-11-05 16:27:59,2020-11-03,MBUU,Lanigan Mark W.,Dir,A - Grant,$0.00,1376,42393,+3%,+$0,,,,,MBUU
54,,2020-11-05 16:24:34,2020-11-03,MBUU,Hooks Michael K.,Dir,A - Grant,$0.00,1376,43643,+3%,+$0,,,,,MBUU
55,,2020-11-05 16:20:28,2020-11-03,MBUU,Buch James R.,Dir,A - Grant,$0.00,1376,24599,+6%,+$0,,,,,MBUU
56,,2020-11-05 16:16:09,2020-11-03,MBUU,Wilson Wayne R.,CFO,A - Grant,$0.00,5768,51002,+13%,+$0,,,,,MBUU
57,,2020-11-05 16:13:25,2020-11-03,MBUU,Lewis Joan M,Dir,A - Grant,$0.00,1376,4246,+48%,+$0,,,,,MBUU
58,,2020-11-05 16:10:29,2020-11-03,MBUU,Springer Jackie D. Jr.,CEO,A - Grant,$0.00,12979,150833,+9%,+$0,,,,,MBUU
59,,2020-11-05 16:07:39,2020-11-03,MBUU,Anderson Ritchie L.,COO,A - Grant,$0.00,5768,23937,+32%,+$0,,,,,MBUU
60,,2020-11-05 16:05:36,2020-11-03,MBUU,Connolly Michael,Dir,A - Grant,$0.00,1376,42457,+3%,+$0,,,,,MBUU
61,,2020-10-02 16:10:10,2020-10-01,MBUU,Hooks Michael K.,Dir,A - Grant,$0.00,432,42267,+1%,+$0,,,,,MBUU
62,,2020-10-02 16:09:53,2020-10-01,MBUU,Lanigan Mark W.,Dir,A - Grant,$0.00,406,41017,+1%,+$0,,,,,MBUU
63,,2020-10-02 16:09:35,2020-10-01,MBUU,Connolly Michael,Dir,A - Grant,$0.00,356,41081,+1%,+$0,,,,,MBUU
64,,2020-09-18 16:05:15,2020-09-16,MBUU,Springer Jackie D. Jr.,CEO,A - Grant,$0.00,5062,137854,+4%,+$0,,,,,MBUU
65,,2020-09-18 16:05:15,2020-09-16,MBUU,Springer Jackie D. Jr.,CEO,F - Tax,$50.25,-1233,137854,-1%,"-$61,958",,,,,MBUU
66,,2020-09-18 16:04:58,2020-09-16,MBUU,Wilson Wayne R.,CFO,A - Grant,$0.00,3250,45234,+8%,+$0,,,,,MBUU
67,,2020-09-18 16:04:58,2020-09-16,MBUU,Wilson Wayne R.,CFO,F - Tax,$50.25,-792,45234,-2%,"-$39,798",,,,,MBUU
68,,2020-09-18 16:04:42,2020-09-16,MBUU,Anderson Ritchie L.,COO,A - Grant,$0.00,3750,18169,+26%,+$0,,,,,MBUU
69,,2020-09-18 16:04:42,2020-09-16,MBUU,Anderson Ritchie L.,COO,F - Tax,$50.25,-914,18169,-5%,"-$45,929",,,,,MBUU
70,D,2020-09-04 16:06:52,2020-09-02,MBUU,Anderson Ritchie L.,COO,M - OptEx,$31.14,9625,15333,+169%,"+$299,681",,,,,MBUU
71,D,2020-09-04 16:06:52,2020-09-02,MBUU,Anderson Ritchie L.,COO,S - Sale+OE,$54.13,-16889,15333,-52%,"-$914,231",,,,,MBUU
72,,2020-07-01 16:18:02,2020-07-01,MBUU,Connolly Michael,Dir,A - Grant,$0.00,335,40725,+1%,+$0,,,,,MBUU
73,,2020-07-01 16:14:39,2020-07-01,MBUU,Lanigan Mark W.,Dir,A - Grant,$0.00,383,40611,+1%,+$0,,,,,MBUU
74,,2020-07-01 16:12:09,2020-07-01,MBUU,Hooks Michael K.,Dir,A - Grant,$0.00,407,41835,+1%,+$0,,,,,MBUU
75,,2020-05-29 16:13:29,2020-05-27,MBUU,Murphy Peter E,Dir,S - Sale,$50.67,-3000,23223,-11%,"-$152,010",,,,,MBUU
76,D,2020-05-22 16:06:04,2020-05-20,MBUU,Lanigan Mark W.,Dir,C - Converted deriv,$0.00,25000,40228,-38%,$0,,,,,MBUU
77,D,2020-05-22 16:06:04,2020-05-20,MBUU,Lanigan Mark W.,Dir,S - Sale+OE,$45.89,-25000,40228,-38%,"-$1,147,250",,,,,MBUU
78,D,2020-05-19 16:15:31,2020-05-18,MBUU,Hooks Michael K.,Dir,C - Converted deriv,$0.00,12500,41428,-23%,$0,,,,,MBUU
79,D,2020-05-19 16:15:31,2020-05-18,MBUU,Hooks Michael K.,Dir,S - Sale+OE,$45.79,-12500,41428,-23%,"-$572,375",,,,,MBUU
80,,2020-04-01 17:55:11,2020-04-01,MBUU,Lanigan Mark W.,Dir,A - Grant,$0.00,685,40228,+2%,+$0,,,,,MBUU
81,,2020-04-01 17:53:58,2020-04-01,MBUU,Connolly Michael,Dir,A - Grant,$0.00,599,40390,+2%,+$0,,,,,MBUU
82,,2020-04-01 17:52:50,2020-04-01,MBUU,Hooks Michael K.,Dir,A - Grant,$0.00,727,41428,+2%,+$0,,,,,MBUU
83,,2020-03-16 16:06:20,2020-03-12,MBUU,Springer Jackie D. Jr.,CEO,P - Purchase,$25.72,30000,134025,+29%,"+$771,600",,,,,MBUU
84,,2020-03-16 16:05:34,2020-03-12,MBUU,Wilson Wayne R.,CFO,P - Purchase,$25.19,7500,42776,+21%,"+$188,925",,,,,MBUU
85,DM,2020-02-12 16:18:44,2020-02-10,MBUU,Anderson Ritchie L.,COO,M - OptEx,$31.08,12125,22597,+116%,"+$376,856",,,,,MBUU
86,DM,2020-02-12 16:18:44,2020-02-10,MBUU,Anderson Ritchie L.,COO,S - Sale+OE,$47.55,-20970,22597,-48%,"-$997,220",,,,,MBUU
87,,2020-01-06 16:15:03,2020-01-02,MBUU,Hooks Michael K.,Dir,A - Grant,$0.00,523,40701,+1%,+$0,,,,,MBUU
88,,2020-01-06 16:14:14,2020-01-02,MBUU,Lanigan Mark W.,Dir,A - Grant,$0.00,456,39543,+1%,+$0,,,,,MBUU
89,,2020-01-06 16:13:05,2020-01-02,MBUU,Connolly Michael,Dir,A - Grant,$0.00,430,39791,+1%,+$0,,,,,MBUU
90,,2019-11-26 16:24:55,2019-11-22,MBUU,Anderson Ritchie L.,COO,A - Grant,$0.00,6833,31442,+28%,+$0,,,,,MBUU
91,,2019-11-26 16:22:22,2019-11-22,MBUU,Springer Jackie D. Jr.,CEO,A - Grant,$0.00,14718,104025,+16%,+$0,,,,,MBUU
92,,2019-11-26 16:19:15,2019-11-22,MBUU,Wilson Wayne R.,CFO,A - Grant,$0.00,6833,35276,+24%,+$0,,,,,MBUU
93,,2019-11-08 16:19:19,2019-11-06,MBUU,Murphy Peter E,Dir,A - Grant,$0.00,2224,26223,+9%,+$0,,,,,MBUU
94,,2019-11-08 16:18:30,2019-11-06,MBUU,Lewis Joan M,Dir,A - Grant,$0.00,2224,2870,+344%,+$0,,,,,MBUU
95,,2019-11-08 16:17:30,2019-11-06,MBUU,Stokely John E,Dir,A - Grant,$0.00,2224,23223,+11%,+$0,,,,,MBUU
96,,2019-11-08 16:16:48,2019-11-06,MBUU,Springer Jackie D. Jr.,CEO,F - Tax,$33.47,-6480,89307,-7%,"-$216,889",,,,,MBUU
97,,2019-11-08 16:16:07,2019-11-06,MBUU,Lanigan Mark W.,Dir,A - Grant,$0.00,2224,39087,+6%,+$0,,,,,MBUU
98,,2019-11-08 16:15:20,2019-11-06,MBUU,Buch James R.,Dir,A - Grant,$0.00,2224,23223,+11%,+$0,,,,,MBUU
99,,2019-11-08 16:13:22,2019-11-06,MBUU,Connolly Michael,Dir,A - Grant,$0.00,2224,39361,+6%,+$0,,,,,MBUU
100,,2019-11-08 16:12:25,2019-11-06,MBUU,Anderson Ritchie L.,COO,F - Tax,$33.60,-1324,24609,-5%,"-$44,487",,,,,MBUU
101,,2019-11-08 16:10:44,2019-11-06,MBUU,Wilson Wayne R.,CFO,F - Tax,$33.53,-1552,28443,-5%,"-$52,031",,,,,MBUU
102,,2019-11-08 16:09:47,2019-11-06,MBUU,Chhina Ivar S.,Dir,A - Grant,$0.00,2224,23223,+11%,+$0,,,,,MBUU
103,,2019-11-08 16:08:21,2019-11-06,MBUU,Hooks Michael K.,Dir,A - Grant,$0.00,2224,40178,+6%,+$0,,,,,MBUU
104,,2019-11-08 16:06:18,2019-11-06,MBUU,Kent Deborah S.,VP HR,F - Tax,$33.13,-348,5536,-6%,"-$11,529",,,,,MBUU
105,,2019-10-01 17:13:01,2019-10-01,MBUU,Hooks Michael K.,Dir,A - Grant,$0.00,698,37954,+2%,+$0,,,,,MBUU
106,,2019-10-01 17:11:14,2019-10-01,MBUU,Lanigan Mark W.,Dir,A - Grant,$0.00,534,36863,+1%,+$0,,,,,MBUU
107,,2019-10-01 17:10:10,2019-10-01,MBUU,Connolly Michael,Dir,A - Grant,$0.00,575,37137,+2%,+$0,,,,,MBUU
108,D,2019-09-12 16:13:01,2019-09-11,MBUU,Anderson Ritchie L.,COO,A - Grant,$0.00,7929,25933,+44%,+$0,,,,,MBUU
109,D,2019-09-12 16:13:01,2019-09-11,MBUU,Anderson Ritchie L.,COO,F - Tax,$30.45,-1935,25933,-7%,"-$58,921",,,,,MBUU
110,D,2019-09-12 16:12:02,2019-09-11,MBUU,Springer Jackie D. Jr.,CEO,A - Grant,$0.00,16463,95787,+21%,+$0,,,,,MBUU
111,D,2019-09-12 16:12:02,2019-09-11,MBUU,Springer Jackie D. Jr.,CEO,F - Tax,$30.45,-4011,95787,-4%,"-$122,135",,,,,MBUU
112,D,2019-09-12 16:11:19,2019-09-11,MBUU,Wilson Wayne R.,CFO,A - Grant,$0.00,7864,29995,+36%,+$0,,,,,MBUU
113,D,2019-09-12 16:11:19,2019-09-11,MBUU,Wilson Wayne R.,CFO,F - Tax,$30.45,-1917,29995,-6%,"-$58,373",,,,,MBUU
114,,2019-07-18 16:50:25,2019-07-16,MBUU,Lewis Joan M,Dir,A - Grant,$0.00,646,646,New,+$0,,,,,MBUU
115,,2019-07-01 16:48:48,2019-07-01,MBUU,Connolly Michael,Dir,A - Grant,$0.00,449,36562,+1%,+$0,,,,,MBUU
116,,2019-07-01 16:46:46,2019-07-01,MBUU,Lanigan Mark W.,Dir,A - Grant,$0.00,417,36329,+1%,+$0,,,,,MBUU
117,,2019-07-01 16:45:12,2019-07-01,MBUU,Hooks Michael K.,Dir,A - Grant,$0.00,545,37256,+1%,+$0,,,,,MBUU
118,,2019-05-16 16:04:58,2019-05-16,MBUU,Kent Deborah S.,VP HR,F - Tax,$41.52,-67,5884,-1%,"-$2,782",,,,,MBUU
119,,2019-04-04 21:23:58,2019-04-02,MBUU,Hooks Michael K.,Dir,A - Grant,$0.00,529,36711,+1%,+$0,,,,,MBUU
120,,2019-04-04 21:22:05,2019-04-02,MBUU,Lanigan Mark W.,Dir,A - Grant,$0.00,404,35912,+1%,+$0,,,,,MBUU
121,,2019-04-04 21:10:31,2019-04-02,MBUU,Connolly Michael,Dir,A - Grant,$0.00,436,36113,+1%,+$0,,,,,MBUU
122,,2019-02-11 16:03:38,2019-02-08,MBUU,Kent Deborah S.,VP HR,S - Sale,$45.06,-1200,5951,-17%,"-$54,072",,,,,MBUU
123,,2019-01-04 16:53:10,2019-01-02,MBUU,Connolly Michael,Dir,A - Grant,$0.00,507,35677,+1%,+$0,,,,,MBUU
124,,2019-01-04 16:52:03,2019-01-02,MBUU,Estes Phillip S.,Exiting Director,A - Grant,$0.00,168,28765,+1%,+$0,,,,,MBUU
125,,2019-01-04 16:50:36,2019-01-02,MBUU,Lanigan Mark W.,Dir,A - Grant,$0.00,470,35508,+1%,+$0,,,,,MBUU
126,,2019-01-04 16:48:57,2019-01-02,MBUU,Hooks Michael K.,Dir,A - Grant,$0.00,615,36182,+2%,+$0,,,,,MBUU
127,,2018-12-06 17:31:59,2018-12-03,MBUU,Wilson Wayne R.,CFO,S - Sale,$48.36,-10466,24048,-30%,"-$506,136",,,,,MBUU
128,D,2018-11-29 21:06:08,2018-11-27,MBUU,Anderson Ritchie L.,COO,M - OptEx,$30.87,2500,19939,+14%,"+$77,175",,,,,MBUU
129,D,2018-11-29 21:06:08,2018-11-27,MBUU,Anderson Ritchie L.,COO,S - Sale+OE,$45.85,-12036,19939,-38%,"-$551,873",,,,,MBUU
130,M,2018-11-08 21:04:57,2018-11-06,MBUU,Kent Deborah S.,VP HR,F - Tax,$42.26,-267,7151,-4%,"-$11,283",,,,,MBUU
131,M,2018-11-08 21:04:06,2018-11-06,MBUU,Anderson Ritchie L.,COO,F - Tax,$42.09,-1293,29475,-4%,"-$54,425",,,,,MBUU
132,M,2018-11-08 21:02:49,2018-11-06,MBUU,Springer Jackie D. Jr.,CEO,F - Tax,$42.12,-6634,83335,-7%,"-$279,405",,,,,MBUU
133,M,2018-11-08 21:01:34,2018-11-06,MBUU,Wilson Wayne R.,CFO,F - Tax,$42.08,-2121,34514,-6%,"-$89,253",,,,,MBUU
134,M,2018-11-08 21:00:21,2018-11-06,MBUU,Gasper Dan L.,VP Product Design,F - Tax,$42.26,-319,4157,-7%,"-$13,480",,,,,MBUU
135,,2018-11-06 16:35:07,2018-11-02,MBUU,Murphy Peter E,Dir,A - Grant,$0.00,1769,23999,+8%,+$0,,,,,MBUU
136,,2018-11-06 16:34:17,2018-11-02,MBUU,Chhina Ivar S.,Dir,A - Grant,$0.00,1769,20999,+9%,+$0,,,,,MBUU
137,,2018-11-06 16:33:29,2018-11-02,MBUU,Hooks Michael K.,Dir,A - Grant,$0.00,1769,35567,+5%,+$0,,,,,MBUU
138,,2018-11-06 16:32:32,2018-11-02,MBUU,Buch James R.,Dir,A - Grant,$0.00,1769,20999,+9%,+$0,,,,,MBUU
139,,2018-11-06 16:30:46,2018-11-02,MBUU,Connolly Michael,Dir,A - Grant,$0.00,1769,35170,+5%,+$0,,,,,MBUU
140,,2018-11-06 16:29:57,2018-11-02,MBUU,Lanigan Mark W.,Dir,A - Grant,$0.00,1769,35038,+5%,+$0,,,,,MBUU
141,,2018-11-06 16:27:26,2018-11-02,MBUU,Stokely John E,Dir,A - Grant,$0.00,1769,20999,+9%,+$0,,,,,MBUU
142,,2018-11-05 18:22:34,2018-11-01,MBUU,Gasper Dan L.,VP Product Design,A - Grant,$0.00,950,4476,+27%,+$0,,,,,MBUU
143,,2018-11-05 18:21:27,2018-11-01,MBUU,Anderson Ritchie L.,COO,A - Grant,$0.00,6000,30768,+24%,+$0,,,,,MBUU
144,,2018-11-05 18:20:21,2018-11-01,MBUU,Kent Deborah S.,VP HR,A - Grant,$0.00,1325,7418,+22%,+$0,,,,,MBUU
145,,2018-11-05 18:19:18,2018-11-01,MBUU,St Clair William Paxson Jr,"Pres of COBalt Boats, LLC",A - Grant,$0.00,1250,25512,+5%,+$0,,,,,MBUU
146,,2018-11-05 18:18:14,2018-11-01,MBUU,Springer Jackie D. Jr.,CEO,A - Grant,$0.00,12000,89969,+15%,+$0,,,,,MBUU
147,,2018-11-05 18:17:00,2018-11-01,MBUU,Wilson Wayne R.,CFO,A - Grant,$0.00,6000,36635,+20%,+$0,,,,,MBUU
148,,2018-10-03 17:42:11,2018-10-01,MBUU,Hooks Michael K.,Dir,A - Grant,$0.00,391,33798,+1%,+$0,,,,,MBUU
149,,2018-10-03 17:41:20,2018-10-01,MBUU,Estes Phillip S.,Dir,A - Grant,$0.00,299,28597,+1%,+$0,,,,,MBUU
150,,2018-10-03 17:40:32,2018-10-01,MBUU,Lanigan Mark W.,Dir,A - Grant,$0.00,299,33269,+1%,+$0,,,,,MBUU
151,,2018-10-03 17:38:15,2018-10-01,MBUU,Connolly Michael,Dir,A - Grant,$0.00,322,33401,+1%,+$0,,,,,MBUU
152,D,2018-09-18 18:13:45,2018-09-14,MBUU,Estes Phillip S.,Dir,C - Converted deriv,$0.00,80000,28298,-74%,$0,,,,,MBUU
153,D,2018-09-18 18:13:45,2018-09-14,MBUU,Estes Phillip S.,Dir,S - Sale+OE,$52.87,-80000,28298,-74%,"-$4,229,600",,,,,MBUU
154,D,2018-09-14 16:10:25,2018-09-12,MBUU,Wilson Wayne R.,CFO,A - Grant,$0.00,8681,30635,+40%,+$0,,,,,MBUU
155,D,2018-09-14 16:10:25,2018-09-12,MBUU,Wilson Wayne R.,CFO,F - Tax,$52.38,-2116,30635,-6%,"-$110,836",,,,,MBUU
156,D,2018-09-14 16:09:07,2018-09-12,MBUU,Springer Jackie D. Jr.,CEO,A - Grant,$0.00,20244,77969,+35%,+$0,,,,,MBUU
157,D,2018-09-14 16:09:07,2018-09-12,MBUU,Springer Jackie D. Jr.,CEO,F - Tax,$52.38,-6105,77969,-7%,"-$319,780",,,,,MBUU
158,D,2018-09-14 16:07:43,2018-09-12,MBUU,Anderson Ritchie L.,COO,A - Grant,$0.00,7502,24768,+43%,+$0,,,,,MBUU
159,D,2018-09-14 16:07:43,2018-09-12,MBUU,Anderson Ritchie L.,COO,F - Tax,$52.38,-1829,24768,-7%,"-$95,803",,,,,MBUU
160,DM,2018-09-12 21:19:04,2018-09-10,MBUU,Anderson Ritchie L.,COO,M - OptEx,$25.85,6500,19095,+52%,"+$168,025",,,,,MBUU
161,DM,2018-09-12 21:19:04,2018-09-10,MBUU,Anderson Ritchie L.,COO,S - Sale+OE,$52.58,-10750,19095,-36%,"-$565,208",,,,,MBUU
162,D,2018-09-12 21:17:03,2018-09-10,MBUU,Springer Jackie D. Jr.,CEO,C - Converted deriv,$0.00,60000,63830,-48%,$0,,,,,MBUU
163,D,2018-09-12 21:17:03,2018-09-10,MBUU,Springer Jackie D. Jr.,CEO,M - OptEx,$25.85,13000,63830,+26%,"+$336,050",,,,,MBUU
164,D,2018-09-12 21:17:03,2018-09-10,MBUU,Springer Jackie D. Jr.,CEO,S - Sale+OE,$52.81,-95985,63830,-60%,"-$5,069,130",,,,,MBUU
165,,2018-09-12 21:15:58,2018-09-11,MBUU,St Clair William Paxson Jr,"Pres of COBalt Boats, LLC",S - Sale,$52.60,-15000,24262,-38%,"-$789,000",,,,,MBUU
166,D,2018-09-12 21:14:54,2018-09-11,MBUU,Wilson Wayne R.,CFO,M - OptEx,$25.85,6500,24070,+37%,"+$168,025",,,,,MBUU
167,D,2018-09-12 21:14:54,2018-09-11,MBUU,Wilson Wayne R.,CFO,S - Sale+OE,$52.34,-14088,24070,-37%,"-$737,366",,,,,MBUU
168,D,2018-08-06 17:05:33,2018-08-02,MBUU,Springer Jackie D. Jr.,CEO,G - Gift,$0.00,-2,1,-200%,-$0,,,,,MBUU
169,,2018-07-03 16:38:16,2018-07-02,MBUU,Estes Phillip S.,Dir,A - Grant,$0.00,386,28298,+1%,+$0,,,,,MBUU
170,,2018-07-03 16:37:14,2018-07-02,MBUU,Lanigan Mark W.,Dir,A - Grant,$0.00,386,32970,+1%,+$0,,,,,MBUU
171,,2018-07-03 16:35:52,2018-07-02,MBUU,Connolly Michael,Dir,A - Grant,$0.00,416,33079,+1%,+$0,,,,,MBUU
172,,2018-07-03 16:34:48,2018-07-02,MBUU,Hooks Michael K.,Dir,A - Grant,$0.00,505,33407,+2%,+$0,,,,,MBUU
173,,2018-06-28 20:04:22,2018-06-27,MBUU,Kent Deborah S.,VP HR,F - Tax,$43.16,-297,6093,-5%,"-$12,819",,,,,MBUU
174,,2018-05-17 16:27:52,2018-05-16,MBUU,Kent Deborah S.,VP HR,F - Tax,$42.57,-67,6390,-1%,"-$2,852",,,,,MBUU
175,,2018-04-03 16:21:47,2018-04-02,MBUU,Hooks Michael K.,Dir,A - Grant,$0.00,631,32902,+2%,+$0,,,,,MBUU
176,,2018-04-03 16:21:26,2018-04-02,MBUU,Lanigan Mark W.,Dir,A - Grant,$0.00,482,32584,+2%,+$0,,,,,MBUU
177,,2018-04-03 16:21:10,2018-04-02,MBUU,Connolly Michael,Dir,A - Grant,$0.00,519,32663,+2%,+$0,,,,,MBUU
178,,2018-04-03 16:20:28,2018-04-02,MBUU,Estes Phillip S.,Dir,A - Grant,$0.00,482,27912,+2%,+$0,,,,,MBUU
179,D,2018-02-20 16:15:41,2018-02-16,MBUU,Gasper Dan L.,VP Product Design,C - Converted deriv,$0.00,15000,3526,-81%,$0,,,,,MBUU
180,D,2018-02-20 16:15:41,2018-02-16,MBUU,Gasper Dan L.,VP Product Design,S - Sale+OE,$34.15,-15000,3526,-81%,"-$512,250",,,,,MBUU
181,,2018-01-03 17:22:05,2018-01-02,MBUU,Estes Phillip S.,Dir,A - Grant,$0.00,551,27430,+2%,+$0,,,,,MBUU
182,,2018-01-03 17:21:49,2018-01-02,MBUU,Lanigan Mark W.,Dir,A - Grant,$0.00,551,32102,+2%,+$0,,,,,MBUU
183,,2018-01-03 17:21:33,2018-01-02,MBUU,Connolly Michael,Dir,A - Grant,$0.00,593,32144,+2%,+$0,,,,,MBUU
184,,2018-01-03 17:21:16,2018-01-02,MBUU,Hooks Michael K.,Dir,A - Grant,$0.00,720,32271,+2%,+$0,,,,,MBUU
185,D,2017-12-13 17:18:39,2017-12-11,MBUU,Springer Jackie D. Jr.,CEO,C - Converted deriv,$0.00,40000,86815,-32%,$0,,,,,MBUU
186,D,2017-12-13 17:18:39,2017-12-11,MBUU,Springer Jackie D. Jr.,CEO,S - Sale+OE,$31.20,-40000,86815,-32%,"-$1,248,000",,,,,MBUU
187,D,2017-12-01 16:05:15,2017-11-29,MBUU,Wilson Wayne R.,CFO,C - Converted deriv,$0.00,35000,31658,-53%,$0,,,,,MBUU
188,DM,2017-12-01 16:05:15,2017-11-29,MBUU,Wilson Wayne R.,CFO,S - Sale+OE,$31.20,-35000,31658,-53%,"-$1,092,040",,,,,MBUU
189,D,2017-12-01 16:04:38,2017-11-29,MBUU,Anderson Ritchie L.,COO,C - Converted deriv,$0.00,15000,23345,-39%,$0,,,,,MBUU
190,D,2017-12-01 16:04:38,2017-11-29,MBUU,Anderson Ritchie L.,COO,S - Sale+OE,$31.15,-15000,23345,-39%,"-$467,250",,,,,MBUU
191,,2017-12-01 16:04:21,2017-11-30,MBUU,Kent Deborah S.,VP HR,S - Sale,$31.16,-1497,6457,-19%,"-$46,647",,,,,MBUU
192,D,2017-11-13 16:18:13,2017-11-10,MBUU,Springer Jackie D. Jr.,CEO,C - Converted deriv,$0.00,40000,86815,-32%,$0,,,,,MBUU
193,D,2017-11-13 16:18:13,2017-11-10,MBUU,Springer Jackie D. Jr.,CEO,S - Sale+OE,$27.76,-40000,86815,-32%,"-$1,110,400",,,,,MBUU
194,D,2017-11-08 19:17:07,2017-11-06,MBUU,Wilson Wayne R.,CFO,A - Grant,$0.00,5500,31658,+21%,+$0,,,,,MBUU
195,,2017-11-08 19:16:50,2017-11-06,MBUU,Gasper Dan L.,VP Product Design,A - Grant,$0.00,1275,3526,+57%,+$0,,,,,MBUU
196,D,2017-11-08 19:16:33,2017-11-06,MBUU,Springer Jackie D. Jr.,CEO,A - Grant,$0.00,11000,86815,+15%,+$0,,,,,MBUU
197,,2017-11-08 19:16:14,2017-11-06,MBUU,Kent Deborah S.,VP HR,A - Grant,$0.00,1475,7954,+23%,+$0,,,,,MBUU
198,D,2017-11-08 19:15:56,2017-11-06,MBUU,Anderson Ritchie L.,COO,A - Grant,$0.00,5500,23345,+31%,+$0,,,,,MBUU
199,M,2017-11-07 19:26:57,2017-11-04,MBUU,Anderson Ritchie L.,COO,F - Tax,$31.60,-846,17845,-5%,"-$26,734",,,,,MBUU
200,,2017-11-07 19:26:40,2017-11-04,MBUU,Kent Deborah S.,VP HR,F - Tax,$31.60,-192,6479,-3%,"-$6,067",,,,,MBUU
201,,2017-11-07 19:26:23,2017-11-04,MBUU,Gasper Dan L.,VP Product Design,F - Tax,$31.60,-249,2251,-10%,"-$7,868",,,,,MBUU
202,M,2017-11-07 19:26:06,2017-11-04,MBUU,Springer Jackie D. Jr.,CEO,F - Tax,$31.60,-3859,75815,-5%,"-$121,944",,,,,MBUU
203,M,2017-11-07 19:25:49,2017-11-04,MBUU,Wilson Wayne R.,CFO,F - Tax,$31.60,-1272,26158,-5%,"-$40,195",,,,,MBUU
204,,2017-11-06 18:31:17,2017-11-02,MBUU,Murphy Peter E,Dir,A - Grant,$0.00,2435,22230,+12%,+$0,,,,,MBUU
205,,2017-11-06 18:30:59,2017-11-02,MBUU,Buch James R.,Dir,A - Grant,$0.00,2435,19230,+14%,+$0,,,,,MBUU
206,,2017-11-06 18:30:41,2017-11-02,MBUU,Hooks Michael K.,Dir,A - Grant,$0.00,2435,31551,+8%,+$0,,,,,MBUU
207,,2017-11-06 18:30:22,2017-11-02,MBUU,Connolly Michael,Dir,A - Grant,$0.00,2435,31551,+8%,+$0,,,,,MBUU
208,,2017-11-06 18:30:07,2017-11-02,MBUU,Chhina Ivar S.,Dir,A - Grant,$0.00,2435,19230,+14%,+$0,,,,,MBUU
209,,2017-11-06 18:29:49,2017-11-02,MBUU,Lanigan Mark W.,Dir,A - Grant,$0.00,2435,31551,+8%,+$0,,,,,MBUU
210,,2017-11-06 18:29:32,2017-11-02,MBUU,Estes Phillip S.,Dir,A - Grant,$0.00,2435,26879,+10%,+$0,,,,,MBUU
211,,2017-11-06 18:29:16,2017-11-02,MBUU,Stokely John E,Dir,A - Grant,$0.00,2435,19230,+14%,+$0,,,,,MBUU
212,,2017-10-02 18:19:50,2017-10-02,MBUU,Estes Phillip S.,Dir,A - Grant,$0.00,497,24444,+2%,+$0,,,,,MBUU
213,,2017-10-02 18:19:32,2017-10-02,MBUU,Hooks Michael K.,Dir,A - Grant,$0.00,497,29116,+2%,+$0,,,,,MBUU
214,,2017-10-02 18:19:15,2017-10-02,MBUU,Connolly Michael,Dir,A - Grant,$0.00,497,29116,+2%,+$0,,,,,MBUU
215,,2017-10-02 18:18:56,2017-10-02,MBUU,Lanigan Mark W.,Dir,A - Grant,$0.00,497,29116,+2%,+$0,,,,,MBUU
216,,2017-09-15 16:43:40,2017-08-10,MBUU,Murphy Peter E,Dir,P - Purchase,$25.50,3000,19795,+18%,"+$76,500",,,,,MBUU
217,,2017-09-15 14:22:57,2017-09-13,MBUU,Anderson Ritchie L.,COO,A - Grant,$0.00,6126,18691,+49%,+$0,,,,,MBUU
218,,2017-09-15 14:22:57,2017-09-13,MBUU,Anderson Ritchie L.,COO,F - Tax,$27.29,-1671,18691,-8%,"-$45,602",,,,,MBUU
219,,2017-09-15 14:22:37,2017-09-13,MBUU,Wilson Wayne R.,CFO,A - Grant,$0.00,7307,27430,+36%,+$0,,,,,MBUU
220,,2017-09-15 14:22:37,2017-09-13,MBUU,Wilson Wayne R.,CFO,F - Tax,$27.29,-1999,27430,-7%,"-$54,553",,,,,MBUU
221,,2017-09-15 14:22:16,2017-09-13,MBUU,Springer Jackie D. Jr.,CEO,A - Grant,$0.00,17493,79674,+28%,+$0,,,,,MBUU
222,,2017-09-15 14:22:16,2017-09-13,MBUU,Springer Jackie D. Jr.,CEO,F - Tax,$27.29,-4786,79674,-6%,"-$130,610",,,,,MBUU
223,,2017-07-07 16:42:07,2017-07-07,MBUU,Estes Phillip S.,Dir,A - Grant,$0.00,602,23947,+3%,+$0,,,,,MBUU
224,,2017-07-07 16:41:49,2017-07-07,MBUU,Hooks Michael K.,Dir,A - Grant,$0.00,602,28619,+2%,+$0,,,,,MBUU
225,,2017-07-07 16:41:33,2017-07-07,MBUU,Lanigan Mark W.,Dir,A - Grant,$0.00,602,28619,+2%,+$0,,,,,MBUU
226,,2017-07-07 16:41:13,2017-07-07,MBUU,Connolly Michael,Dir,A - Grant,$0.00,602,28619,+2%,+$0,,,,,MBUU
227,,2017-07-07 08:19:14,2017-07-06,MBUU,St Clair William Paxson Jr,"Pres of COBalt Boats, LLC",A - Grant,$0.00,39262,39262,New,+$0,,,,,MBUU
228,,2017-06-29 13:13:41,2017-06-27,MBUU,Kent Deborah S.,VP HR,F - Tax,$25.47,-327,6671,-5%,"-$8,329",,,,,MBUU
229,,2017-05-18 17:26:46,2017-05-16,MBUU,Kent Deborah S.,VP HR,F - Tax,$22.86,-74,6998,-1%,"-$1,692",,,,,MBUU
230,,2017-04-03 16:17:26,2017-03-31,MBUU,Estes Phillip S.,Dir,A - Grant,$0.00,686,23345,+3%,+$0,0.0,-1.0,4.0,,MBUU
231,,2017-04-03 16:17:00,2017-03-31,MBUU,Lanigan Mark W.,Dir,A - Grant,$0.00,686,28017,+3%,+$0,0.0,-1.0,4.0,,MBUU
232,,2017-04-03 16:16:35,2017-03-31,MBUU,Hooks Michael K.,Dir,A - Grant,$0.00,686,28017,+3%,+$0,0.0,-1.0,4.0,,MBUU
233,,2017-04-03 16:16:16,2017-03-31,MBUU,Connolly Michael,Dir,A - Grant,$0.00,686,28017,+3%,+$0,0.0,-1.0,4.0,,MBUU
234,D,2017-02-06 21:51:29,2017-02-03,MBUU,Anderson Ritchie L.,COO,C - Converted deriv,$0.00,35000,14236,-71%,$0,0.0,2.0,-1.0,,MBUU
235,DM,2017-02-06 21:51:29,2017-02-03,MBUU,Anderson Ritchie L.,COO,S - Sale+OE,$20.13,-35000,14236,-71%,"-$704,689",0.0,2.0,-1.0,,MBUU
236,D,2017-02-06 21:51:13,2017-02-03,MBUU,Wilson Wayne R.,CFO,C - Converted deriv,$0.00,35000,22122,-61%,$0,0.0,2.0,-1.0,,MBUU
237,DM,2017-02-06 21:51:13,2017-02-03,MBUU,Wilson Wayne R.,CFO,S - Sale+OE,$20.13,-35000,22122,-61%,"-$704,689",0.0,2.0,-1.0,,MBUU
238,,2017-01-03 20:35:27,2016-12-31,MBUU,Connolly Michael,Dir,A - Grant,$0.00,825,27331,+3%,+$0,3.0,-4.0,5.0,,MBUU
239,,2017-01-03 20:35:10,2016-12-31,MBUU,Estes Phillip S.,Dir,A - Grant,$0.00,825,22659,+4%,+$0,3.0,-4.0,5.0,,MBUU
240,,2017-01-03 20:34:55,2016-12-31,MBUU,Hooks Michael K.,Dir,A - Grant,$0.00,825,27331,+3%,+$0,3.0,-4.0,5.0,,MBUU
241,,2017-01-03 20:34:40,2016-12-31,MBUU,Lanigan Mark W.,Dir,A - Grant,$0.00,825,27331,+3%,+$0,3.0,-4.0,5.0,,MBUU
242,D,2016-12-20 18:06:38,2016-12-16,MBUU,Anderson Ritchie L.,COO,C - Converted deriv,$0.00,8344,14236,-37%,$0,-1.0,0.0,-9.0,,MBUU
243,D,2016-12-20 18:06:38,2016-12-16,MBUU,Anderson Ritchie L.,COO,S - Sale+OE,$19.19,-8344,14236,-37%,"-$160,121",-1.0,0.0,-9.0,,MBUU
244,,2016-11-08 20:24:44,2016-11-04,MBUU,Anderson Ritchie L.,COO,A - Grant,$0.00,5000,14236,+54%,+$0,2.0,8.0,18.0,52.0,MBUU
245,,2016-11-08 20:24:44,2016-11-06,MBUU,Anderson Ritchie L.,COO,F - Tax,$15.62,-504,14236,-3%,"-$7,872",2.0,8.0,18.0,52.0,MBUU
246,,2016-11-08 20:24:25,2016-11-04,MBUU,Kent Deborah S.,VP HR,A - Grant,$0.00,2900,7072,+70%,+$0,2.0,8.0,18.0,52.0,MBUU
247,,2016-11-08 20:24:10,2016-11-04,MBUU,Gasper Dan L.,VP Product Design,A - Grant,$0.00,2500,2500,New,+$0,2.0,8.0,18.0,52.0,MBUU
248,,2016-11-08 20:23:53,2016-11-04,MBUU,Wilson Wayne R.,CFO,A - Grant,$0.00,7000,22122,+46%,+$0,2.0,8.0,18.0,52.0,MBUU
249,,2016-11-08 20:23:53,2016-11-06,MBUU,Wilson Wayne R.,CFO,F - Tax,$15.62,-793,22122,-3%,"-$12,387",2.0,8.0,18.0,52.0,MBUU
250,,2016-11-08 20:23:38,2016-11-04,MBUU,Springer Jackie D. Jr.,CEO,A - Grant,$0.00,20250,66967,+43%,+$0,2.0,8.0,18.0,52.0,MBUU
251,,2016-11-08 20:23:38,2016-11-06,MBUU,Springer Jackie D. Jr.,CEO,F - Tax,$15.62,-2474,66967,-4%,"-$38,644",2.0,8.0,18.0,52.0,MBUU
252,,2016-11-01 17:40:37,2016-10-28,MBUU,Connolly Michael,Dir,A - Grant,$0.00,4289,26506,+19%,+$0,1.0,8.0,23.0,51.0,MBUU
253,,2016-11-01 17:40:23,2016-10-28,MBUU,Estes Phillip S.,Dir,A - Grant,$0.00,4289,21834,+24%,+$0,1.0,8.0,23.0,51.0,MBUU
254,,2016-11-01 17:39:58,2016-10-28,MBUU,Chhina Ivar S.,Dir,A - Grant,$0.00,4289,16795,+34%,+$0,1.0,8.0,23.0,51.0,MBUU
255,,2016-11-01 17:39:38,2016-10-28,MBUU,Buch James R.,Dir,A - Grant,$0.00,4289,16795,+34%,+$0,1.0,8.0,23.0,51.0,MBUU
256,,2016-11-01 17:39:22,2016-10-28,MBUU,Murphy Peter E,Dir,A - Grant,$0.00,4289,16795,+34%,+$0,1.0,8.0,23.0,51.0,MBUU
257,,2016-11-01 17:39:07,2016-10-28,MBUU,Stokely John E,Dir,A - Grant,$0.00,4289,16795,+34%,+$0,1.0,8.0,23.0,51.0,MBUU
258,,2016-11-01 17:38:50,2016-10-28,MBUU,Lanigan Mark W.,Dir,A - Grant,$0.00,4289,26506,+19%,+$0,1.0,8.0,23.0,51.0,MBUU
259,,2016-11-01 17:38:27,2016-10-28,MBUU,Hooks Michael K.,Dir,A - Grant,$0.00,4289,26506,+19%,+$0,1.0,8.0,23.0,51.0,MBUU
260,,2016-10-04 08:19:38,2016-09-30,MBUU,Connolly Michael,Dir,A - Grant,$0.00,1057,22217,+5%,+$0,2.0,-1.0,1.0,48.0,MBUU
261,,2016-10-04 08:19:20,2016-09-30,MBUU,Estes Phillip S.,Dir,A - Grant,$0.00,1057,17545,+6%,+$0,2.0,-1.0,1.0,48.0,MBUU
262,,2016-10-04 08:19:03,2016-09-30,MBUU,Lanigan Mark W.,Dir,A - Grant,$0.00,1057,22217,+5%,+$0,2.0,-1.0,1.0,48.0,MBUU
263,,2016-10-04 08:18:45,2016-09-30,MBUU,Hooks Michael K.,Dir,A - Grant,$0.00,1057,22217,+5%,+$0,2.0,-1.0,1.0,48.0,MBUU
264,,2016-09-16 08:12:36,2016-09-14,MBUU,Springer Jackie D. Jr.,CEO,A - Grant,$0.00,12430,49191,+34%,+$0,2.0,3.0,-2.0,48.0,MBUU
265,,2016-09-16 08:12:36,2016-09-14,MBUU,Springer Jackie D. Jr.,CEO,F - Tax,$14.10,-3399,49191,-6%,"-$47,926",2.0,3.0,-2.0,48.0,MBUU
266,,2016-09-16 08:12:20,2016-09-14,MBUU,Anderson Ritchie L.,COO,A - Grant,$0.00,2376,9740,+32%,+$0,2.0,3.0,-2.0,48.0,MBUU
267,,2016-09-16 08:12:20,2016-09-14,MBUU,Anderson Ritchie L.,COO,F - Tax,$14.10,-629,9740,-6%,"-$8,869",2.0,3.0,-2.0,48.0,MBUU
268,,2016-09-16 08:12:03,2016-09-14,MBUU,Wilson Wayne R.,CFO,A - Grant,$0.00,4056,15915,+34%,+$0,2.0,3.0,-2.0,48.0,MBUU
269,,2016-09-16 08:12:03,2016-09-14,MBUU,Wilson Wayne R.,CFO,F - Tax,$14.10,-1098,15915,-6%,"-$15,482",2.0,3.0,-2.0,48.0,MBUU
270,,2016-07-08 15:57:51,2016-07-06,MBUU,Kent Deborah S.,VP HR,F - Tax,$12.36,-327,4172,-7%,"-$4,042",4.0,4.0,6.0,56.0,MBUU
271,,2016-07-01 15:18:32,2016-06-30,MBUU,Estes Phillip S.,Dir,A - Grant,$0.00,1289,16488,+8%,+$0,2.0,8.0,10.0,58.0,MBUU
272,,2016-07-01 15:18:14,2016-06-30,MBUU,Hooks Michael K.,Dir,A - Grant,$0.00,1289,21160,+6%,+$0,2.0,8.0,10.0,58.0,MBUU
273,,2016-07-01 15:17:52,2016-06-30,MBUU,Lanigan Mark W.,Dir,A - Grant,$0.00,1289,21160,+6%,+$0,2.0,8.0,10.0,58.0,MBUU
274,,2016-07-01 15:17:37,2016-06-30,MBUU,Connolly Michael,Dir,A - Grant,$0.00,1289,21160,+6%,+$0,2.0,8.0,10.0,58.0,MBUU
275,,2016-05-26 09:23:07,2016-05-24,MBUU,Kent Deborah S.,VP HR,F - Tax,$13.45,-74,4499,-2%,-$995,1.0,0.0,-11.0,30.0,MBUU
276,,2016-04-01 13:01:10,2016-03-31,MBUU,Lanigan Mark W.,Dir,A - Grant,$0.00,950,19871,+5%,+$0,-2.0,-3.0,7.0,-9.0,MBUU
277,,2016-04-01 13:00:53,2016-03-31,MBUU,Estes Phillip S.,Dir,A - Grant,$0.00,950,15199,+7%,+$0,-2.0,-3.0,7.0,-9.0,MBUU
278,,2016-04-01 13:00:38,2016-03-31,MBUU,Hooks Michael K.,Dir,A - Grant,$0.00,950,19871,+5%,+$0,-2.0,-3.0,7.0,-9.0,MBUU
279,,2016-04-01 13:00:25,2016-03-31,MBUU,Connolly Michael,Dir,A - Grant,$0.00,950,19871,+5%,+$0,-2.0,-3.0,7.0,-9.0,MBUU
280,,2016-01-28 16:35:02,2015-11-06,MBUU,Wilson Wayne R.,CFO,F - Tax,$15.27,-951,12957,-7%,"-$14,522",4.0,1.0,23.0,6.0,MBUU
281,,2016-01-28 16:34:48,2015-11-06,MBUU,Springer Jackie D. Jr.,CEO,F - Tax,$15.27,-2782,40160,-6%,"-$42,481",4.0,1.0,23.0,6.0,MBUU
282,,2016-01-28 16:34:32,2015-11-06,MBUU,Anderson Ritchie L.,COO,F - Tax,$15.27,-440,7993,-5%,"-$6,719",4.0,1.0,23.0,6.0,MBUU
283,,2016-01-04 16:44:53,2015-12-31,MBUU,Estes Phillip S.,Dir,A - Grant,$0.00,962,14249,+7%,+$0,1.0,-6.0,-21.0,-23.0,MBUU
284,,2016-01-04 16:44:34,2015-12-31,MBUU,Lanigan Mark W.,Dir,A - Grant,$0.00,962,18921,+5%,+$0,1.0,-6.0,-21.0,-23.0,MBUU
285,,2016-01-04 16:44:11,2015-12-31,MBUU,Hooks Michael K.,Dir,A - Grant,$0.00,962,18921,+5%,+$0,1.0,-6.0,-21.0,-23.0,MBUU
286,,2016-01-04 16:43:58,2015-12-31,MBUU,Connolly Michael,Dir,A - Grant,$0.00,962,18921,+5%,+$0,1.0,-6.0,-21.0,-23.0,MBUU
287,,2015-11-09 16:16:15,2015-11-06,MBUU,Wilson Wayne R.,CFO,A - Grant,$0.00,13908,13908,New,+$0,0.0,-5.0,6.0,-5.0,MBUU
288,,2015-11-09 16:16:00,2015-11-06,MBUU,Anderson Ritchie L.,COO,A - Grant,$0.00,8433,8433,New,+$0,0.0,-5.0,6.0,-5.0,MBUU
289,,2015-11-09 16:15:36,2015-11-06,MBUU,Springer Jackie D. Jr.,CEO,A - Grant,$0.00,42942,42942,New,+$0,0.0,-5.0,6.0,-5.0,MBUU
290,,2015-11-02 15:41:45,2015-10-29,MBUU,Murphy Peter E,Dir,A - Grant,$0.00,4361,12506,+54%,+$0,2.0,7.0,9.0,23.0,MBUU
291,,2015-11-02 15:41:31,2015-10-29,MBUU,Stokely John E,Dir,A - Grant,$0.00,4361,12506,+54%,+$0,2.0,7.0,9.0,23.0,MBUU
292,,2015-11-02 15:41:19,2015-10-29,MBUU,Buch James R.,Dir,A - Grant,$0.00,4361,12506,+54%,+$0,2.0,7.0,9.0,23.0,MBUU
293,,2015-11-02 15:41:04,2015-10-29,MBUU,Lanigan Mark W.,Dir,A - Grant,$0.00,4361,17959,+32%,+$0,2.0,7.0,9.0,23.0,MBUU
294,,2015-11-02 15:40:44,2015-10-29,MBUU,Connolly Michael,Dir,A - Grant,$0.00,4361,17959,+32%,+$0,2.0,7.0,9.0,23.0,MBUU
295,,2015-11-02 15:40:31,2015-10-29,MBUU,Hooks Michael K.,Dir,A - Grant,$0.00,4361,17959,+32%,+$0,2.0,7.0,9.0,23.0,MBUU
296,,2015-11-02 15:40:12,2015-10-29,MBUU,Chhina Ivar S.,Dir,A - Grant,$0.00,4361,12506,+54%,+$0,2.0,7.0,9.0,23.0,MBUU
297,,2015-11-02 15:39:58,2015-10-29,MBUU,Estes Phillip S.,Dir,A - Grant,$0.00,4361,13287,+49%,+$0,2.0,7.0,9.0,23.0,MBUU
298,,2015-10-01 09:59:26,2015-09-30,MBUU,Lanigan Mark W.,Dir,A - Grant,$0.00,1126,13598,+9%,+$0,-2.0,6.0,3.0,15.0,MBUU
299,,2015-10-01 09:59:14,2015-09-30,MBUU,Connolly Michael,Dir,A - Grant,$0.00,1126,13598,+9%,+$0,-2.0,6.0,3.0,15.0,MBUU
300,,2015-10-01 09:58:59,2015-09-30,MBUU,Hooks Michael K.,Dir,A - Grant,$0.00,1126,13598,+9%,+$0,-2.0,6.0,3.0,15.0,MBUU
301,,2015-10-01 09:58:41,2015-09-30,MBUU,Estes Phillip S.,Dir,A - Grant,$0.00,1126,8926,+14%,+$0,-2.0,6.0,3.0,15.0,MBUU
302,,2015-07-27 16:34:50,2015-07-23,MBUU,Kent Deborah S.,VP HR,F - Tax,$21.21,-327,4573,-7%,"-$6,936",0.0,3.0,-11.0,-30.0,MBUU
303,,2015-07-02 12:45:36,2015-06-30,MBUU,Estes Phillip S.,Dir,A - Grant,$0.00,775,7800,+11%,+$0,-2.0,0.0,-6.0,-22.0,MBUU
304,,2015-07-02 12:45:14,2015-06-30,MBUU,Connolly Michael,Dir,A - Grant,$0.00,775,12472,+7%,+$0,-2.0,0.0,-6.0,-22.0,MBUU
305,,2015-07-02 12:44:56,2015-06-30,MBUU,Hooks Michael K.,Dir,A - Grant,$0.00,775,12472,+7%,+$0,-2.0,0.0,-6.0,-22.0,MBUU
306,,2015-07-02 12:44:40,2015-06-30,MBUU,Lanigan Mark W.,Dir,A - Grant,$0.00,775,12472,+7%,+$0,-2.0,0.0,-6.0,-22.0,MBUU
307,D,2015-05-27 17:05:59,2015-05-27,MBUU,Lanigan Mark W.,"Dir, 10%",C - Converted deriv,$0.00,1585988,11698,-99%,$0,0.0,2.0,4.0,-26.0,MBUU
308,D,2015-05-27 17:05:59,2015-05-27,MBUU,Lanigan Mark W.,"Dir, 10%",S - Sale+OE,$19.05,-2602416,11698,-100%,"-$49,576,025",0.0,2.0,4.0,-26.0,MBUU
309,D,2015-05-27 17:05:56,2015-05-27,MBUU,"Black Canyon Investments, L.P.","Dir, 10%",C - Converted deriv,$0.00,1585988,0,-100%,$0,0.0,2.0,4.0,-26.0,MBUU
310,D,2015-05-27 17:05:56,2015-05-27,MBUU,"Black Canyon Investments, L.P.","Dir, 10%",S - Sale+OE,$19.05,-2602416,0,-100%,"-$49,576,025",0.0,2.0,4.0,-26.0,MBUU
311,D,2015-05-27 17:05:36,2015-05-27,MBUU,Estes Phillip S.,Dir,C - Converted deriv,$0.00,639612,7025,-99%,$0,0.0,2.0,4.0,-26.0,MBUU
312,D,2015-05-27 17:05:36,2015-05-27,MBUU,Estes Phillip S.,Dir,S - Sale+OE,$19.05,-639612,7025,-99%,"-$12,184,609",0.0,2.0,4.0,-26.0,MBUU
313,D,2015-05-27 17:01:33,2015-05-27,MBUU,Hooks Michael K.,"Dir, 10%",C - Converted deriv,$0.00,1611124,11698,-99%,$0,0.0,2.0,4.0,-26.0,MBUU
314,D,2015-05-27 17:01:33,2015-05-27,MBUU,Hooks Michael K.,"Dir, 10%",S - Sale+OE,$19.05,-2627552,11698,-100%,"-$50,054,866",0.0,2.0,4.0,-26.0,MBUU
315,D,2015-05-27 17:01:06,2015-05-27,MBUU,Kent Deborah S.,VP HR,C - Converted deriv,$0.00,4798,4900,-49%,$0,0.0,2.0,4.0,-26.0,MBUU
316,D,2015-05-27 17:01:06,2015-05-27,MBUU,Kent Deborah S.,VP HR,S - Sale+OE,$19.05,-4798,4900,-49%,"-$91,402",0.0,2.0,4.0,-26.0,MBUU
317,D,2015-05-27 16:56:26,2015-05-27,MBUU,Anderson Ritchie L.,COO,C - Converted deriv,$0.00,29183,0,-100%,$0,0.0,2.0,4.0,-26.0,MBUU
318,D,2015-05-27 16:56:26,2015-05-27,MBUU,Anderson Ritchie L.,COO,S - Sale+OE,$19.05,-29183,0,-100%,"-$555,936",0.0,2.0,4.0,-26.0,MBUU
319,,2015-05-18 16:38:47,2015-05-16,MBUU,Kent Deborah S.,VP of HR,A - Grant,$0.00,900,4900,+23%,+$0,1.0,2.0,7.0,-30.0,MBUU
320,D,2015-04-15 17:56:27,2015-04-15,MBUU,Kent Deborah S.,VP HR,C - Converted deriv,$0.00,3191,0,-100%,$0,6.0,1.0,-9.0,-34.0,MBUU
321,D,2015-04-15 17:56:27,2015-04-15,MBUU,Kent Deborah S.,VP HR,D - Sale to issuer,$21.00,-3191,0,-100%,"-$67,011",6.0,1.0,-9.0,-34.0,MBUU
322,D,2015-04-15 17:56:07,2015-04-15,MBUU,"Black Canyon Investments, L.P.","Dir, 10%",C - Converted deriv,$0.00,1054818,119333,-90%,$0,6.0,1.0,-9.0,-34.0,MBUU
323,D,2015-04-15 17:56:07,2015-04-15,MBUU,"Black Canyon Investments, L.P.","Dir, 10%",D - Sale to issuer,$21.00,-1730828,119333,-94%,"-$36,347,388",6.0,1.0,-9.0,-34.0,MBUU
324,D,2015-04-15 17:51:22,2015-04-15,MBUU,Wilson Wayne R.,CFO,C - Converted deriv,$0.00,27332,0,-100%,$0,6.0,1.0,-9.0,-34.0,MBUU
325,D,2015-04-15 17:51:22,2015-04-15,MBUU,Wilson Wayne R.,CFO,D - Sale to issuer,$21.00,-27332,0,-100%,"-$573,972",6.0,1.0,-9.0,-34.0,MBUU
326,D,2015-04-15 17:50:41,2015-04-15,MBUU,Hooks Michael K.,"Dir, 10%",C - Converted deriv,$0.00,1088163,131030,-89%,$0,6.0,1.0,-9.0,-34.0,MBUU
327,D,2015-04-15 17:50:41,2015-04-15,MBUU,Hooks Michael K.,"Dir, 10%",D - Sale to issuer,$21.00,-1764173,131030,-93%,"-$37,047,633",6.0,1.0,-9.0,-34.0,MBUU
328,D,2015-04-15 17:49:24,2015-04-15,MBUU,Anderson Ritchie L.,COO,C - Converted deriv,$0.00,5524,0,-100%,$0,6.0,1.0,-9.0,-34.0,MBUU
329,D,2015-04-15 17:49:24,2015-04-15,MBUU,Anderson Ritchie L.,COO,D - Sale to issuer,$21.00,-5524,0,-100%,"-$116,004",6.0,1.0,-9.0,-34.0,MBUU
330,D,2015-04-15 17:48:13,2015-04-15,MBUU,Springer Jackie D. Jr.,CEO,C - Converted deriv,$0.00,72069,0,-100%,$0,6.0,1.0,-9.0,-34.0,MBUU
331,D,2015-04-15 17:48:13,2015-04-15,MBUU,Springer Jackie D. Jr.,CEO,D - Sale to issuer,$21.00,-72069,0,-100%,"-$1,513,449",6.0,1.0,-9.0,-34.0,MBUU
332,D,2015-04-15 17:48:12,2015-04-15,MBUU,Estes Phillip S.,Dir,C - Converted deriv,$0.00,840169,7025,-99%,$0,6.0,1.0,-9.0,-34.0,MBUU
333,D,2015-04-15 17:48:12,2015-04-15,MBUU,Estes Phillip S.,Dir,D - Sale to issuer,$21.00,-844841,7025,-99%,"-$17,741,661",6.0,1.0,-9.0,-34.0,MBUU
334,D,2015-04-15 17:45:00,2015-04-15,MBUU,Lanigan Mark W.,"Dir, 10%",C - Converted deriv,$0.00,1088163,131030,-89%,$0,6.0,1.0,-9.0,-34.0,MBUU
335,D,2015-04-15 17:45:00,2015-04-15,MBUU,Lanigan Mark W.,"Dir, 10%",D - Sale to issuer,$21.00,-1764173,131030,-93%,"-$37,047,633",6.0,1.0,-9.0,-34.0,MBUU
336,,2015-04-02 08:11:10,2015-03-31,MBUU,Connolly Michael,Dir,A - Grant,$0.00,659,11697,+6%,+$0,0.0,-1.0,-8.0,-39.0,MBUU
337,,2015-04-02 08:10:56,2015-03-31,MBUU,Hooks Michael K.,"Dir, 10%",A - Grant,$0.00,659,1704135,0%,+$0,0.0,-1.0,-8.0,-39.0,MBUU
338,,2015-04-02 08:10:28,2015-03-31,MBUU,Lanigan Mark W.,"Dir, 10%",A - Grant,$0.00,659,1704135,0%,+$0,0.0,-1.0,-8.0,-39.0,MBUU
339,,2015-04-02 08:10:12,2015-03-31,MBUU,Estes Phillip S.,Dir,A - Grant,$0.00,659,11697,+6%,+$0,0.0,-1.0,-8.0,-39.0,MBUU
340,,2015-01-05 12:15:55,2014-12-31,MBUU,Hooks Michael K.,"Dir, 10%",A - Grant,$0.00,817,1703476,0%,+$0,-1.0,-2.0,18.0,8.0,MBUU
341,,2015-01-05 12:15:37,2014-12-31,MBUU,Estes Phillip S.,Dir,A - Grant,$0.00,817,11038,+8%,+$0,-1.0,-2.0,18.0,8.0,MBUU
342,,2015-01-05 12:15:19,2014-12-31,MBUU,Connolly Michael,Dir,A - Grant,$0.00,817,11038,+8%,+$0,-1.0,-2.0,18.0,8.0,MBUU
343,,2015-01-05 12:14:57,2014-12-31,MBUU,Lanigan Mark W.,"Dir, 10%",A - Grant,$0.00,817,1703476,0%,+$0,-1.0,-2.0,18.0,8.0,MBUU
344,,2014-10-02 14:20:01,2014-09-30,MBUU,Connolly Michael,Dir,A - Grant,$0.00,850,10221,+9%,+$0,1.0,-5.0,-2.0,24.0,MBUU
345,,2014-10-02 14:19:45,2014-09-30,MBUU,Estes Phillip S.,Dir,A - Grant,$0.00,850,10221,+9%,+$0,1.0,-5.0,-2.0,24.0,MBUU
346,,2014-10-02 14:19:31,2014-09-30,MBUU,Hooks Michael K.,"Dir, 10%",A - Grant,$0.00,850,1702659,0%,+$0,1.0,-5.0,-2.0,24.0,MBUU
347,,2014-10-02 14:19:13,2014-09-30,MBUU,Lanigan Mark W.,"Dir, 10%",A - Grant,$0.00,850,1702659,0%,+$0,1.0,-5.0,-2.0,24.0,MBUU
348,D,2014-07-15 16:31:12,2014-07-15,MBUU,Hooks Michael K.,"Dir, 10%",S - Sale+OE,$18.50,-1148107,208070,-85%,"-$21,239,980",1.0,4.0,2.0,1.0,MBUU
349,D,2014-07-15 16:31:05,2014-07-15,MBUU,Lanigan Mark W.,"Dir, 10%",S - Sale+OE,$18.50,-1148107,208070,-85%,"-$21,239,980",1.0,4.0,2.0,1.0,MBUU
350,,2014-07-15 16:30:33,2014-07-15,MBUU,"Canyon Value Realization Master Fund, L.P.","Dir, 10%",S - Sale,$18.50,-1013314,1493739,-40%,"-$18,746,309",1.0,4.0,2.0,1.0,MBUU
351,D,2014-07-15 16:30:25,2014-07-15,MBUU,"Black Canyon Investments, L.P.","Dir, 10%",S - Sale+OE,$18.50,-1148107,198699,-85%,"-$21,239,980",1.0,4.0,2.0,1.0,MBUU
352,,2014-07-01 16:35:30,2014-06-30,MBUU,Stokely John E,Dir,A - Grant,$0.00,8145,8145,New,+$0,-2.0,-12.0,0.0,-4.0,MBUU
353,,2014-07-01 16:33:13,2014-06-27,MBUU,Kent Deborah S.,"VP, HR",A - Grant,$0.00,4000,4000,New,+$0,-2.0,-12.0,0.0,-4.0,MBUU
354,,2014-07-01 16:32:43,2014-06-30,MBUU,Hooks Michael K.,"Dir, 10%",A - Grant,$0.00,9371,2849916,0%,+$0,-2.0,-12.0,0.0,-4.0,MBUU
355,,2014-07-01 16:31:42,2014-06-30,MBUU,Chhina Ivar S.,Dir,A - Grant,$0.00,8145,8145,New,+$0,-2.0,-12.0,0.0,-4.0,MBUU
356,,2014-07-01 16:31:30,2014-06-30,MBUU,Connolly Michael,Dir,A - Grant,$0.00,9371,9371,New,+$0,-2.0,-12.0,0.0,-4.0,MBUU
357,,2014-07-01 16:30:55,2014-06-30,MBUU,Estes Phillip S.,Dir,A - Grant,$0.00,9371,9371,New,+$0,-2.0,-12.0,0.0,-4.0,MBUU
358,,2014-07-01 16:30:27,2014-06-30,MBUU,Lanigan Mark W.,"Dir, 10%",A - Grant,$0.00,9371,2849916,0%,+$0,-2.0,-12.0,0.0,-4.0,MBUU
359,,2014-07-01 16:30:26,2014-06-30,MBUU,Buch James R.,Dir,A - Grant,$0.00,8145,8145,New,+$0,-2.0,-12.0,0.0,-4.0,MBUU
360,,2014-07-01 16:30:13,2014-06-30,MBUU,Murphy Peter E,Dir,A - Grant,$0.00,8145,8145,New,+$0,-2.0,-12.0,0.0,-4.0,MBUU
361,,2014-05-09 17:41:46,2014-02-05,MBUU,"Canyon Value Realization Master Fund, L.P.","Dir, 10%",S - Sale,$14.00,-504217,2507053,-17%,"-$7,059,038",8.0,3.0,6.0,-4.0,MBUU
362,D,2014-05-09 17:40:38,2014-02-05,MBUU,"Black Canyon Investments, L.P.","Dir, 10%",S - Sale+OE,$14.00,-571289,333494,-63%,"-$7,998,046",8.0,3.0,6.0,-4.0,MBUU
363,D,2014-05-09 17:38:49,2014-02-05,MBUU,Hooks Michael K.,"Dir, 10%",S - Sale+OE,$14.00,-571289,333493,-63%,"-$7,998,046",8.0,3.0,6.0,-4.0,MBUU
364,D,2014-05-09 17:35:03,2014-02-05,MBUU,Black Canyon Direct Investment Fund LP,"Dir, 10%",S - Sale+OE,$14.00,-67072,333493,-17%,"-$939,008",8.0,3.0,6.0,-4.0,MBUU
365,D,2014-05-09 17:33:51,2014-02-05,MBUU,Lanigan Mark W.,"Dir, 10%",S - Sale+OE,$14.00,-571289,333493,-63%,"-$7,998,046",8.0,3.0,6.0,-4.0,MBUU
366,D,2014-02-07 17:43:28,2014-02-05,MBUU,Anderson Ritchie L.,COO,A - Grant,$1.00,1,1,New,+$1,0.0,-3.0,37.0,11.0,MBUU
367,D,2014-02-07 17:31:31,2014-02-05,MBUU,Kent Deborah S.,See Remarks,A - Grant,$1.00,1,1,New,+$1,0.0,-3.0,37.0,11.0,MBUU
368,D,2014-02-07 17:04:59,2014-02-05,MBUU,Springer Jackie D. Jr.,CEO,A - Grant,$1.00,1,1,New,+$1,0.0,-3.0,37.0,11.0,MBUU
369,D,2014-02-07 17:03:32,2014-02-05,MBUU,Gasper Dan L.,See Remarks,A - Grant,$1.00,1,1,New,+$1,0.0,-3.0,37.0,11.0,MBUU
370,D,2014-02-07 16:51:18,2014-02-05,MBUU,Wilson Wayne R.,CFO,A - Grant,$1.00,1,1,New,+$1,0.0,-3.0,37.0,11.0,MBUU
371,,2014-02-06 19:28:30,2014-02-04,MBUU,Bc-Malibu Boats Gp,10%,S - Sale,$0.10,-100,0,-100%,-$10,2.0,3.0,34.0,12.0,MBUU
