,X,FilingDate,TradeDate,Ticker,InsiderName,Title,TradeType,Price,Qty,Owned,delta_Own,Value,1d,1w,1m,6m,ticker
0,,2022-03-10 13:12:02,2022-03-08,NATI,Rust Scott Arthur,EVP,G - Gift,0.0,-500,47452,-1%,-0.0,,,,,NATI
1,,2022-03-02 13:47:15,2022-02-28,NATI,Rapp Karen Marie,"CFO, EVP",S - Sale,39.75,-3411,124851,-3%,-135587.0,,,,,NATI
2,,2022-02-09 16:20:54,2022-02-08,NATI,Favre Ritu,EVP,G - Gift,0.0,-2846,52020,+6%,-0.0,,,,,NATI
3,,2022-02-02 16:25:46,2022-02-01,NATI,Rust Scott Arthur,EVP,A - Grant,35.04,151,47952,0%,5291.0,,,,,NATI
4,,2022-02-02 16:25:46,2022-01-31,NATI,Rust Scott Arthur,EVP,S - Sale,40.44,-1429,47952,-3%,-57789.0,,,,,NATI
5,,2022-02-02 16:25:04,2022-02-01,NATI,Green Jason Elliot,"Chief Revenue Officer, EVP",A - Grant,35.04,207,102533,0%,7253.0,,,,,NATI
6,,2022-02-02 16:23:31,2022-01-31,NATI,Rapp Karen Marie,"CFO, EVP",S - Sale,40.44,-2108,128262,-2%,-85248.0,,,,,NATI
7,M,2022-02-02 16:22:37,2022-01-31,NATI,Starkloff Eric Howard,"Pres, CEO",S - Sale,41.13,-10403,296982,-3%,-427845.0,,,,,NATI
8,,2022-02-01 13:03:27,2022-01-31,NATI,Davern Alexander M,Dir,S - Sale,40.84,-3000,274813,-1%,-122520.0,,,,,NATI
9,,2022-01-31 17:52:51,2022-01-31,NATI,McGrath Michael E,Dir,P - Purchase,41.0,2000,42055,+5%,82000.0,,,,,NATI
10,D,2022-01-20 18:17:03,2022-01-18,NATI,Green Jason Elliot,"Chief Revenue Officer, EVP",A - Grant,0.0,15969,102326,+18%,0.0,,,,,NATI
11,D,2022-01-20 18:16:17,2022-01-18,NATI,Rapp Karen Marie,"CFO, EVP",A - Grant,0.0,22154,130370,+20%,0.0,,,,,NATI
12,D,2022-01-20 18:15:53,2022-01-18,NATI,Rust Scott Arthur,EVP,A - Grant,0.0,15591,49230,+46%,0.0,,,,,NATI
13,D,2022-01-20 18:15:23,2022-01-18,NATI,Favre Ritu,EVP,A - Grant,0.0,13151,52020,+34%,0.0,,,,,NATI
14,DM,2022-01-20 18:14:57,2022-01-18,NATI,Starkloff Eric Howard,"Pres, CEO",A - Grant,0.0,66658,307385,+28%,0.0,,,,,NATI
15,,2021-11-23 18:37:52,2021-11-22,NATI,Davern Alexander M,Dir,S - Sale,45.85,-5000,277813,-2%,-229250.0,,,,,NATI
16,,2021-11-22 16:12:06,2021-11-19,NATI,Fettweis Gerhard Paul,Dir,S - Sale,45.36,-2175,24530,-8%,-98658.0,,,,,NATI
17,,2021-11-18 08:50:14,2021-11-16,NATI,Rust Scott Arthur,EVP,S - Sale,45.24,-8832,33639,-21%,-399560.0,,,,,NATI
18,,2021-11-08 06:01:25,2021-11-01,NATI,Favre Ritu,EVP,F - Tax,42.47,-1437,38869,-4%,-61029.0,,,,,NATI
19,,2021-11-03 06:01:18,2021-11-01,NATI,Rust Scott Arthur,EVP,A - Grant,36.1,125,42471,0%,4512.0,,,,,NATI
20,,2021-08-06 14:25:14,2021-07-26,NATI,Davern Alexander M,Dir,G - Gift,0.0,-180000,282813,+175%,-0.0,,,,,NATI
21,A,2021-08-06 14:21:23,2021-05-03,NATI,Favre Ritu,EVP,F - Tax,41.41,-3151,40306,-7%,-130483.0,,,,,NATI
22,A,2021-08-06 14:21:23,2021-07-13,NATI,Favre Ritu,EVP,G - Gift,0.0,-6098,40306,+18%,-0.0,,,,,NATI
23,,2021-08-04 17:01:27,2021-08-02,NATI,Rust Scott Arthur,SVP,A - Grant,35.2,146,42346,0%,5139.0,,,,,NATI
24,,2021-08-04 17:01:27,2021-08-03,NATI,Rust Scott Arthur,SVP,S - Sale,44.02,-18710,42346,-31%,-823577.0,,,,,NATI
25,,2021-05-05 16:46:42,2021-05-03,NATI,Fettweis Gerhard Paul,Dir,F - Tax,41.41,-580,26705,-2%,-24018.0,,,,,NATI
26,D,2021-05-05 16:26:39,2021-05-03,NATI,Starkloff Eric Howard,"Pres, CEO",F - Tax,41.41,-11439,240727,-5%,-473689.0,,,,,NATI
27,D,2021-05-05 16:26:39,2021-05-03,NATI,Starkloff Eric Howard,"Pres, CEO",M - OptEx,0.69,14593,240727,+6%,10029.0,,,,,NATI
28,D,2021-05-05 14:09:38,2021-05-03,NATI,Rust Scott Arthur,SVP,F - Tax,41.41,-4895,60910,-7%,-202702.0,,,,,NATI
29,D,2021-05-05 14:09:38,2021-05-03,NATI,Rust Scott Arthur,SVP,M - OptEx,0.52,9855,60910,+19%,5173.0,,,,,NATI
30,D,2021-05-05 12:19:15,2021-05-03,NATI,Rapp Karen Marie,"CFO, EVP",F - Tax,41.41,-4881,108216,-4%,-202122.0,,,,,NATI
31,D,2021-05-05 12:19:15,2021-05-03,NATI,Rapp Karen Marie,"CFO, EVP",M - OptEx,0.0,5000,108216,+5%,0.0,,,,,NATI
32,,2021-05-05 11:50:42,2021-05-03,NATI,Green Jason Elliot,"Chief Revenue Officer, EVP",F - Tax,41.41,-3919,86357,-4%,-162286.0,,,,,NATI
33,,2021-05-05 11:50:42,2021-05-03,NATI,Green Jason Elliot,"Chief Revenue Officer, EVP",M - OptEx,35.19,204,86357,0%,7179.0,,,,,NATI
34,,2021-05-05 11:03:37,2021-05-03,NATI,Favre Ritu,EVP,F - Tax,41.41,-3151,42217,-7%,-130483.0,,,,,NATI
35,,2021-04-22 13:49:12,2021-04-21,NATI,Davern Alexander M,Dir,A - Grant,0.0,4609,282813,+2%,0.0,,,,,NATI
36,,2021-04-22 13:10:41,2021-04-21,NATI,Fettweis Gerhard Paul,Dir,A - Grant,0.0,4609,27285,+20%,0.0,,,,,NATI
37,,2021-04-21 21:31:19,2021-04-21,NATI,McGrath Michael E,Dir,A - Grant,0.0,4609,40055,+13%,0.0,,,,,NATI
38,,2021-04-21 21:25:33,2021-04-21,NATI,Le Duy Loan T,Dir,A - Grant,0.0,4609,116738,+4%,0.0,,,,,NATI
39,,2021-04-21 21:11:56,2021-04-21,NATI,Delly Gayla J,Dir,A - Grant,0.0,4609,13523,+52%,0.0,,,,,NATI
40,,2021-04-21 21:07:06,2021-04-21,NATI,Griffin Liam,Dir,A - Grant,0.0,4609,16464,+39%,0.0,,,,,NATI
41,,2021-04-21 21:02:26,2021-04-21,NATI,Cashman James E III,Dir,A - Grant,0.0,4609,16464,+39%,0.0,,,,,NATI
42,,2021-04-21 13:52:54,2021-04-20,NATI,Rapp Karen Marie,"CFO, EVP",A - Grant,0.0,27700,108097,+34%,0.0,,,,,NATI
43,,2021-03-12 17:05:55,2021-02-01,NATI,Green Jason Elliot,"Chief Revenue Officer, EVP",M - OptEx,26.59,279,90072,0%,7418.0,,,,,NATI
44,,2021-02-19 16:52:29,2021-02-19,NATI,Rust Scott Arthur,SVP,G - Gift,0.0,-388,55950,-1%,-0.0,,,,,NATI
45,,2021-02-19 16:52:29,2021-02-01,NATI,Rust Scott Arthur,SVP,M - OptEx,26.59,235,55950,0%,6248.0,,,,,NATI
46,,2021-02-19 16:52:29,2021-02-17,NATI,Rust Scott Arthur,SVP,S - Sale,45.71,-2325,55950,-4%,-106269.0,,,,,NATI
47,D,2021-02-19 12:16:18,2021-02-17,NATI,Starkloff Eric Howard,"Pres, CEO",A - Grant,0.0,44974,237573,+23%,0.0,,,,,NATI
48,,2021-02-03 16:52:38,2021-02-01,NATI,Starkloff Eric Howard,"Pres, CEO",F - Tax,41.26,-6343,192599,-3%,-261712.0,,,,,NATI
49,,2021-02-03 16:52:38,2021-02-01,NATI,Starkloff Eric Howard,"Pres, CEO",M - OptEx,26.59,421,192599,0%,11194.0,,,,,NATI
50,D,2021-01-21 15:42:51,2021-01-19,NATI,Rust Scott Arthur,SVP,A - Grant,0.0,8768,58428,+18%,0.0,,,,,NATI
51,D,2021-01-21 15:34:57,2021-01-19,NATI,Green Jason Elliot,EVP,A - Grant,0.0,18705,89793,+26%,0.0,,,,,NATI
52,D,2021-01-21 15:29:21,2021-01-19,NATI,Rapp Karen Marie,"CFO, Treasurer, EVP",A - Grant,0.0,21043,80397,+35%,0.0,,,,,NATI
53,,2020-11-25 17:05:50,2020-08-03,NATI,Green Jason Elliot,SVP,M - OptEx,30.18,99,71088,0%,2987.0,,,,,NATI
54,,2020-11-25 17:05:50,2020-11-25,NATI,Green Jason Elliot,SVP,S - Sale,37.21,-1270,71088,-2%,-47257.0,,,,,NATI
55,M,2020-11-25 17:04:36,2020-08-03,NATI,Starkloff Eric Howard,"Pres, CEO",M - OptEx,30.26,25,198521,0%,757.0,,,,,NATI
56,M,2020-11-25 17:03:39,2020-08-03,NATI,Rust Scott Arthur,SVP,M - OptEx,30.89,265,49660,+1%,8186.0,,,,,NATI
57,,2020-08-14 11:35:34,2020-08-13,NATI,Sublett Carla Pineyro,CMO,S - Sale,35.88,-5563,31576,-15%,-199600.0,,,,,NATI
58,,2020-07-31 13:04:24,2020-07-29,NATI,Davern Alexander M,Dir,A - Grant,0.0,3556,278204,+1%,0.0,,,,,NATI
59,D,2020-05-15 13:36:24,2020-05-13,NATI,Davern Alexander M,Dir,D - Sale to issuer,0.0,-28917,274648,-10%,-0.0,,,,,NATI
60,D,2020-05-15 13:36:24,2020-05-13,NATI,Davern Alexander M,Dir,F - Tax,36.84,-20985,274648,-7%,-773087.0,,,,,NATI
61,D,2020-05-15 13:36:24,2020-05-13,NATI,Davern Alexander M,Dir,M - OptEx,0.0,23192,274648,+9%,0.0,,,,,NATI
62,,2020-05-05 19:58:40,2020-05-01,NATI,Green Jason Elliot,SVP,M - OptEx,32.66,241,72259,0%,7870.0,,,,,NATI
63,,2020-05-05 19:54:22,2020-05-01,NATI,Sublett Carla Pineyro,CMO,F - Tax,38.42,-1827,37139,-5%,-70193.0,,,,,NATI
64,,2020-05-05 19:54:22,2020-05-01,NATI,Sublett Carla Pineyro,CMO,M - OptEx,32.66,297,37139,+1%,9699.0,,,,,NATI
65,D,2020-05-05 19:45:13,2020-05-01,NATI,Davern Alexander M,Dir,F - Tax,38.42,-19433,301358,-6%,-746616.0,,,,,NATI
66,DM,2020-05-05 19:45:13,2020-02-03,NATI,Davern Alexander M,Dir,M - OptEx,0.8,26100,301358,+9%,20984.0,,,,,NATI
67,D,2020-05-05 19:42:39,2020-05-01,NATI,Rapp Karen Marie,"CFO, Treasurer, EVP",F - Tax,38.42,-3701,59354,-6%,-142192.0,,,,,NATI
68,D,2020-05-05 19:42:39,2020-05-01,NATI,Rapp Karen Marie,"CFO, Treasurer, EVP",M - OptEx,0.0,5000,59354,+9%,0.0,,,,,NATI
69,D,2020-05-05 19:36:37,2020-05-01,NATI,Starkloff Eric Howard,"Pres, CEO",F - Tax,38.42,-17560,198496,-8%,-674655.0,,,,,NATI
70,D,2020-05-05 19:36:37,2020-05-01,NATI,Starkloff Eric Howard,"Pres, CEO",M - OptEx,0.51,20756,198496,+12%,10483.0,,,,,NATI
71,D,2020-05-05 19:32:34,2020-05-01,NATI,Rust Scott Arthur,SVP,F - Tax,38.42,-4461,49395,-8%,-171392.0,,,,,NATI
72,D,2020-05-05 19:32:34,2020-05-01,NATI,Rust Scott Arthur,SVP,M - OptEx,0.57,10586,49395,+27%,6074.0,,,,,NATI
73,D,2020-05-04 19:43:06,2020-05-01,NATI,Fettweis Gerhard Paul,Dir,F - Tax,38.42,-652,22676,-3%,-25050.0,,,,,NATI
74,D,2020-05-04 19:43:06,2020-05-01,NATI,Fettweis Gerhard Paul,Dir,M - OptEx,0.0,1253,22676,+6%,0.0,,,,,NATI
75,D,2020-05-04 19:07:54,2020-05-01,NATI,McGrath Michael E,Dir,M - OptEx,0.0,1253,35446,+4%,0.0,,,,,NATI
76,D,2020-05-04 18:41:39,2020-05-01,NATI,Roesslein Charles J,Dir,M - OptEx,0.0,1253,114358,+1%,0.0,,,,,NATI
77,D,2020-05-04 17:44:46,2020-05-01,NATI,Le Duy Loan T,Dir,M - OptEx,0.0,1253,112129,+1%,0.0,,,,,NATI
78,,2020-05-01 15:44:48,2020-04-29,NATI,Griffin Liam,Dir,A - Grant,0.0,4457,11855,+60%,0.0,,,,,NATI
79,D,2020-05-01 15:41:16,2020-04-29,NATI,Starkloff Eric Howard,"Pres, CEO",A - Grant,0.0,25471,195300,+15%,0.0,,,,,NATI
80,,2020-05-01 15:37:45,2020-04-29,NATI,Fettweis Gerhard Paul,Dir,A - Grant,0.0,4457,22075,+25%,0.0,,,,,NATI
81,,2020-05-01 12:52:10,2020-04-29,NATI,Cashman James E III,Dir,A - Grant,0.0,4457,11855,+60%,0.0,,,,,NATI
82,,2020-05-01 12:50:49,2020-04-29,NATI,Roesslein Charles J,Dir,A - Grant,0.0,4457,113105,+4%,0.0,,,,,NATI
83,,2020-05-01 12:49:06,2020-04-29,NATI,McGrath Michael E,Dir,A - Grant,0.0,4457,34193,+15%,0.0,,,,,NATI
84,,2020-05-01 12:45:37,2020-04-29,NATI,Le Duy Loan T,Dir,A - Grant,0.0,4457,110876,+4%,0.0,,,,,NATI
85,,2020-05-01 10:12:24,2020-04-29,NATI,Delly Gayla J,Dir,A - Grant,0.0,8914,8914,New,0.0,,,,,NATI
86,,2020-04-28 19:07:26,2020-04-28,NATI,Kodosky Jeffrey L,Dir,A - Grant,0.0,2559,1467654,0%,0.0,,,,,NATI
87,M,2020-04-27 18:49:12,2020-04-23,NATI,Kodosky Jeffrey L,Dir,S - Sale,38.09,-2288,1465095,0%,-87158.0,,,,,NATI
88,,2020-03-03 15:40:04,2020-03-02,NATI,Kodosky Jeffrey L,Dir,S - Sale,40.0,-4000,1467383,0%,-160000.0,,,,,NATI
89,,2020-02-25 16:55:06,2020-02-24,NATI,Kodosky Jeffrey L,Dir,S - Sale,42.24,-4000,1471383,0%,-168960.0,,,,,NATI
90,,2020-02-25 15:34:56,2020-02-24,NATI,Sublett Carla Pineyro,CMO,S - Sale,41.79,-565,38669,-1%,-23612.0,,,,,NATI
91,D,2020-02-21 17:31:15,2020-02-19,NATI,Rapp Karen Marie,"CFO, Treasurer, EVP",A - Grant,0.0,15657,30049,+109%,0.0,,,,,NATI
92,D,2020-02-20 15:48:14,2020-02-19,NATI,Sublett Carla Pineyro,CMO,A - Grant,0.0,8388,39234,+27%,0.0,,,,,NATI
93,D,2020-02-20 15:29:10,2020-02-19,NATI,Green Jason Elliot,SVP,A - Grant,0.0,11184,72018,+18%,0.0,,,,,NATI
94,D,2020-02-20 14:16:23,2020-02-19,NATI,Rust Scott Arthur,SVP,A - Grant,0.0,8947,43270,+26%,0.0,,,,,NATI
95,,2020-02-13 15:30:52,2020-02-03,NATI,Rust Scott Arthur,SVP,M - OptEx,35.18,164,34323,0%,5770.0,,,,,NATI
96,,2020-02-13 15:30:52,2020-02-11,NATI,Rust Scott Arthur,SVP,S - Sale,45.34,-6681,34323,-16%,-302917.0,,,,,NATI
97,,2020-02-13 15:13:21,2020-02-03,NATI,Rust Scott Arthur,SVP,M - OptEx,35.18,164,34323,0%,5770.0,,,,,NATI
98,,2020-02-13 15:13:21,2020-02-11,NATI,Rust Scott Arthur,SVP,S - Sale,45.34,-6681,34323,-16%,-302917.0,,,,,NATI
99,,2020-02-06 16:55:18,2020-02-03,NATI,Green Jason Elliot,SVP,M - OptEx,35.18,252,60834,0%,8865.0,,,,,NATI
100,,2020-02-06 15:36:16,2020-02-03,NATI,Sublett Carla Pineyro,CMO,M - OptEx,35.18,284,30846,+1%,9991.0,,,,,NATI
101,,2020-02-06 14:46:51,2020-02-03,NATI,Roiko John Charles,Chief Accounting Officer,M - OptEx,35.18,185,22321,+1%,6508.0,,,,,NATI
102,,2020-02-06 14:46:51,2020-02-04,NATI,Roiko John Charles,Chief Accounting Officer,S - Sale,46.04,-789,22321,-3%,-36326.0,,,,,NATI
103,D,2020-02-04 16:03:05,2020-02-01,NATI,Starkloff Eric Howard,"Pres, CEO",A - Grant,0.0,75000,169829,+79%,0.0,,,,,NATI
104,D,2020-02-04 16:03:05,2020-02-03,NATI,Starkloff Eric Howard,"Pres, CEO",M - OptEx,35.18,235,169829,0%,8267.0,,,,,NATI
105,,2020-02-03 17:45:05,2020-02-03,NATI,Kodosky Jeffrey L,Dir,S - Sale,45.08,-24000,1475383,-2%,-1081920.0,,,,,NATI
106,,2019-12-30 18:11:38,2019-12-30,NATI,Kodosky Jeffrey L,Dir,S - Sale,42.25,-2000,1499383,0%,-84500.0,,,,,NATI
107,,2019-12-26 18:35:06,2019-12-26,NATI,Kodosky Jeffrey L,Dir,S - Sale,42.63,-2000,1501383,0%,-85260.0,,,,,NATI
108,M,2019-12-23 16:08:16,2019-08-01,NATI,Rust Scott Arthur,SVP,M - OptEx,35.46,181,40840,0%,6419.0,,,,,NATI
109,M,2019-12-23 16:06:41,2019-08-01,NATI,Roiko John Charles,Chief Accounting Officer,M - OptEx,35.48,195,22925,+1%,6918.0,,,,,NATI
110,,2019-12-16 20:05:11,2019-12-16,NATI,Kodosky Jeffrey L,Dir,S - Sale,42.78,-2000,1503383,0%,-85560.0,,,,,NATI
111,D,2019-12-16 18:31:36,2019-12-16,NATI,Davern Alexander M,CEO,F - Tax,42.55,-19675,294691,-6%,-837171.0,,,,,NATI
112,D,2019-12-16 18:31:36,2019-12-16,NATI,Davern Alexander M,CEO,M - OptEx,0.0,50000,294691,+20%,0.0,,,,,NATI
113,,2019-12-10 13:20:31,2019-12-09,NATI,Kodosky Jeffrey L,Dir,S - Sale,41.98,-2000,1505383,0%,-83960.0,,,,,NATI
114,,2019-12-03 11:37:59,2019-12-02,NATI,Kodosky Jeffrey L,Dir,S - Sale,41.25,-2000,1507383,0%,-82500.0,,,,,NATI
115,,2019-11-26 16:40:27,2019-11-25,NATI,Kodosky Jeffrey L,Dir,S - Sale,42.29,-2000,1509383,0%,-84580.0,,,,,NATI
116,,2019-11-19 12:56:40,2019-11-18,NATI,Kodosky Jeffrey L,Dir,S - Sale,43.04,-2000,1511383,0%,-86080.0,,,,,NATI
117,,2019-11-12 11:34:55,2019-11-11,NATI,Kodosky Jeffrey L,Dir,S - Sale,43.48,-2000,1513383,0%,-86960.0,,,,,NATI
118,,2019-11-04 17:29:35,2019-11-04,NATI,Kodosky Jeffrey L,Dir,S - Sale,43.12,-2000,1515383,0%,-86240.0,,,,,NATI
119,,2019-10-30 13:51:12,2019-10-28,NATI,Kodosky Jeffrey L,Dir,S - Sale,40.98,-2000,1517383,0%,-81960.0,,,,,NATI
120,,2019-10-21 19:04:51,2019-10-21,NATI,Kodosky Jeffrey L,Dir,S - Sale,41.28,-2000,1519383,0%,-82560.0,,,,,NATI
121,,2019-10-15 11:02:41,2019-10-14,NATI,Kodosky Jeffrey L,Dir,S - Sale,40.6,-2000,1521383,0%,-81200.0,,,,,NATI
122,,2019-10-07 19:46:09,2019-10-07,NATI,Kodosky Jeffrey L,Dir,S - Sale,40.3,-2000,1523383,0%,-80600.0,,,,,NATI
123,,2019-09-30 18:57:52,2019-09-30,NATI,Kodosky Jeffrey L,Dir,S - Sale,42.06,-2000,1525383,0%,-84120.0,,,,,NATI
124,,2019-09-23 18:18:38,2019-09-23,NATI,Kodosky Jeffrey L,Dir,S - Sale,42.42,-2000,1527383,0%,-84840.0,,,,,NATI
125,,2019-09-16 17:30:56,2019-09-16,NATI,Kodosky Jeffrey L,Dir,S - Sale,44.05,-2000,1529383,0%,-88100.0,,,,,NATI
126,,2019-09-09 19:20:04,2019-09-09,NATI,Kodosky Jeffrey L,Dir,S - Sale,42.9,-2000,1531383,0%,-85800.0,,,,,NATI
127,,2019-09-03 18:39:18,2019-09-03,NATI,Kodosky Jeffrey L,Dir,S - Sale,41.21,-2000,1533383,0%,-82420.0,,,,,NATI
128,,2019-08-29 14:18:45,2019-08-26,NATI,Kodosky Jeffrey L,Dir,S - Sale,41.8,-2000,1535383,0%,-83600.0,,,,,NATI
129,,2019-08-20 11:54:17,2019-08-19,NATI,Kodosky Jeffrey L,Dir,S - Sale,42.81,-2000,1537383,0%,-85620.0,,,,,NATI
130,,2019-08-13 19:40:04,2019-08-12,NATI,Kodosky Jeffrey L,Dir,S - Sale,43.5,-2000,1539383,0%,-87000.0,,,,,NATI
131,,2019-08-06 12:42:59,2019-08-05,NATI,Kodosky Jeffrey L,Dir,S - Sale,41.94,-2000,1541383,0%,-83880.0,,,,,NATI
132,,2019-07-31 11:57:27,2019-07-29,NATI,Kodosky Jeffrey L,Dir,S - Sale,45.03,-2000,1543383,0%,-90060.0,,,,,NATI
133,,2019-07-24 14:20:42,2019-07-22,NATI,Kodosky Jeffrey L,Dir,S - Sale,43.52,-2000,1545383,0%,-87040.0,,,,,NATI
134,,2019-07-16 20:20:32,2019-07-15,NATI,Kodosky Jeffrey L,Dir,S - Sale,42.86,-2000,1547383,0%,-85720.0,,,,,NATI
135,,2019-07-09 16:45:10,2019-07-08,NATI,Kodosky Jeffrey L,Dir,S - Sale,42.9,-2000,1549383,0%,-85800.0,,,,,NATI
136,,2019-07-02 17:07:15,2019-07-01,NATI,Kodosky Jeffrey L,Dir,S - Sale,42.85,-2000,1551383,0%,-85700.0,,,,,NATI
137,,2019-06-24 19:33:00,2019-06-24,NATI,Kodosky Jeffrey L,Dir,S - Sale,40.26,-2000,1553383,0%,-80520.0,,,,,NATI
138,,2019-06-18 14:13:53,2019-06-17,NATI,Kodosky Jeffrey L,Dir,S - Sale,40.04,-2000,1555383,0%,-80080.0,,,,,NATI
139,,2019-06-05 11:55:55,2019-06-03,NATI,Kodosky Jeffrey L,Dir,S - Sale,38.56,-2000,1559383,0%,-77120.0,,,,,NATI
140,,2019-05-29 11:42:20,2019-05-28,NATI,Kodosky Jeffrey L,Dir,S - Sale,39.6,-2000,1561383,0%,-79200.0,,,,,NATI
141,,2019-05-20 19:12:42,2019-05-20,NATI,Kodosky Jeffrey L,Dir,S - Sale,39.65,-2000,1563383,0%,-79300.0,,,,,NATI
142,,2019-05-20 14:41:06,2019-05-17,NATI,Rust Scott Arthur,SVP,S - Sale,40.88,-3027,40659,-7%,-123735.0,,,,,NATI
143,,2019-05-14 12:41:51,2019-05-13,NATI,Kodosky Jeffrey L,Dir,S - Sale,41.0,-2000,1565383,0%,-82000.0,,,,,NATI
144,,2019-05-06 18:30:06,2019-05-06,NATI,Kodosky Jeffrey L,Dir,S - Sale,43.6,-2000,1567383,0%,-87200.0,,,,,NATI
145,,2019-05-02 18:55:36,2019-05-02,NATI,Le Duy Loan T,Dir,P - Purchase,43.67,2028,106419,+2%,88565.0,,,,,NATI
146,D,2019-05-02 18:40:18,2019-05-01,NATI,Roiko John Charles,Chief Accounting Officer,F - Tax,43.47,-1143,22730,-5%,-49688.0,,,,,NATI
147,DM,2019-05-02 18:40:18,2019-02-01,NATI,Roiko John Charles,Chief Accounting Officer,M - OptEx,3.27,3937,22730,+21%,12855.0,,,,,NATI
148,D,2019-05-02 18:01:11,2019-05-01,NATI,Rust Scott Arthur,SVP,F - Tax,43.47,-4068,43686,-9%,-176842.0,,,,,NATI
149,DM,2019-05-02 18:01:11,2019-02-01,NATI,Rust Scott Arthur,SVP,M - OptEx,1.14,11679,43686,+36%,13268.0,,,,,NATI
150,D,2019-05-02 17:08:21,2019-05-01,NATI,Starkloff Eric Howard,"Pres, COO",F - Tax,43.47,-6632,94594,-7%,-288306.0,,,,,NATI
151,DM,2019-05-02 17:08:21,2019-02-01,NATI,Starkloff Eric Howard,"Pres, COO",M - OptEx,1.16,17038,94594,+22%,19808.0,,,,,NATI
152,D,2019-05-02 16:22:35,2019-05-01,NATI,Davern Alexander M,CEO,F - Tax,43.47,-15065,264366,-5%,-654906.0,,,,,NATI
153,D,2019-05-02 16:22:35,2019-05-01,NATI,Davern Alexander M,CEO,M - OptEx,0.04,27613,264366,+12%,1203.0,,,,,NATI
154,D,2019-05-02 15:14:57,2019-05-01,NATI,Rapp Karen Marie,"CFO, Treasurer, EVP",M - OptEx,0.0,5000,42398,+13%,0.0,,,,,NATI
155,,2019-05-02 14:46:09,2019-05-01,NATI,Kodosky Jeffrey L,Dir,F - Tax,43.47,-176,1569383,0%,-7651.0,,,,,NATI
156,D,2019-05-02 14:11:29,2019-05-01,NATI,Fettweis Gerhard Paul,Dir,F - Tax,43.47,-600,17618,-3%,-26083.0,,,,,NATI
157,D,2019-05-02 14:11:29,2019-05-01,NATI,Fettweis Gerhard Paul,Dir,M - OptEx,0.0,4337,17618,+33%,0.0,,,,,NATI
158,D,2019-05-02 13:37:34,2019-05-01,NATI,Berra John M,Dir,M - OptEx,0.0,4048,48285,+9%,0.0,,,,,NATI
159,D,2019-05-02 13:35:29,2019-05-01,NATI,McGrath Michael E,Dir,M - OptEx,0.0,2795,29736,+10%,0.0,,,,,NATI
160,D,2019-05-02 13:34:03,2019-05-01,NATI,Roesslein Charles J,Dir,M - OptEx,0.0,2795,108648,+3%,0.0,,,,,NATI
161,D,2019-05-02 13:32:47,2019-05-01,NATI,Le Duy Loan T,Dir,M - OptEx,0.0,2795,104391,+3%,0.0,,,,,NATI
162,,2019-04-29 19:25:04,2019-04-29,NATI,Kodosky Jeffrey L,Dir,S - Sale,47.55,-2000,1569559,0%,-95100.0,,,,,NATI
163,,2019-04-24 18:17:42,2019-04-24,NATI,Cashman James E III,Dir,A - Grant,0.0,7398,7398,New,0.0,,,,,NATI
164,,2019-04-24 18:16:06,2019-04-24,NATI,Griffin Liam,Dir,A - Grant,0.0,7398,7398,New,0.0,,,,,NATI
165,,2019-04-24 18:11:42,2019-04-24,NATI,Fettweis Gerhard Paul,Dir,A - Grant,0.0,3699,13881,+36%,0.0,,,,,NATI
166,,2019-04-24 18:09:20,2019-04-24,NATI,McGrath Michael E,Dir,A - Grant,0.0,3699,26941,+16%,0.0,,,,,NATI
167,,2019-04-24 18:06:49,2019-04-24,NATI,Le Duy Loan T,Dir,A - Grant,0.0,3699,101596,+4%,0.0,,,,,NATI
168,,2019-04-24 18:03:33,2019-04-24,NATI,Roesslein Charles J,Dir,A - Grant,0.0,3699,105853,+4%,0.0,,,,,NATI
169,,2019-04-23 20:22:17,2019-04-22,NATI,Kodosky Jeffrey L,Dir,S - Sale,46.6,-2000,1571559,0%,-93200.0,,,,,NATI
170,,2019-04-16 15:35:35,2019-04-15,NATI,Kodosky Jeffrey L,Dir,S - Sale,46.65,-2000,1573559,0%,-93300.0,,,,,NATI
171,,2019-04-09 13:03:09,2019-04-08,NATI,Kodosky Jeffrey L,Dir,S - Sale,46.25,-2000,1575559,0%,-92500.0,,,,,NATI
172,,2019-04-02 11:25:56,2019-04-01,NATI,Kodosky Jeffrey L,Dir,S - Sale,45.22,-2000,1577559,0%,-90440.0,,,,,NATI
173,,2019-03-25 18:05:36,2019-03-25,NATI,Kodosky Jeffrey L,Dir,S - Sale,44.16,-2000,1579559,0%,-88320.0,,,,,NATI
174,,2019-03-18 19:10:55,2019-03-18,NATI,Kodosky Jeffrey L,Dir,S - Sale,45.03,-2000,1581559,0%,-90060.0,,,,,NATI
175,,2019-03-11 18:21:30,2019-03-11,NATI,Kodosky Jeffrey L,Dir,S - Sale,45.3,-2000,1583559,0%,-90600.0,,,,,NATI
176,,2019-03-05 15:10:03,2019-03-04,NATI,Kodosky Jeffrey L,Dir,S - Sale,46.38,-2000,1585559,0%,-92760.0,,,,,NATI
177,,2019-02-28 20:08:51,2019-02-25,NATI,Kodosky Jeffrey L,Dir,S - Sale,47.05,-2000,1587559,0%,-94100.0,,,,,NATI
178,,2019-02-22 13:56:36,2019-02-20,NATI,Kodosky Jeffrey L,Dir,A - Grant,0.0,2041,1589559,0%,0.0,,,,,NATI
179,,2019-02-21 11:17:23,2019-02-19,NATI,Kodosky Jeffrey L,Dir,S - Sale,45.67,-2000,1587518,0%,-91340.0,,,,,NATI
180,,2019-02-13 15:52:17,2019-02-11,NATI,Kodosky Jeffrey L,Dir,S - Sale,44.9,-2000,1589718,0%,-89800.0,,,,,NATI
181,,2019-02-06 18:19:55,2019-02-04,NATI,Kodosky Jeffrey L,Dir,S - Sale,44.47,-2000,1591518,0%,-88940.0,,,,,NATI
182,D,2019-02-04 15:43:52,2019-02-01,NATI,Davern Alexander M,CEO,A - Grant,0.0,53000,251818,+27%,0.0,,,,,NATI
183,D,2019-02-04 15:43:52,2019-02-01,NATI,Davern Alexander M,CEO,M - OptEx,37.59,482,251818,0%,18117.0,,,,,NATI
184,,2019-01-30 15:26:57,2019-01-28,NATI,Kodosky Jeffrey L,Dir,S - Sale,44.7,-2000,1593520,0%,-89400.0,,,,,NATI
185,D,2019-01-24 19:06:40,2019-01-22,NATI,Starkloff Eric Howard,"Pres, COO",A - Grant,0.0,16625,84188,+25%,0.0,,,,,NATI
186,D,2019-01-24 19:06:00,2019-01-22,NATI,Rapp Karen Marie,"CFO, Treasurer, EVP",A - Grant,0.0,13006,37398,+53%,0.0,,,,,NATI
187,D,2019-01-24 19:04:36,2019-01-22,NATI,Rust Scott Arthur,SVP,A - Grant,0.0,8482,36075,+31%,0.0,,,,,NATI
188,D,2019-01-24 19:03:50,2019-01-22,NATI,Roiko John Charles,Chief Accounting Officer,A - Grant,0.0,1696,19936,+9%,0.0,,,,,NATI
189,,2019-01-24 12:06:38,2019-01-22,NATI,Kodosky Jeffrey L,Dir,S - Sale,44.63,-2000,1595518,0%,-89250.0,,,,,NATI
190,,2019-01-16 13:15:49,2019-01-14,NATI,Kodosky Jeffrey L,Dir,S - Sale,47.1,-2000,1597518,0%,-94200.0,,,,,NATI
191,,2019-01-09 11:53:45,2019-01-07,NATI,Kodosky Jeffrey L,Dir,S - Sale,45.25,-2000,1599518,0%,-90500.0,,,,,NATI
192,,2019-01-03 15:37:17,2019-01-02,NATI,Kodosky Jeffrey L,Dir,S - Sale,45.36,-2000,1601518,0%,-90720.0,,,,,NATI
193,,2018-12-26 17:31:07,2018-12-24,NATI,Kodosky Jeffrey L,Dir,S - Sale,42.63,-1600,1603518,0%,-68208.0,,,,,NATI
194,D,2018-12-19 13:03:17,2018-12-17,NATI,Davern Alexander M,CEO,F - Tax,46.12,-19675,198336,-9%,-907411.0,,,,,NATI
195,D,2018-12-19 13:03:17,2018-12-17,NATI,Davern Alexander M,CEO,M - OptEx,0.0,50000,198336,+34%,0.0,,,,,NATI
196,,2018-12-18 20:11:49,2018-12-17,NATI,Kodosky Jeffrey L,Dir,S - Sale,45.7,-1600,1605118,0%,-73120.0,,,,,NATI
197,,2018-12-11 17:38:46,2018-12-10,NATI,Kodosky Jeffrey L,Dir,S - Sale,47.15,-1600,1606718,0%,-75440.0,,,,,NATI
198,,2018-12-04 18:36:20,2018-12-03,NATI,Kodosky Jeffrey L,Dir,S - Sale,49.05,-1600,1608318,0%,-78480.0,,,,,NATI
199,,2018-11-27 18:11:53,2018-11-26,NATI,Kodosky Jeffrey L,Dir,S - Sale,47.05,-1600,1609918,0%,-75280.0,,,,,NATI
200,,2018-11-19 19:12:14,2018-11-19,NATI,Kodosky Jeffrey L,Dir,S - Sale,48.16,-1600,1611518,0%,-77056.0,,,,,NATI
201,,2018-11-19 19:05:29,2018-08-01,NATI,Starkloff Eric Howard,"Pres, COO",M - OptEx,34.76,1,67563,0%,35.0,,,,,NATI
202,,2018-11-19 18:20:36,2018-08-01,NATI,Rust Scott Arthur,SVP,M - OptEx,34.76,144,27593,+1%,5005.0,,,,,NATI
203,,2018-11-19 18:20:36,2018-11-19,NATI,Rust Scott Arthur,SVP,S - Sale,48.54,-4576,27593,-14%,-222108.0,,,,,NATI
204,,2018-11-13 17:51:41,2018-11-12,NATI,Kodosky Jeffrey L,Dir,S - Sale,49.2,-1600,1613118,0%,-78720.0,,,,,NATI
205,,2018-11-07 14:09:19,2018-11-01,NATI,Roiko John Charles,Chief Accounting Officer,M - OptEx,37.24,34,18240,0%,1266.0,,,,,NATI
206,,2018-11-07 14:09:19,2018-11-06,NATI,Roiko John Charles,Chief Accounting Officer,S - Sale,49.28,-1179,18240,-6%,-58105.0,,,,,NATI
207,,2018-11-06 14:40:45,2018-11-05,NATI,Kodosky Jeffrey L,Dir,S - Sale,49.13,-1600,1614718,0%,-78608.0,,,,,NATI
208,,2018-10-31 12:02:57,2018-10-30,NATI,Starkloff Eric Howard,"Pres, COO",S - Sale,49.18,-2500,67562,-4%,-122950.0,,,,,NATI
209,,2018-10-30 16:41:11,2018-10-29,NATI,Kodosky Jeffrey L,Dir,S - Sale,48.96,-1600,1616318,0%,-78336.0,,,,,NATI
210,,2018-10-25 16:34:19,2018-10-23,NATI,Starkloff Eric Howard,"Pres, COO",A - Grant,0.0,25000,70062,+55%,0.0,,,,,NATI
211,,2018-10-23 18:52:10,2018-10-22,NATI,Kodosky Jeffrey L,Dir,S - Sale,43.5,-1600,1617918,0%,-69600.0,,,,,NATI
212,,2018-10-18 16:08:17,2018-10-15,NATI,Kodosky Jeffrey L,Dir,S - Sale,43.3,-1600,1619518,0%,-69280.0,,,,,NATI
213,,2018-10-10 19:48:59,2018-10-08,NATI,Kodosky Jeffrey L,Dir,S - Sale,45.62,-1600,1621118,0%,-72992.0,,,,,NATI
214,,2018-10-03 17:52:23,2018-10-01,NATI,Kodosky Jeffrey L,Dir,S - Sale,47.9,-1600,1622718,0%,-76640.0,,,,,NATI
215,,2018-09-26 15:18:22,2018-09-24,NATI,Kodosky Jeffrey L,Dir,S - Sale,48.4,-1600,1624318,0%,-77440.0,,,,,NATI
216,,2018-09-19 19:30:18,2018-09-17,NATI,Kodosky Jeffrey L,Dir,S - Sale,48.11,-1600,1625918,0%,-76976.0,,,,,NATI
217,,2018-09-19 15:15:47,2018-09-17,NATI,Truchard James J,Dir,S - Sale,48.21,-42500,6238409,-1%,-2048925.0,,,,,NATI
218,,2018-09-12 19:24:39,2018-09-10,NATI,Truchard James J,Dir,S - Sale,48.07,-42500,6280909,-1%,-2042975.0,,,,,NATI
219,,2018-09-12 16:35:14,2018-09-10,NATI,Kodosky Jeffrey L,Dir,S - Sale,48.5,-1600,1627221,0%,-77600.0,,,,,NATI
220,,2018-09-06 16:22:24,2018-09-04,NATI,Kodosky Jeffrey L,Dir,S - Sale,47.68,-1600,1629118,0%,-76288.0,,,,,NATI
221,,2018-09-06 14:05:41,2018-09-04,NATI,Truchard James J,Dir,S - Sale,47.69,-42500,6323409,-1%,-2026825.0,,,,,NATI
222,,2018-08-30 15:56:21,2018-08-29,NATI,Roiko John Charles,Chief Accounting Officer,S - Sale,47.33,-1388,19385,-7%,-65697.0,,,,,NATI
223,,2018-08-29 17:20:32,2018-08-27,NATI,Kodosky Jeffrey L,Dir,S - Sale,46.33,-1600,1630718,0%,-74133.0,,,,,NATI
224,,2018-08-29 15:58:47,2018-08-27,NATI,Truchard James J,Dir,S - Sale,46.04,-42500,6365909,-1%,-1956700.0,,,,,NATI
225,,2018-08-28 12:27:54,2018-08-24,NATI,Truchard James J,Dir,S - Sale,45.26,-50000,6408409,-1%,-2263000.0,,,,,NATI
226,,2018-08-24 15:48:47,2018-08-23,NATI,Truchard James J,Dir,S - Sale,45.09,-69000,6458409,-1%,-3111210.0,,,,,NATI
227,,2018-08-23 17:52:09,2018-08-21,NATI,Truchard James J,Dir,S - Sale,45.06,-25000,6527409,0%,-1126500.0,,,,,NATI
228,,2018-08-23 16:57:44,2018-08-22,NATI,Truchard James J,Dir,S - Sale,45.21,-100000,6552409,-2%,-4521000.0,,,,,NATI
229,,2018-08-22 17:56:05,2018-08-20,NATI,Kodosky Jeffrey L,Dir,S - Sale,44.93,-1600,1632318,0%,-71888.0,,,,,NATI
230,,2018-08-21 18:50:46,2018-08-20,NATI,Truchard James J,Dir,S - Sale,44.97,-17500,6652409,0%,-786975.0,,,,,NATI
231,,2018-08-17 17:25:42,2018-08-01,NATI,Roiko John Charles,Chief Accounting Officer,M - OptEx,34.76,179,20773,+1%,6221.0,,,,,NATI
232,,2018-08-17 17:25:42,2018-08-16,NATI,Roiko John Charles,Chief Accounting Officer,S - Sale,44.99,-1947,20773,-9%,-87591.0,,,,,NATI
233,,2018-08-15 18:15:10,2018-08-14,NATI,Truchard James J,Dir,S - Sale,45.09,-15000,6669909,0%,-676350.0,,,,,NATI
234,,2018-08-14 18:19:08,2018-08-13,NATI,Kodosky Jeffrey L,Dir,S - Sale,44.76,-1600,1633918,0%,-71616.0,,,,,NATI
235,,2018-08-14 15:31:16,2018-08-14,NATI,Truchard James J,Dir,S - Sale,44.69,-17500,6684909,0%,-782075.0,,,,,NATI
236,M,2018-08-08 15:26:57,2018-08-06,NATI,Truchard James J,Dir,S - Sale,45.1,-157500,6702409,-2%,-7102650.0,,,,,NATI
237,,2018-08-08 14:33:54,2018-08-06,NATI,Kodosky Jeffrey L,Dir,S - Sale,45.08,-1600,1635518,0%,-72128.0,,,,,NATI
238,M,2018-07-30 17:43:06,2018-07-27,NATI,Truchard James J,Dir,S - Sale,44.58,-42500,6859909,-1%,-1894475.0,,,,,NATI
239,,2018-07-30 16:58:48,2018-07-30,NATI,Kodosky Jeffrey L,Dir,S - Sale,44.03,-1600,1637118,0%,-70448.0,,,,,NATI
240,,2018-07-24 18:01:36,2018-07-23,NATI,Truchard James J,Dir,S - Sale,42.37,-17500,6902409,0%,-741475.0,,,,,NATI
241,,2018-07-24 15:41:43,2018-07-23,NATI,Kodosky Jeffrey L,Dir,S - Sale,42.37,-1600,1638718,0%,-67792.0,,,,,NATI
242,,2018-07-17 17:49:58,2018-07-16,NATI,Truchard James J,Dir,S - Sale,43.79,-17500,6919909,0%,-766325.0,,,,,NATI
243,,2018-07-17 16:32:01,2018-07-16,NATI,Kodosky Jeffrey L,Dir,S - Sale,43.7,-1600,1640318,0%,-69920.0,,,,,NATI
244,,2018-07-11 17:07:33,2018-07-09,NATI,Kodosky Jeffrey L,Dir,S - Sale,43.7,-1600,1641918,0%,-69920.0,,,,,NATI
245,,2018-07-10 18:03:11,2018-07-09,NATI,Truchard James J,Dir,S - Sale,43.6,-17500,6937409,0%,-763000.0,,,,,NATI
246,,2018-07-03 13:17:17,2018-07-02,NATI,Truchard James J,Dir,S - Sale,42.26,-17500,6954909,0%,-739550.0,,,,,NATI
247,,2018-07-03 12:20:18,2018-07-02,NATI,Kodosky Jeffrey L,Dir,S - Sale,42.48,-1600,1643518,0%,-67968.0,,,,,NATI
248,,2018-06-26 17:50:27,2018-06-25,NATI,Truchard James J,Dir,S - Sale,41.99,-17500,6972409,0%,-734825.0,,,,,NATI
249,,2018-06-26 16:41:47,2018-06-25,NATI,Kodosky Jeffrey L,Dir,S - Sale,42.02,-1600,1645118,0%,-67232.0,,,,,NATI
250,,2018-06-20 13:53:37,2018-06-18,NATI,Kodosky Jeffrey L,Dir,S - Sale,43.94,-1600,1646718,0%,-70304.0,,,,,NATI
251,,2018-06-19 18:23:39,2018-06-18,NATI,Truchard James J,Dir,S - Sale,43.79,-17500,6989909,0%,-766325.0,,,,,NATI
252,,2018-06-12 21:02:14,2018-06-11,NATI,Kodosky Jeffrey L,Dir,S - Sale,43.44,-1600,1648318,0%,-69504.0,,,,,NATI
253,,2018-06-12 19:59:46,2018-06-11,NATI,Truchard James J,Dir,S - Sale,43.4,-17500,7007409,0%,-759500.0,,,,,NATI
254,,2018-06-05 19:40:29,2018-06-04,NATI,Kodosky Jeffrey L,Dir,S - Sale,43.1,-1600,1649918,0%,-68960.0,,,,,NATI
255,,2018-06-05 19:03:20,2018-06-04,NATI,Truchard James J,Dir,S - Sale,43.01,-17500,7024909,0%,-752675.0,,,,,NATI
256,,2018-05-30 18:13:05,2018-05-29,NATI,Truchard James J,Dir,S - Sale,41.3,-17500,7042409,0%,-722750.0,,,,,NATI
257,,2018-05-30 15:36:10,2018-05-29,NATI,Kodosky Jeffrey L,Dir,S - Sale,41.37,-1600,1651518,0%,-66192.0,,,,,NATI
258,,2018-05-25 20:35:56,2018-05-25,NATI,Rust Scott Arthur,SVP,S - Sale,41.45,-6372,32025,-17%,-264119.0,,,,,NATI
259,,2018-05-25 12:43:21,2018-05-23,NATI,Le Duy Loan T,Dir,P - Purchase,41.48,519,97887,+1%,21526.0,,,,,NATI
260,,2018-05-22 18:10:36,2018-05-21,NATI,Truchard James J,Dir,S - Sale,41.33,-17500,7059909,0%,-723275.0,,,,,NATI
261,,2018-05-22 15:19:32,2018-05-21,NATI,Kodosky Jeffrey L,Dir,S - Sale,41.41,-1600,1653118,0%,-66256.0,,,,,NATI
262,,2018-05-14 18:32:04,2018-05-14,NATI,Truchard James J,Dir,S - Sale,41.5,-17500,7077409,0%,-726250.0,,,,,NATI
263,,2018-05-14 18:02:16,2018-05-14,NATI,Kodosky Jeffrey L,Dir,S - Sale,41.59,-1600,1654718,0%,-66544.0,,,,,NATI
264,,2018-05-14 17:29:15,2018-05-11,NATI,Fettweis Gerhard Paul,Dir,S - Sale,42.11,-800,10182,-7%,-33686.0,,,,,NATI
265,,2018-05-08 14:15:17,2018-05-07,NATI,Truchard James J,Dir,S - Sale,41.37,-17500,7094909,0%,-723975.0,,,,,NATI
266,,2018-05-08 13:55:34,2018-05-07,NATI,Kodosky Jeffrey L,Dir,S - Sale,41.39,-1600,1656318,0%,-66224.0,,,,,NATI
267,D,2018-05-03 16:18:36,2018-05-01,NATI,Starkloff Eric Howard,EVP,F - Tax,40.07,-4129,45062,-8%,-165439.0,,,,,NATI
268,D,2018-05-03 16:18:36,2018-05-01,NATI,Starkloff Eric Howard,EVP,M - OptEx,0.55,16857,45062,+60%,9210.0,,,,,NATI
269,D,2018-05-03 15:20:43,2018-05-01,NATI,Rust Scott Arthur,SVP,F - Tax,40.07,-2869,38397,-7%,-114954.0,,,,,NATI
270,D,2018-05-03 15:20:43,2018-05-01,NATI,Rust Scott Arthur,SVP,M - OptEx,0.64,11744,38397,+44%,7507.0,,,,,NATI
271,D,2018-05-02 20:13:05,2018-05-01,NATI,Davern Alexander M,"Pres, CEO",F - Tax,40.07,-9677,168011,-5%,-387734.0,,,,,NATI
272,D,2018-05-02 20:13:05,2018-05-01,NATI,Davern Alexander M,"Pres, CEO",M - OptEx,0.1,29675,168011,+21%,3093.0,,,,,NATI
273,D,2018-05-02 19:54:38,2018-05-01,NATI,Rapp Karen Marie,"CFO, Treasurer, EVP",F - Tax,40.07,-1243,24392,-5%,-49804.0,,,,,NATI
274,D,2018-05-02 19:54:38,2018-05-01,NATI,Rapp Karen Marie,"CFO, Treasurer, EVP",M - OptEx,0.0,5000,24392,+26%,0.0,,,,,NATI
275,D,2018-05-02 19:17:30,2018-05-01,NATI,Roiko John Charles,Chief Accounting Officer,F - Tax,40.07,-962,22541,-4%,-38545.0,,,,,NATI
276,D,2018-05-02 19:17:30,2018-05-01,NATI,Roiko John Charles,Chief Accounting Officer,M - OptEx,1.54,4095,22541,+22%,6326.0,,,,,NATI
277,,2018-05-02 18:18:10,2018-04-30,NATI,Kodosky Jeffrey L,Dir,S - Sale,40.25,-1600,1657918,0%,-64396.0,,,,,NATI
278,D,2018-05-02 17:32:15,2018-05-01,NATI,Roesslein Charles J,Dir,M - OptEx,0.0,4141,102154,+4%,0.0,,,,,NATI
279,D,2018-05-02 16:28:31,2018-05-01,NATI,McGrath Michael E,Dir,M - OptEx,0.0,4141,23242,+22%,0.0,,,,,NATI
280,D,2018-05-02 16:20:13,2018-05-01,NATI,Le Duy Loan T,Dir,M - OptEx,0.0,4141,97368,+4%,0.0,,,,,NATI
281,D,2018-05-02 16:03:02,2018-05-01,NATI,Fettweis Gerhard Paul,Dir,M - OptEx,0.0,4337,10982,+65%,0.0,,,,,NATI
282,D,2018-05-02 15:55:48,2018-05-01,NATI,Berra John M,Dir,M - OptEx,0.0,4141,40538,+11%,0.0,,,,,NATI
283,,2018-05-02 12:24:27,2018-04-30,NATI,Truchard James J,Dir,S - Sale,39.86,-17500,7112409,0%,-697550.0,,,,,NATI
284,,2018-04-27 20:04:56,2018-04-25,NATI,Kodosky Jeffrey L,Dir,A - Grant,0.0,2174,1659518,0%,0.0,,,,,NATI
285,,2018-04-27 19:54:16,2018-04-25,NATI,Fettweis Gerhard Paul,Dir,A - Grant,0.0,3561,6645,+115%,0.0,,,,,NATI
286,,2018-04-27 19:49:59,2018-04-25,NATI,McGrath Michael E,Dir,A - Grant,0.0,3561,19101,+23%,0.0,,,,,NATI
287,,2018-04-27 19:44:50,2018-04-25,NATI,Berra John M,Dir,A - Grant,0.0,3561,36397,+11%,0.0,,,,,NATI
288,,2018-04-27 19:40:02,2018-04-25,NATI,Le Duy Loan T,Dir,A - Grant,0.0,3561,93227,+4%,0.0,,,,,NATI
289,,2018-04-27 19:36:57,2018-04-25,NATI,Roesslein Charles J,Dir,A - Grant,0.0,3561,98013,+4%,0.0,,,,,NATI
290,,2018-04-27 19:25:08,2018-04-25,NATI,Starkloff Eric Howard,EVP,A - Grant,0.0,21740,32334,+205%,0.0,,,,,NATI
291,,2018-04-27 19:22:53,2018-04-25,NATI,Davern Alexander M,"Pres, CEO",A - Grant,0.0,45000,148013,+44%,0.0,,,,,NATI
292,,2018-04-27 19:20:31,2018-04-25,NATI,Rapp Karen Marie,"CFO, Treasurer, EVP",A - Grant,0.0,20000,20635,>999%,0.0,,,,,NATI
293,,2018-04-27 19:18:52,2018-04-25,NATI,Rust Scott Arthur,SVP,A - Grant,0.0,16305,29522,+123%,0.0,,,,,NATI
294,,2018-04-27 19:16:06,2018-04-25,NATI,Roiko John Charles,Chief Accounting Officer,A - Grant,0.0,3044,19408,+19%,0.0,,,,,NATI
295,M,2018-04-24 19:08:07,2018-04-23,NATI,Truchard James J,Dir,S - Sale,50.24,-82500,7129909,-1%,-4144827.0,,,,,NATI
296,,2018-04-24 17:47:40,2018-04-23,NATI,Kodosky Jeffrey L,Dir,S - Sale,50.05,-1600,1657344,0%,-80080.0,,,,,NATI
297,,2018-04-19 12:09:27,2018-04-17,NATI,Truchard James J,Dir,S - Sale,50.94,-75000,7212409,-1%,-3820500.0,,,,,NATI
298,,2018-04-17 16:48:03,2018-04-16,NATI,Kodosky Jeffrey L,Dir,S - Sale,50.67,-1600,1658944,0%,-81072.0,,,,,NATI
299,,2018-04-17 15:09:48,2018-04-16,NATI,Truchard James J,Dir,S - Sale,50.63,-67500,7287409,-1%,-3417525.0,,,,,NATI
300,,2018-04-13 18:49:55,2018-04-12,NATI,Truchard James J,Dir,S - Sale,50.32,-200000,7354909,-3%,-10064000.0,,,,,NATI
301,,2018-04-11 13:06:26,2018-04-09,NATI,Truchard James J,Dir,S - Sale,48.66,-42500,7554909,-1%,-2068050.0,,,,,NATI
302,,2018-04-11 11:48:40,2018-04-09,NATI,Kodosky Jeffrey L,Dir,S - Sale,48.58,-1600,1660544,0%,-77728.0,,,,,NATI
303,,2018-04-04 16:08:02,2018-04-02,NATI,Truchard James J,Dir,S - Sale,47.72,-42500,7597409,-1%,-2028100.0,,,,,NATI
304,,2018-04-04 11:27:36,2018-04-02,NATI,Kodosky Jeffrey L,Dir,S - Sale,46.39,-1600,1662144,0%,-74220.0,,,,,NATI
305,,2018-03-30 17:54:45,2018-03-29,NATI,Truchard James J,Dir,S - Sale,50.18,-15000,7639909,0%,-752700.0,,,,,NATI
306,M,2018-03-28 12:32:12,2018-03-26,NATI,Truchard James J,Dir,S - Sale,50.78,-127500,7654909,-2%,-6474925.0,,,,,NATI
307,,2018-03-27 18:13:54,2018-03-26,NATI,Kodosky Jeffrey L,Dir,S - Sale,50.78,-1600,1663744,0%,-81248.0,,,,,NATI
308,,2018-03-21 18:46:22,2018-03-19,NATI,Kodosky Jeffrey L,Dir,S - Sale,51.92,-1600,1665344,0%,-83072.0,,,,,NATI
309,M,2018-03-21 17:30:33,2018-03-19,NATI,Truchard James J,Dir,S - Sale,52.07,-142500,7782409,-2%,-7419825.0,,,,,NATI
310,M,2018-03-16 16:18:33,2018-03-14,NATI,Truchard James J,Dir,S - Sale,52.0,-80000,7924909,-1%,-4160000.0,,,,,NATI
311,M,2018-03-14 14:48:15,2018-03-12,NATI,Truchard James J,Dir,S - Sale,52.87,-62500,8004909,-1%,-3304200.0,,,,,NATI
312,,2018-03-13 19:44:58,2018-03-12,NATI,Kodosky Jeffrey L,Dir,S - Sale,53.0,-1600,1666944,0%,-84800.0,,,,,NATI
313,,2018-03-12 19:18:29,2018-02-01,NATI,Starkloff Eric Howard,EVP,M - OptEx,38.25,261,10594,+3%,9983.0,,,,,NATI
314,,2018-03-12 19:10:59,2018-02-01,NATI,Roiko John Charles,Chief Accounting Officer,M - OptEx,38.25,157,16364,+1%,6005.0,,,,,NATI
315,,2018-03-12 19:01:15,2018-02-01,NATI,Rapp Karen Marie,"CFO, Treasurer, EVP",M - OptEx,38.25,367,635,+137%,14038.0,,,,,NATI
316,,2018-03-07 18:11:48,2018-03-05,NATI,Kodosky Jeffrey L,Dir,S - Sale,51.33,-1600,1668544,0%,-82128.0,,,,,NATI
317,,2018-03-07 17:55:11,2018-03-05,NATI,Truchard James J,Dir,S - Sale,50.85,-142500,8067409,-2%,-7246125.0,,,,,NATI
318,,2018-03-02 14:59:41,2018-02-28,NATI,Truchard James J,Dir,S - Sale,50.95,-40000,8209909,0%,-2038000.0,,,,,NATI
319,,2018-02-28 15:11:23,2018-02-26,NATI,Kodosky Jeffrey L,Dir,S - Sale,50.81,-1600,1670144,0%,-81296.0,,,,,NATI
320,M,2018-02-28 13:34:46,2018-02-26,NATI,Truchard James J,Dir,S - Sale,50.58,-102500,8249909,-1%,-5184725.0,,,,,NATI
321,,2018-02-22 15:31:58,2018-02-20,NATI,Kodosky Jeffrey L,Dir,S - Sale,49.51,-1600,1671744,0%,-79216.0,,,,,NATI
322,M,2018-02-22 13:37:30,2018-02-20,NATI,Truchard James J,Dir,S - Sale,50.38,-342500,8352409,-4%,-17253750.0,,,,,NATI
323,,2018-02-20 14:53:48,2018-02-01,NATI,Rust Scott Arthur,SVP,M - OptEx,38.25,185,13217,+1%,7076.0,,,,,NATI
324,,2018-02-20 14:53:48,2018-02-16,NATI,Rust Scott Arthur,SVP,S - Sale,49.45,-4395,13217,-25%,-217316.0,,,,,NATI
325,,2018-02-14 19:12:49,2018-02-12,NATI,Truchard James J,Dir,S - Sale,46.47,-42500,8694909,0%,-1974975.0,,,,,NATI
326,,2018-02-14 18:53:25,2018-02-12,NATI,Kodosky Jeffrey L,Dir,S - Sale,46.51,-1600,1673344,0%,-74416.0,,,,,NATI
327,,2018-02-12 15:50:51,2018-02-08,NATI,Le Duy Loan T,Dir,P - Purchase,46.56,1900,89666,+2%,88464.0,,,,,NATI
328,,2018-02-07 14:56:25,2018-02-05,NATI,Truchard James J,Dir,S - Sale,49.85,-42500,8737409,0%,-2118625.0,,,,,NATI
329,,2018-02-05 20:04:27,2018-02-05,NATI,Kodosky Jeffrey L,Dir,S - Sale,49.15,-1600,1674944,0%,-78640.0,,,,,NATI
330,,2018-02-05 19:40:40,2018-02-01,NATI,Davern Alexander M,"Pres, CEO",M - OptEx,38.25,457,103013,0%,17480.0,,,,,NATI
331,,2018-02-05 19:40:40,2018-02-02,NATI,Davern Alexander M,"Pres, CEO",S - Sale,50.31,-11925,103013,-10%,-599947.0,,,,,NATI
332,,2018-02-02 21:29:52,2018-02-01,NATI,Roiko John Charles,Chief Accounting Officer,S - Sale,50.27,-1846,16207,-10%,-92805.0,,,,,NATI
333,,2018-01-31 15:54:58,2018-01-29,NATI,Kodosky Jeffrey L,Dir,S - Sale,47.27,-1600,1676544,0%,-75632.0,,,,,NATI
334,,2018-01-30 18:05:04,2018-01-29,NATI,Truchard James J,Dir,S - Sale,47.3,-7500,8779909,0%,-354750.0,,,,,NATI
335,,2018-01-24 17:02:00,2018-01-22,NATI,Truchard James J,Dir,S - Sale,46.2,-7500,8787409,0%,-346500.0,,,,,NATI
336,,2018-01-24 16:46:16,2018-01-22,NATI,Kodosky Jeffrey L,Dir,S - Sale,46.19,-1600,1678144,0%,-73904.0,,,,,NATI
337,,2018-01-18 17:58:33,2018-01-16,NATI,Kodosky Jeffrey L,Dir,S - Sale,44.77,-1600,1679744,0%,-71632.0,,,,,NATI
338,,2018-01-18 16:46:28,2018-01-16,NATI,Truchard James J,Dir,S - Sale,44.74,-7500,8794909,0%,-335550.0,,,,,NATI
339,,2018-01-10 16:20:33,2018-01-08,NATI,Kodosky Jeffrey L,Dir,S - Sale,43.77,-1600,1681344,0%,-70032.0,,,,,NATI
340,,2018-01-10 16:00:50,2018-01-08,NATI,Truchard James J,Dir,S - Sale,43.79,-7500,8802409,0%,-328425.0,,,,,NATI
341,,2018-01-04 19:31:03,2018-01-02,NATI,Kodosky Jeffrey L,Dir,S - Sale,42.03,-1600,1682944,0%,-67248.0,,,,,NATI
342,,2018-01-04 16:38:31,2018-01-02,NATI,Truchard James J,Dir,S - Sale,42.02,-7500,8809909,0%,-315150.0,,,,,NATI
343,,2017-12-26 19:22:48,2017-12-26,NATI,Truchard James J,Dir,S - Sale,41.88,-7500,8817409,0%,-314100.0,,,,,NATI
344,,2017-12-26 18:55:20,2017-12-26,NATI,Kodosky Jeffrey L,Dir,S - Sale,41.95,-1600,1684544,0%,-67120.0,,,,,NATI
345,,2017-12-19 20:14:37,2017-12-18,NATI,Kodosky Jeffrey L,Dir,S - Sale,42.12,-2000,1686144,0%,-84240.0,,,,,NATI
346,,2017-12-19 19:51:55,2017-12-18,NATI,Truchard James J,Dir,S - Sale,42.06,-7500,8824909,0%,-315450.0,,,,,NATI
347,D,2017-12-19 12:06:45,2017-12-15,NATI,Davern Alexander M,"Pres, CEO",F - Tax,41.53,-20276,114481,-15%,-842062.0,,,,,NATI
348,D,2017-12-19 12:06:45,2017-12-15,NATI,Davern Alexander M,"Pres, CEO",M - OptEx,0.0,50000,114481,+78%,0.0,,,,,NATI
349,M,2017-12-12 16:33:41,2017-12-11,NATI,Truchard James J,Dir,S - Sale,42.58,-7500,8832409,0%,-319325.0,,,,,NATI
350,,2017-12-12 16:02:40,2017-12-11,NATI,Kodosky Jeffrey L,Dir,S - Sale,42.79,-2000,1688144,0%,-85580.0,,,,,NATI
351,,2017-12-06 14:45:18,2017-12-04,NATI,Kodosky Jeffrey L,Dir,S - Sale,42.69,-2000,1690144,0%,-85380.0,,,,,NATI
352,,2017-12-06 13:56:07,2017-12-04,NATI,Truchard James J,Dir,S - Sale,42.52,-7500,8839909,0%,-318900.0,,,,,NATI
353,,2017-11-29 14:46:59,2017-11-27,NATI,Kodosky Jeffrey L,Dir,S - Sale,44.3,-2000,1692144,0%,-88600.0,,,,,NATI
354,,2017-11-29 13:16:01,2017-11-27,NATI,Truchard James J,Dir,S - Sale,44.33,-7500,8847409,0%,-332475.0,,,,,NATI
355,,2017-11-21 18:15:15,2017-11-20,NATI,Truchard James J,Dir,S - Sale,44.44,-7500,8854909,0%,-333300.0,,,,,NATI
356,,2017-11-21 17:51:25,2017-11-20,NATI,Kodosky Jeffrey L,Dir,S - Sale,44.48,-2000,1694144,0%,-88960.0,,,,,NATI
357,,2017-11-16 16:47:45,2017-11-01,NATI,Rapp Karen Marie,"CFO, Treasurer, EVP",M - OptEx,34.97,268,268,New,9372.0,,,,,NATI
358,,2017-11-16 16:35:42,2017-08-01,NATI,Rust Scott Arthur,SVP,M - OptEx,29.67,238,17427,+1%,7062.0,,,,,NATI
359,,2017-11-16 16:20:10,2017-08-01,NATI,Starkloff Eric Howard,EVP,M - OptEx,29.67,16,10333,0%,475.0,,,,,NATI
360,M,2017-11-16 15:39:40,2017-08-01,NATI,Roiko John Charles,Chief Accounting Officer,M - OptEx,31.31,294,18053,+2%,9206.0,,,,,NATI
361,,2017-11-16 15:39:40,2017-11-15,NATI,Roiko John Charles,Chief Accounting Officer,S - Sale,44.45,-489,18053,-3%,-21735.0,,,,,NATI
362,,2017-11-15 15:34:34,2017-11-13,NATI,Kodosky Jeffrey L,Dir,S - Sale,44.58,-2000,1696144,0%,-89160.0,,,,,NATI
363,,2017-11-15 15:01:49,2017-11-13,NATI,Truchard James J,Dir,S - Sale,44.58,-7500,8862409,0%,-334350.0,,,,,NATI
364,,2017-11-07 20:05:00,2017-11-06,NATI,Kodosky Jeffrey L,Dir,S - Sale,45.19,-2000,1698144,0%,-90380.0,,,,,NATI
365,,2017-11-07 19:43:02,2017-11-06,NATI,Truchard James J,Dir,S - Sale,45.3,-7500,8869909,0%,-339750.0,,,,,NATI
366,,2017-11-03 17:47:14,2017-11-02,NATI,Truchard James J,Dir,G - Gift,0.0,-910258,8877409,+11%,-0.0,,,,,NATI
367,,2017-11-03 17:47:14,2017-11-01,NATI,Truchard James J,Dir,S - Sale,43.66,-985162,8877409,-10%,-43012173.0,,,,,NATI
368,,2017-11-01 13:49:16,2017-10-30,NATI,Kodosky Jeffrey L,Dir,S - Sale,44.6,-2000,1700144,0%,-89200.0,,,,,NATI
369,,2017-11-01 13:33:21,2017-10-30,NATI,Truchard James J,Dir,S - Sale,44.61,-7500,9862571,0%,-334575.0,,,,,NATI
370,,2017-10-24 16:58:37,2017-10-23,NATI,Kodosky Jeffrey L,Dir,S - Sale,43.99,-2000,1702144,0%,-87980.0,,,,,NATI
371,,2017-10-24 15:34:20,2017-10-23,NATI,Truchard James J,Dir,S - Sale,43.98,-7500,9870071,0%,-329850.0,,,,,NATI
372,,2017-10-17 20:26:50,2017-10-16,NATI,Kodosky Jeffrey L,Dir,S - Sale,44.52,-2000,1704144,0%,-89040.0,,,,,NATI
373,,2017-10-17 13:06:36,2017-10-16,NATI,Truchard James J,Dir,S - Sale,44.43,-7500,9877571,0%,-333225.0,,,,,NATI
374,,2017-10-10 17:35:57,2017-10-09,NATI,Truchard James J,Dir,S - Sale,43.64,-7500,9885071,0%,-327300.0,,,,,NATI
375,,2017-10-10 16:15:24,2017-10-09,NATI,Kodosky Jeffrey L,Dir,S - Sale,43.63,-2000,1706144,0%,-87260.0,,,,,NATI
376,,2017-10-04 12:15:52,2017-10-02,NATI,Kodosky Jeffrey L,Dir,S - Sale,42.36,-2000,1708144,0%,-84720.0,,,,,NATI
377,,2017-10-04 11:53:08,2017-10-02,NATI,Truchard James J,Dir,S - Sale,42.34,-7500,9892571,0%,-317550.0,,,,,NATI
378,,2017-09-26 14:48:41,2017-09-13,NATI,Truchard James J,Dir,G - Gift,0.0,-171250,9900071,-2%,-0.0,,,,,NATI
379,,2017-09-26 14:48:41,2017-09-25,NATI,Truchard James J,Dir,S - Sale,41.07,-7500,9900071,0%,-308025.0,,,,,NATI
380,,2017-09-26 13:34:46,2017-09-25,NATI,Kodosky Jeffrey L,Dir,S - Sale,41.08,-2000,1710144,0%,-82160.0,,,,,NATI
381,,2017-09-20 18:17:12,2017-09-18,NATI,Kodosky Jeffrey L,Dir,S - Sale,40.88,-2000,1712144,0%,-81760.0,,,,,NATI
382,,2017-09-20 18:09:34,2017-09-18,NATI,Truchard James J,Dir,S - Sale,40.88,-7500,10078821,0%,-306600.0,,,,,NATI
383,,2017-09-12 17:11:18,2017-09-11,NATI,Truchard James J,Dir,S - Sale,40.08,-7500,10086321,0%,-300600.0,,,,,NATI
384,,2017-09-12 16:55:14,2017-09-11,NATI,Kodosky Jeffrey L,Dir,S - Sale,40.08,-2000,1714144,0%,-80160.0,,,,,NATI
385,,2017-09-06 17:40:18,2017-09-05,NATI,Kodosky Jeffrey L,Dir,S - Sale,39.65,-2000,1716144,0%,-79300.0,,,,,NATI
386,,2017-09-06 15:28:34,2017-09-05,NATI,Truchard James J,Dir,S - Sale,39.6,-7500,10093821,0%,-297000.0,,,,,NATI
387,,2017-08-30 12:14:26,2017-08-28,NATI,Kodosky Jeffrey L,Dir,S - Sale,39.54,-2000,1718144,0%,-79080.0,,,,,NATI
388,,2017-08-30 11:56:02,2017-08-28,NATI,Truchard James J,Dir,S - Sale,39.6,-7500,10101321,0%,-297000.0,,,,,NATI
389,,2017-08-21 18:53:30,2017-08-21,NATI,Truchard James J,Dir,S - Sale,38.86,-7500,10108821,0%,-291450.0,,,,,NATI
390,,2017-08-21 18:45:23,2017-08-21,NATI,Kodosky Jeffrey L,Dir,S - Sale,38.85,-2000,1720144,0%,-77700.0,,,,,NATI
391,,2017-08-15 16:39:16,2017-08-14,NATI,Truchard James J,Dir,S - Sale,40.08,-7500,10116321,0%,-300600.0,,,,,NATI
392,,2017-08-15 16:29:57,2017-08-14,NATI,Kodosky Jeffrey L,Dir,S - Sale,40.08,-2000,1722144,0%,-80160.0,,,,,NATI
393,,2017-08-09 18:47:39,2017-08-07,NATI,Kodosky Jeffrey L,Dir,S - Sale,40.54,-2000,1724144,0%,-81080.0,,,,,NATI
394,,2017-08-09 18:31:57,2017-08-07,NATI,Truchard James J,Dir,S - Sale,40.57,-7500,10123821,0%,-304275.0,,,,,NATI
395,,2017-08-01 18:07:24,2017-07-31,NATI,Truchard James J,Dir,S - Sale,41.15,-7500,10131321,0%,-308625.0,,,,,NATI
396,,2017-08-01 17:56:35,2017-07-31,NATI,Kodosky Jeffrey L,Dir,S - Sale,41.13,-2000,1726144,0%,-82260.0,,,,,NATI
397,,2017-07-25 14:35:44,2017-07-24,NATI,Kodosky Jeffrey L,Dir,S - Sale,42.94,-2000,1728144,0%,-85880.0,,,,,NATI
398,,2017-07-25 13:58:33,2017-07-24,NATI,Truchard James J,Dir,S - Sale,42.96,-7500,10138821,0%,-322200.0,,,,,NATI
399,,2017-07-18 19:27:31,2017-07-17,NATI,Kodosky Jeffrey L,Dir,S - Sale,42.03,-2000,1730144,0%,-84060.0,,,,,NATI
400,,2017-07-18 19:10:51,2017-07-17,NATI,Truchard James J,Dir,S - Sale,42.05,-7500,10146321,0%,-315375.0,,,,,NATI
401,,2017-07-11 14:34:03,2017-07-10,NATI,Kodosky Jeffrey L,Dir,S - Sale,40.25,-2000,1732144,0%,-80500.0,,,,,NATI
402,,2017-07-11 12:17:39,2017-07-10,NATI,Truchard James J,Dir,S - Sale,40.21,-7500,10153821,0%,-301575.0,,,,,NATI
403,,2017-07-05 18:00:01,2017-07-03,NATI,Kodosky Jeffrey L,Dir,S - Sale,40.26,-2000,1734144,0%,-80520.0,,,,,NATI
404,,2017-07-05 17:58:45,2017-07-05,NATI,Truchard James J,Dir,S - Sale,40.18,-7500,10161321,0%,-301350.0,,,,,NATI
405,,2017-06-27 13:50:47,2017-06-26,NATI,Kodosky Jeffrey L,Dir,S - Sale,39.89,-2000,1736144,0%,-79780.0,,,,,NATI
406,,2017-06-27 12:51:29,2017-06-26,NATI,Truchard James J,Dir,S - Sale,39.89,-7500,10168821,0%,-299175.0,,,,,NATI
407,,2017-06-20 13:51:51,2017-06-19,NATI,Kodosky Jeffrey L,Dir,S - Sale,39.54,-2000,1738144,0%,-79080.0,,,,,NATI
408,,2017-06-20 13:25:37,2017-06-19,NATI,Truchard James J,Dir,S - Sale,39.58,-7500,10176321,0%,-296850.0,,,,,NATI
409,,2017-06-14 17:12:54,2017-06-12,NATI,Kodosky Jeffrey L,Dir,S - Sale,38.51,-2000,1740144,0%,-77013.0,,,,,NATI
410,,2017-06-14 16:52:02,2017-06-12,NATI,Truchard James J,Dir,S - Sale,38.48,-7500,10183821,0%,-288600.0,,,,,NATI
411,,2017-06-05 18:44:57,2017-06-05,NATI,Kodosky Jeffrey L,Dir,S - Sale,38.8,-2000,1742144,0%,-77597.0,,,,,NATI
412,,2017-06-05 18:20:10,2017-06-05,NATI,Truchard James J,Dir,S - Sale,38.79,-7500,10191321,0%,-290925.0,,,,,NATI
413,,2017-05-31 19:05:41,2017-05-30,NATI,Kodosky Jeffrey L,Dir,S - Sale,38.38,-2000,1744144,0%,-76760.0,,,,,NATI
414,,2017-05-31 18:41:36,2017-05-30,NATI,Roiko John Charles,"VP, Finance",S - Sale,38.42,-1047,18248,-5%,-40230.0,,,,,NATI
415,,2017-05-31 18:24:10,2017-05-30,NATI,Rust Scott Arthur,SVP,S - Sale,38.34,-3288,17189,-16%,-126062.0,,,,,NATI
416,,2017-05-31 17:59:43,2017-05-30,NATI,Truchard James J,Dir,S - Sale,38.36,-7500,10198821,0%,-287700.0,,,,,NATI
417,,2017-05-30 13:09:55,2017-05-26,NATI,Davern Alexander M,"Pres, CEO",S - Sale,38.52,-9914,84757,-10%,-381887.0,,,,,NATI
418,,2017-05-23 17:08:22,2017-05-22,NATI,Kodosky Jeffrey L,Dir,S - Sale,37.47,-2000,1746144,0%,-74940.0,,,,,NATI
419,,2017-05-23 16:55:35,2017-05-22,NATI,Truchard James J,Dir,S - Sale,37.61,-7500,10206321,0%,-282075.0,,,,,NATI
420,,2017-05-17 16:19:13,2017-05-15,NATI,Kodosky Jeffrey L,Dir,S - Sale,36.64,-2000,1748144,0%,-73280.0,,,,,NATI
421,,2017-05-17 15:58:22,2017-05-15,NATI,Truchard James J,Dir,S - Sale,36.77,-7500,10213821,0%,-275775.0,,,,,NATI
422,,2017-05-11 17:15:13,2017-05-10,NATI,Truchard James J,Dir,S - Sale,35.07,-40000,10221321,0%,-1402800.0,0.0,,,,NATI
423,,2017-05-09 18:01:07,2017-05-08,NATI,Truchard James J,Dir,S - Sale,35.01,-32500,10261321,0%,-1137825.0,1.0,,,,NATI
424,M,2017-05-09 15:53:27,2017-05-05,NATI,Kodosky Jeffrey L,Dir,S - Sale,35.02,-2217,1750144,0%,-77635.0,0.0,,,,NATI
425,,2017-05-08 09:21:58,2017-05-05,NATI,Starkloff Eric Howard,EVP,S - Sale,34.91,-6888,10317,-40%,-240477.0,0.0,4.0,,,NATI
426,D,2017-05-02 20:36:05,2017-05-01,NATI,Davern Alexander M,"Pres, CEO",F - Tax,34.48,-4828,94671,-5%,-166462.0,0.0,2.0,,,NATI
427,D,2017-05-02 20:36:05,2017-05-01,NATI,Davern Alexander M,"Pres, CEO",M - OptEx,0.35,17644,94671,+23%,6249.0,0.0,2.0,,,NATI
428,D,2017-05-02 19:49:46,2017-05-01,NATI,Roiko John Charles,Interim CFO,F - Tax,34.48,-868,19295,-4%,-29927.0,0.0,2.0,,,NATI
429,D,2017-05-02 19:49:46,2017-05-01,NATI,Roiko John Charles,Interim CFO,M - OptEx,1.78,3397,19295,+21%,6036.0,0.0,2.0,,,NATI
430,D,2017-05-02 18:21:18,2017-05-01,NATI,Rust Scott Arthur,SVP,F - Tax,34.48,-1739,20477,-8%,-59958.0,0.0,2.0,,,NATI
431,D,2017-05-02 18:21:18,2017-05-01,NATI,Rust Scott Arthur,SVP,M - OptEx,1.09,6533,20477,+47%,7104.0,0.0,2.0,,,NATI
432,,2017-05-02 17:12:03,2017-04-28,NATI,Kodosky Jeffrey L,Dir,S - Sale,35.13,-2000,1752361,0%,-70260.0,0.0,2.0,,,NATI
433,,2017-05-02 17:09:11,2017-05-01,NATI,Truchard James J,Dir,S - Sale,34.43,-2500,10293821,0%,-86075.0,0.0,2.0,,,NATI
434,D,2017-05-02 16:05:56,2017-05-01,NATI,Starkloff Eric Howard,EVP,F - Tax,34.48,-2689,17205,-14%,-92712.0,0.0,2.0,,,NATI
435,D,2017-05-02 16:05:56,2017-05-01,NATI,Starkloff Eric Howard,EVP,M - OptEx,1.01,10063,17205,+141%,10202.0,0.0,2.0,,,NATI
436,D,2017-05-01 19:38:06,2017-05-01,NATI,Fettweis Gerhard Paul,Dir,M - OptEx,0.0,3084,3084,New,0.0,-1.0,1.0,,,NATI
437,D,2017-05-01 19:18:35,2017-05-01,NATI,Roesslein Charles J,Dir,M - OptEx,0.0,4439,94452,+5%,0.0,-1.0,1.0,,,NATI
438,D,2017-05-01 18:44:29,2017-05-01,NATI,McGrath Michael E,Dir,M - OptEx,0.0,5990,15540,+63%,0.0,-1.0,1.0,,,NATI
439,D,2017-05-01 17:52:09,2017-05-01,NATI,Le Duy Loan T,Dir,M - OptEx,0.0,4439,87766,+5%,0.0,-1.0,1.0,,,NATI
440,D,2017-05-01 17:32:33,2017-05-01,NATI,Carlton Donald M,Dir,M - OptEx,0.0,8869,61552,+17%,0.0,-1.0,1.0,,,NATI
441,D,2017-05-01 13:08:05,2017-05-01,NATI,Berra John M,Dir,M - OptEx,0.0,4439,32836,+16%,0.0,-1.0,0.0,,,NATI
442,,2017-05-01 12:18:38,2017-04-28,NATI,Truchard James J,Dir,S - Sale,35.27,-20000,10296321,0%,-705400.0,-1.0,0.0,,,NATI
443,,2017-04-24 19:42:24,2017-04-24,NATI,Truchard James J,Dir,S - Sale,34.02,-2500,10316321,0%,-85050.0,1.0,2.0,,,NATI
444,,2017-04-18 11:58:48,2017-04-17,NATI,Truchard James J,Dir,S - Sale,32.12,-2500,10318821,0%,-80300.0,1.0,6.0,,,NATI
445,,2017-04-12 11:56:30,2017-04-10,NATI,Truchard James J,Dir,S - Sale,32.24,-2500,10321321,0%,-80600.0,-1.0,2.0,12.0,,NATI
446,,2017-04-04 18:45:36,2017-04-03,NATI,Truchard James J,Dir,S - Sale,32.17,-2500,10323821,0%,-80425.0,-1.0,0.0,6.0,,NATI
447,,2017-03-29 13:34:37,2017-03-27,NATI,Truchard James J,Dir,S - Sale,31.88,-2500,10326321,0%,-79700.0,1.0,0.0,8.0,,NATI
448,,2017-03-21 16:29:59,2017-03-20,NATI,Truchard James J,Dir,S - Sale,32.45,-2500,10328821,0%,-81125.0,-1.0,1.0,4.0,,NATI
449,,2017-03-15 16:27:15,2017-03-13,NATI,Truchard James J,Dir,S - Sale,32.33,-2500,10331321,0%,-80825.0,0.0,-2.0,-2.0,,NATI
450,,2017-03-10 16:32:24,2017-02-01,NATI,Roiko John Charles,Interim CFO,M - OptEx,23.88,252,16766,+2%,6017.0,0.0,1.0,0.0,,NATI
451,,2017-03-10 15:59:30,2017-02-01,NATI,Starkloff Eric Howard,EVP,M - OptEx,23.88,443,9831,+5%,10577.0,0.0,1.0,0.0,,NATI
452,,2017-03-10 15:16:10,2017-02-01,NATI,Rust Scott Arthur,SVP,M - OptEx,23.88,297,15683,+2%,7091.0,0.0,1.0,0.0,,NATI
453,,2017-03-10 15:01:54,2017-02-01,NATI,Davern Alexander M,"Pres, CEO",M - OptEx,23.88,628,81855,+1%,14994.0,0.0,1.0,0.0,,NATI
454,,2017-03-07 17:09:03,2017-03-06,NATI,Truchard James J,"Dir, 10%",S - Sale,32.26,-2500,10333821,0%,-80650.0,0.0,0.0,0.0,,NATI
455,,2017-03-01 13:38:53,2017-02-27,NATI,Truchard James J,"Dir, 10%",S - Sale,32.41,-2500,10336321,0%,-81025.0,2.0,0.0,1.0,,NATI
456,,2017-02-22 17:53:55,2017-02-21,NATI,Truchard James J,"Dir, 10%",S - Sale,32.25,-2500,10338821,0%,-80625.0,0.0,0.0,-2.0,,NATI
457,,2017-02-15 15:38:29,2017-02-13,NATI,Truchard James J,"Dir, 10%",S - Sale,31.92,-2500,10341321,0%,-79800.0,1.0,2.0,3.0,,NATI
458,,2017-02-07 20:42:49,2017-02-06,NATI,Truchard James J,"Dir, 10%",S - Sale,31.67,-2500,10343821,0%,-79175.0,0.0,2.0,3.0,,NATI
459,,2017-02-01 16:41:43,2017-01-30,NATI,Truchard James J,"Dir, 10%",S - Sale,31.11,-2500,10346321,0%,-77775.0,0.0,-1.0,2.0,,NATI
460,,2017-01-25 13:44:51,2017-01-23,NATI,Truchard James J,"Dir, 10%",S - Sale,30.86,-2500,10348821,0%,-77150.0,1.0,-1.0,3.0,,NATI
461,,2017-01-18 21:45:36,2017-01-17,NATI,Truchard James J,"Dir, 10%",S - Sale,30.37,-2500,10351321,0%,-75925.0,0.0,3.0,4.0,,NATI
462,,2017-01-11 16:54:57,2016-12-20,NATI,Truchard James J,"Dir, 10%",G - Gift,0.0,-165000,10353821,-2%,-0.0,-1.0,-2.0,1.0,,NATI
463,,2017-01-11 16:54:57,2017-01-09,NATI,Truchard James J,"Dir, 10%",S - Sale,31.28,-2500,10353821,0%,-78200.0,-1.0,-2.0,1.0,,NATI
464,,2016-11-18 14:17:14,2016-11-11,NATI,Starkloff Eric Howard,EVP,S - Sale,29.0,-1222,9388,-12%,-35438.0,0.0,1.0,1.0,,NATI
465,,2016-11-09 13:46:53,2016-11-08,NATI,Starkloff Eric Howard,EVP,S - Sale,28.5,-1393,10610,-12%,-39701.0,1.0,6.0,8.0,29.0,NATI
466,,2016-11-08 20:41:17,2016-11-07,NATI,Davern Alexander M,"COO, CFO, EVP",S - Sale,28.31,-5500,81227,-6%,-155711.0,1.0,5.0,7.0,26.0,NATI
467,,2016-11-07 20:45:27,2016-11-01,NATI,Rust Scott Arthur,SVP,M - OptEx,23.88,32,15386,0%,764.0,0.0,4.0,7.0,26.0,NATI
468,,2016-11-07 20:28:20,2016-11-07,NATI,Starkloff Eric Howard,EVP,S - Sale,28.5,-437,12003,-4%,-12455.0,0.0,4.0,7.0,26.0,NATI
469,,2016-11-04 18:46:49,2016-11-04,NATI,Le Duy Loan T,Dir,P - Purchase,27.23,1207,83327,+1%,32862.0,5.0,6.0,10.0,30.0,NATI
470,,2016-11-01 19:16:19,2016-08-01,NATI,Starkloff Eric Howard,EVP,M - OptEx,23.43,14,12440,0%,328.0,-2.0,2.0,6.0,24.0,NATI
471,,2016-11-01 19:16:19,2016-11-01,NATI,Starkloff Eric Howard,EVP,S - Sale,28.09,-1709,12440,-12%,-48006.0,-2.0,2.0,6.0,24.0,NATI
472,,2016-11-01 14:48:10,2016-08-01,NATI,Rust Scott Arthur,SVP,M - OptEx,23.43,281,15354,+2%,6585.0,-1.0,1.0,6.0,23.0,NATI
473,,2016-11-01 14:48:10,2016-10-31,NATI,Rust Scott Arthur,SVP,S - Sale,27.8,-17454,15354,-53%,-485134.0,-1.0,1.0,6.0,23.0,NATI
474,,2016-05-25 17:07:33,2016-05-23,NATI,Truchard James J,"Pres, 10%",P - Purchase,27.5,394819,10141935,+4%,10855548.0,2.0,3.0,1.0,9.0,NATI
475,,2016-05-04 20:04:54,2016-05-04,NATI,Le Duy Loan T,Dir,P - Purchase,27.66,575,82120,+1%,15902.0,0.0,-2.0,5.0,3.0,NATI
476,D,2016-05-03 18:47:13,2016-05-02,NATI,Starkloff Eric Howard,EVP,F - Tax,27.56,-2149,14135,-13%,-59222.0,0.0,-1.0,4.0,1.0,NATI
477,D,2016-05-03 18:47:13,2016-05-02,NATI,Starkloff Eric Howard,EVP,M - OptEx,1.22,8145,14135,+136%,9936.0,0.0,-1.0,4.0,1.0,NATI
478,D,2016-05-03 17:58:02,2016-05-02,NATI,Rust Scott Arthur,SVP,F - Tax,27.56,-1429,32527,-4%,-39380.0,0.0,-1.0,4.0,1.0,NATI
479,D,2016-05-03 17:58:02,2016-05-02,NATI,Rust Scott Arthur,SVP,M - OptEx,1.21,5481,32527,+20%,6609.0,0.0,-1.0,4.0,1.0,NATI
480,D,2016-05-03 16:18:46,2016-05-02,NATI,Davern Alexander M,"COO, CFO, EVP",F - Tax,27.56,-4441,86727,-5%,-122385.0,0.0,-1.0,4.0,1.0,NATI
481,D,2016-05-03 16:18:46,2016-05-02,NATI,Davern Alexander M,"COO, CFO, EVP",M - OptEx,0.39,16262,86727,+23%,6351.0,0.0,-1.0,4.0,1.0,NATI
482,D,2016-05-03 14:04:30,2016-05-02,NATI,Roesslein Charles J,Dir,M - OptEx,0.0,4223,90013,+5%,0.0,-1.0,-2.0,4.0,0.0,NATI
483,D,2016-05-03 13:30:49,2016-05-02,NATI,McGrath Michael E,Dir,M - OptEx,0.0,4448,9550,+87%,0.0,-1.0,-2.0,4.0,0.0,NATI
484,D,2016-05-03 13:12:24,2016-05-02,NATI,Le Duy Loan T,Dir,M - OptEx,0.0,4223,81545,+5%,0.0,-1.0,-2.0,4.0,0.0,NATI
485,D,2016-05-03 12:24:19,2016-05-02,NATI,Carlton Donald M,Dir,M - OptEx,0.0,4223,52683,+9%,0.0,-1.0,-2.0,4.0,0.0,NATI
486,D,2016-05-03 12:11:02,2016-05-02,NATI,Berra John M,Dir,M - OptEx,0.0,4223,28397,+17%,0.0,-1.0,-2.0,4.0,0.0,NATI
487,,2016-03-04 18:22:12,2016-02-01,NATI,Rust Scott Arthur,SVP,M - OptEx,24.23,272,28475,+1%,6589.0,0.0,-1.0,0.0,-5.0,NATI
488,,2016-03-04 18:07:59,2016-02-01,NATI,Starkloff Eric Howard,EVP,M - OptEx,24.23,411,8139,+5%,9956.0,0.0,-1.0,0.0,-5.0,NATI
489,,2016-03-04 17:54:08,2016-02-01,NATI,Davern Alexander M,"COO, CFO, EVP",M - OptEx,24.23,567,74906,+1%,13736.0,0.0,-1.0,0.0,-5.0,NATI
490,,2016-02-05 18:47:43,2016-02-04,NATI,Le Duy Loan T,Dir,P - Purchase,27.85,3100,77322,+4%,86323.0,2.0,1.0,12.0,5.0,NATI
491,,2015-12-01 18:04:33,2015-08-03,NATI,Starkloff Eric Howard,EVP,M - OptEx,24.31,85,7728,+1%,2066.0,1.0,-2.0,-6.0,-7.0,NATI
492,,2015-11-02 19:11:26,2015-08-03,NATI,Rust Scott Arthur,SVP,M - OptEx,24.31,250,28203,+1%,6078.0,-1.0,-1.0,2.0,-9.0,NATI
493,,2015-11-02 19:11:26,2015-11-02,NATI,Rust Scott Arthur,SVP,S - Sale,30.68,-3263,28203,-10%,-100094.0,-1.0,-1.0,2.0,-9.0,NATI
494,,2015-10-30 14:56:20,2015-10-29,NATI,Davern Alexander M,"COO, CFO, EVP",S - Sale,30.89,-3000,74339,-4%,-92656.0,-1.0,-1.0,2.0,-8.0,NATI
495,,2015-10-06 10:51:58,2015-10-02,NATI,Truchard James J,"Pres, 10%",G - Gift,0.0,-300000,9064097,-3%,-0.0,0.0,0.0,5.0,-1.0,NATI
496,,2015-05-21 17:41:39,2015-05-20,NATI,Rust Scott Arthur,SVP,S - Sale,29.97,-6102,31216,-16%,-182874.0,0.0,1.0,4.0,1.0,NATI
497,,2015-05-19 15:58:34,2015-05-18,NATI,Starkloff Eric Howard,EVP,S - Sale,30.0,-1108,7643,-13%,-33240.0,1.0,1.0,4.0,-2.0,NATI
498,,2015-05-15 17:15:44,2015-05-14,NATI,Starkloff Eric Howard,EVP,S - Sale,29.5,-996,8751,-10%,-29382.0,1.0,1.0,4.0,1.0,NATI
499,,2015-05-13 18:20:13,2015-05-13,NATI,Starkloff Eric Howard,EVP,S - Sale,29.01,-1675,9747,-15%,-48585.0,2.0,4.0,8.0,5.0,NATI
500,D,2015-05-05 18:35:55,2015-05-01,NATI,Rust Scott Arthur,SVP,F - Tax,28.34,-1310,37317,-3%,-37126.0,-1.0,0.0,8.0,8.0,NATI
501,D,2015-05-05 18:35:55,2015-05-01,NATI,Rust Scott Arthur,SVP,M - OptEx,1.45,5037,37317,+16%,7317.0,-1.0,0.0,8.0,8.0,NATI
502,D,2015-05-05 16:29:13,2015-05-01,NATI,Starkloff Eric Howard,EVP,F - Tax,28.34,-1834,11422,-14%,-51977.0,-1.0,0.0,8.0,8.0,NATI
503,D,2015-05-05 16:29:13,2015-05-01,NATI,Starkloff Eric Howard,EVP,M - OptEx,1.33,6977,11422,+157%,9286.0,-1.0,0.0,8.0,8.0,NATI
504,D,2015-05-05 14:57:11,2015-05-01,NATI,Davern Alexander M,"COO, CFO, EVP",F - Tax,28.34,-4615,77339,-6%,-130792.0,1.0,0.0,9.0,8.0,NATI
505,D,2015-05-05 14:57:11,2015-05-01,NATI,Davern Alexander M,"COO, CFO, EVP",M - OptEx,0.38,16898,77339,+28%,6442.0,1.0,0.0,9.0,8.0,NATI
506,D,2015-05-04 18:40:20,2015-05-01,NATI,Carlton Donald M,Dir,M - OptEx,0.0,4370,48460,+10%,0.0,1.0,2.0,6.0,10.0,NATI
507,D,2015-05-04 18:37:42,2015-05-01,NATI,McGrath Michael E,Dir,M - OptEx,0.0,3102,5102,+155%,0.0,1.0,2.0,6.0,10.0,NATI
508,D,2015-05-04 18:34:21,2015-05-01,NATI,Berra John M,Dir,M - OptEx,0.0,4370,24174,+22%,0.0,1.0,2.0,6.0,10.0,NATI
509,D,2015-05-04 18:32:49,2015-05-01,NATI,Le Duy Loan T,Dir,M - OptEx,0.0,4370,74222,+6%,0.0,1.0,2.0,6.0,10.0,NATI
510,D,2015-05-04 18:25:36,2015-05-01,NATI,Roesslein Charles J,Dir,M - OptEx,0.0,4370,85790,+5%,0.0,1.0,2.0,6.0,10.0,NATI
511,D,2015-05-04 18:25:36,2015-05-04,NATI,Roesslein Charles J,Dir,P - Purchase,28.5,3000,85790,+4%,85496.0,1.0,2.0,6.0,10.0,NATI
512,,2015-03-16 20:26:30,2015-02-02,NATI,Rust Scott Arthur,SVP,M - OptEx,25.57,278,33590,+1%,7108.0,1.0,2.0,2.0,-11.0,NATI
513,,2015-03-16 19:35:10,2015-02-02,NATI,Starkloff Eric Howard,EVP,M - OptEx,25.57,350,6279,+6%,8949.0,1.0,2.0,2.0,-11.0,NATI
514,,2015-03-16 19:26:55,2015-02-02,NATI,Davern Alexander M,"COO, CFO, EVP",M - OptEx,25.57,537,65056,+1%,13730.0,1.0,2.0,2.0,-11.0,NATI
515,,2014-12-09 18:54:08,2014-12-09,NATI,Kodosky Jeffrey L,Dir,S - Sale,31.54,-4000,1754361,0%,-126160.0,-3.0,-5.0,-5.0,-2.0,NATI
516,,2014-12-08 15:08:08,2014-11-03,NATI,Starkloff Eric Howard,EVP,M - OptEx,26.93,92,7183,+1%,2477.0,-3.0,-4.0,-6.0,-3.0,NATI
517,,2014-12-08 14:59:56,2014-11-03,NATI,Rust Scott Arthur,SVP,M - OptEx,26.93,96,33523,0%,2585.0,-3.0,-4.0,-6.0,-3.0,NATI
518,,2014-12-01 19:06:16,2014-12-01,NATI,Kodosky Jeffrey L,Dir,S - Sale,32.16,-4000,1758361,0%,-128641.0,0.0,1.0,-2.0,-5.0,NATI
519,,2014-11-26 12:25:04,2014-11-24,NATI,Kodosky Jeffrey L,Dir,S - Sale,32.34,-4000,1762361,0%,-129349.0,1.0,2.0,-1.0,-5.0,NATI
520,,2014-11-18 13:23:31,2014-11-17,NATI,Kodosky Jeffrey L,Dir,S - Sale,31.92,-4000,1766361,0%,-127671.0,0.0,2.0,-3.0,-5.0,NATI
521,,2014-11-12 15:45:18,2014-11-10,NATI,Kodosky Jeffrey L,Dir,S - Sale,32.77,-4000,1770361,0%,-131072.0,0.0,-4.0,-5.0,-9.0,NATI
522,,2014-11-12 13:01:06,2014-11-10,NATI,Davern Alexander M,"COO, CFO, EVP",S - Sale,32.86,-4841,64519,-7%,-159098.0,0.0,-4.0,-5.0,-9.0,NATI
523,,2014-11-05 15:46:26,2014-11-03,NATI,Kodosky Jeffrey L,Dir,S - Sale,31.97,-4000,1774361,0%,-127884.0,1.0,3.0,1.0,-10.0,NATI
524,,2014-10-29 11:54:16,2014-10-27,NATI,Kodosky Jeffrey L,Dir,S - Sale,30.18,-4000,1778361,0%,-120723.0,0.0,4.0,5.0,-6.0,NATI
525,,2014-10-22 15:40:13,2014-10-20,NATI,Kodosky Jeffrey L,Dir,S - Sale,28.51,-4000,1782361,0%,-114026.0,-2.0,4.0,6.0,10.0,NATI
526,,2014-10-16 12:40:59,2014-10-13,NATI,Kodosky Jeffrey L,Dir,S - Sale,27.15,-4000,1786361,0%,-108589.0,2.0,8.0,21.0,20.0,NATI
527,,2014-10-08 18:06:14,2014-10-06,NATI,Kodosky Jeffrey L,Dir,S - Sale,30.39,-4000,1790361,0%,-121565.0,-3.0,-10.0,7.0,10.0,NATI
528,,2014-10-01 15:23:26,2014-09-29,NATI,Kodosky Jeffrey L,Dir,S - Sale,31.01,-4000,1794361,0%,-124040.0,-2.0,-4.0,0.0,6.0,NATI
529,,2014-09-24 12:09:45,2014-09-22,NATI,Kodosky Jeffrey L,Dir,S - Sale,31.54,-4000,1798361,0%,-126160.0,1.0,-1.0,-7.0,4.0,NATI
530,,2014-09-17 18:35:31,2014-09-15,NATI,Kodosky Jeffrey L,Dir,S - Sale,32.22,-4000,1802361,0%,-128879.0,0.0,-3.0,-16.0,3.0,NATI
531,,2014-09-10 12:34:25,2014-09-08,NATI,Kodosky Jeffrey L,Dir,S - Sale,32.8,-4000,1806361,0%,-131190.0,1.0,-1.0,-8.0,-3.0,NATI
532,,2014-09-04 19:32:44,2014-09-02,NATI,Kodosky Jeffrey L,Dir,S - Sale,33.22,-4000,1810361,0%,-132871.0,0.0,1.0,-7.0,-3.0,NATI
533,,2014-09-03 15:19:39,2014-08-29,NATI,Kodosky Jeffrey L,Dir,S - Sale,33.03,-4000,1814361,0%,-132137.0,-1.0,-2.0,-9.0,-5.0,NATI
534,,2014-09-02 11:09:11,2014-08-29,NATI,Davern Alexander M,"COO, CFO, EVP",S - Sale,32.83,-1000,69360,-1%,-32830.0,0.0,-1.0,-7.0,-5.0,NATI
535,,2014-08-27 11:50:47,2014-08-25,NATI,Kodosky Jeffrey L,Dir,S - Sale,32.95,-4000,1814361,0%,-131800.0,0.0,-1.0,-6.0,-5.0,NATI
536,,2014-08-19 16:08:08,2014-08-01,NATI,Starkloff Eric Howard,EVP,M - OptEx,23.21,379,7091,+6%,8798.0,0.0,-1.0,-3.0,-5.0,NATI
537,,2014-08-19 15:58:56,2014-08-18,NATI,Kodosky Jeffrey L,Dir,S - Sale,32.82,-4000,1818361,0%,-131281.0,1.0,0.0,-2.0,-4.0,NATI
538,,2014-08-19 15:33:28,2014-08-01,NATI,Rust Scott Arthur,SVP,M - OptEx,23.21,280,33427,+1%,6500.0,1.0,0.0,-2.0,-4.0,NATI
539,,2014-08-19 15:33:28,2014-08-18,NATI,Rust Scott Arthur,SVP,S - Sale,32.78,-5173,33427,-13%,-169571.0,1.0,0.0,-2.0,-4.0,NATI
540,,2014-08-13 16:06:18,2014-08-11,NATI,Kodosky Jeffrey L,Dir,S - Sale,32.6,-4000,1822361,0%,-130392.0,0.0,2.0,1.0,-5.0,NATI
541,,2014-08-06 17:36:34,2014-08-04,NATI,Kodosky Jeffrey L,Dir,S - Sale,31.97,-4000,1826361,0%,-127880.0,0.0,1.0,2.0,-3.0,NATI
542,,2014-08-04 12:39:40,2014-08-01,NATI,McGrath Michael E,Dir,P - Purchase,31.63,2000,2000,New,63250.0,1.0,3.0,5.0,-4.0,NATI
543,,2014-07-31 19:06:34,2014-07-28,NATI,Kodosky Jeffrey L,Dir,S - Sale,31.73,-4000,1830361,0%,-126939.0,0.0,1.0,4.0,-4.0,NATI
544,,2014-07-23 10:11:31,2014-07-21,NATI,Kodosky Jeffrey L,Dir,S - Sale,31.96,-4000,1834361,0%,-127840.0,0.0,-1.0,3.0,-7.0,NATI
545,,2014-07-16 19:37:50,2014-07-14,NATI,Kodosky Jeffrey L,Dir,S - Sale,32.01,-4000,1838361,0%,-128040.0,-1.0,2.0,3.0,-5.0,NATI
546,,2014-07-09 17:44:51,2014-07-07,NATI,Kodosky Jeffrey L,Dir,S - Sale,32.65,-4000,1842361,0%,-130600.0,-1.0,-1.0,0.0,-6.0,NATI
547,,2014-07-01 18:45:28,2014-06-30,NATI,Kodosky Jeffrey L,Dir,S - Sale,32.13,-4000,1846361,0%,-128520.0,-1.0,-1.0,-1.0,-3.0,NATI
548,,2014-06-26 17:30:24,2014-06-24,NATI,Kodosky Jeffrey L,Dir,S - Sale,31.65,-4000,1850361,0%,-126592.0,1.0,3.0,0.0,0.0,NATI
549,,2014-06-18 19:41:01,2014-06-16,NATI,Kodosky Jeffrey L,Dir,S - Sale,30.29,-4000,1854361,0%,-121160.0,0.0,-1.0,-1.0,-3.0,NATI
550,,2014-06-11 12:24:36,2014-06-09,NATI,Kodosky Jeffrey L,Dir,S - Sale,29.62,-4000,1858361,0%,-118487.0,1.0,4.0,6.0,5.0,NATI
551,,2014-06-04 17:55:19,2014-06-02,NATI,Kodosky Jeffrey L,Dir,S - Sale,28.54,-4000,1862361,0%,-114144.0,2.0,5.0,14.0,13.0,NATI
552,,2014-05-29 17:03:04,2014-05-27,NATI,Kodosky Jeffrey L,Dir,S - Sale,28.29,-4000,1866361,0%,-113154.0,0.0,1.0,11.0,14.0,NATI
553,,2014-05-27 16:29:50,2014-05-23,NATI,Starkloff Eric Howard,EVP,S - Sale,27.94,-1139,6712,-15%,-31824.0,0.0,0.0,11.0,12.0,NATI
554,,2014-05-23 15:08:06,2014-05-21,NATI,Starkloff Eric Howard,EVP,S - Sale,27.81,-1779,7851,-18%,-49480.0,1.0,3.0,14.0,13.0,NATI
555,,2014-05-19 19:26:42,2014-05-19,NATI,Kodosky Jeffrey L,Dir,S - Sale,27.9,-4000,1870361,0%,-111608.0,-1.0,1.0,12.0,18.0,NATI
556,,2014-05-19 19:21:35,2014-05-19,NATI,Davern Alexander M,"COO, CFO, EVP",S - Sale,28.0,-1000,70360,-1%,-28000.0,-1.0,1.0,12.0,18.0,NATI
557,,2014-05-13 18:44:52,2014-05-12,NATI,Kodosky Jeffrey L,Dir,S - Sale,27.82,-4000,1874361,0%,-111280.0,-1.0,1.0,11.0,18.0,NATI
558,,2014-05-13 17:00:38,2014-05-13,NATI,Le Duy Loan T,Dir,P - Purchase,27.57,3500,69852,+5%,96491.0,-1.0,1.0,11.0,18.0,NATI
559,D,2014-05-13 15:39:26,2014-05-12,NATI,Medica John K,Dir,M - OptEx,0.0,4145,39375,+12%,0.0,-1.0,0.0,9.0,17.0,NATI
560,,2014-05-07 21:20:55,2014-05-05,NATI,Kodosky Jeffrey L,Dir,S - Sale,27.42,-4000,1878361,0%,-109690.0,1.0,1.0,7.0,19.0,NATI
561,D,2014-05-05 21:47:07,2014-05-01,NATI,Zogas Peter,SVP,F - Tax,27.13,-3332,84976,-4%,-90408.0,-1.0,0.0,5.0,13.0,NATI
562,D,2014-05-05 21:47:07,2014-05-01,NATI,Zogas Peter,SVP,M - OptEx,0.0,8816,84976,+12%,0.0,-1.0,0.0,5.0,13.0,NATI
563,D,2014-05-05 19:19:59,2014-05-01,NATI,Davern Alexander M,"COO, CFO, EVP",F - Tax,27.13,-4185,71360,-6%,-113553.0,-1.0,0.0,5.0,13.0,NATI
564,D,2014-05-05 19:19:59,2014-05-01,NATI,Davern Alexander M,"COO, CFO, EVP",M - OptEx,0.65,15509,71360,+28%,10075.0,-1.0,0.0,5.0,13.0,NATI
565,D,2014-05-05 17:56:29,2014-05-01,NATI,Starkloff Eric Howard,EVP,F - Tax,27.13,-1436,9630,-13%,-38964.0,-1.0,0.0,5.0,13.0,NATI
566,D,2014-05-05 17:56:29,2014-05-01,NATI,Starkloff Eric Howard,EVP,M - OptEx,1.51,5578,9630,+138%,8427.0,-1.0,0.0,5.0,13.0,NATI
567,D,2014-05-05 15:26:49,2014-05-01,NATI,Rust Scott Arthur,SVP,F - Tax,27.13,-1242,38320,-3%,-33700.0,-1.0,-1.0,5.0,12.0,NATI
568,D,2014-05-05 15:26:49,2014-05-01,NATI,Rust Scott Arthur,SVP,M - OptEx,1.35,4830,38320,+14%,6523.0,-1.0,-1.0,5.0,12.0,NATI
569,D,2014-05-02 18:09:39,2014-05-01,NATI,Carlton Donald M,Dir,M - OptEx,0.0,4263,44090,+11%,0.0,-1.0,0.0,4.0,13.0,NATI
570,D,2014-05-02 17:47:47,2014-05-01,NATI,Medica John K,Dir,M - OptEx,0.0,4263,35230,+14%,0.0,-1.0,0.0,4.0,13.0,NATI
571,D,2014-05-02 17:28:37,2014-05-01,NATI,Le Duy Loan T,Dir,M - OptEx,0.0,4263,66352,+7%,0.0,-1.0,0.0,4.0,13.0,NATI
572,D,2014-05-02 16:32:38,2014-05-01,NATI,Berra John M,Dir,M - OptEx,0.0,4263,19804,+27%,0.0,-1.0,0.0,4.0,13.0,NATI
573,D,2014-05-02 13:17:49,2014-05-01,NATI,Roesslein Charles J,Dir,M - OptEx,0.0,4263,78420,+6%,0.0,2.0,2.0,6.0,14.0,NATI
574,,2014-05-01 20:49:42,2014-04-28,NATI,Kodosky Jeffrey L,Dir,S - Sale,26.93,-4000,1882361,0%,-107728.0,2.0,1.0,6.0,15.0,NATI
575,D,2014-04-24 18:57:28,2014-04-03,NATI,Starkloff Eric Howard,EVP,G - Gift,0.0,-320,5488,-6%,-0.0,-2.0,0.0,2.0,9.0,NATI
576,,2014-04-23 19:06:43,2014-04-21,NATI,Kodosky Jeffrey L,Dir,S - Sale,27.34,-4000,1886361,0%,-109369.0,-1.0,-3.0,1.0,5.0,NATI
577,,2014-04-16 19:59:59,2014-04-14,NATI,Kodosky Jeffrey L,Dir,S - Sale,26.98,-4000,1890361,0%,-107920.0,1.0,1.0,1.0,0.0,NATI
578,,2014-04-10 16:02:01,2014-04-08,NATI,Kodosky Jeffrey L,Dir,S - Sale,27.63,-4000,1894361,0%,-110524.0,-1.0,0.0,1.0,11.0,NATI
579,,2014-04-02 18:23:05,2014-03-31,NATI,Kodosky Jeffrey L,Dir,S - Sale,28.65,-4000,1898361,0%,-114606.0,0.0,-6.0,-7.0,7.0,NATI
580,,2014-03-26 18:15:06,2014-03-24,NATI,Kodosky Jeffrey L,Dir,S - Sale,29.72,-4000,1902361,0%,-118887.0,-1.0,1.0,-5.0,9.0,NATI
581,,2014-03-19 19:28:09,2014-03-17,NATI,Kodosky Jeffrey L,Dir,S - Sale,29.47,-4000,1906361,0%,-117888.0,-1.0,-2.0,-10.0,8.0,NATI
582,,2014-03-12 20:16:53,2014-03-10,NATI,Kodosky Jeffrey L,Dir,S - Sale,29.25,-4000,1910361,0%,-117008.0,-1.0,3.0,-4.0,13.0,NATI
583,,2014-03-11 20:11:22,2014-02-03,NATI,Starkloff Eric Howard,EVP,M - OptEx,24.65,265,5808,+5%,6532.0,1.0,2.0,-5.0,14.0,NATI
584,,2014-03-11 19:47:55,2014-02-03,NATI,Rust Scott Arthur,"SVP, Global R, D",M - OptEx,24.65,211,34732,+1%,5201.0,1.0,2.0,-5.0,14.0,NATI
585,,2014-03-11 19:29:53,2014-02-03,NATI,Davern Alexander M,"COO, CFO, EVP",M - OptEx,24.65,428,60036,+1%,10550.0,1.0,2.0,-5.0,14.0,NATI
586,,2014-03-05 20:50:26,2014-03-03,NATI,Kodosky Jeffrey L,Dir,S - Sale,28.55,-4000,1914361,0%,-114198.0,1.0,-1.0,0.0,15.0,NATI
587,,2014-02-26 18:49:40,2014-02-24,NATI,Kodosky Jeffrey L,Dir,S - Sale,29.11,-4000,1918361,0%,-116430.0,-1.0,0.0,-1.0,14.0,NATI
588,,2014-02-20 13:21:37,2014-02-18,NATI,Kodosky Jeffrey L,Dir,S - Sale,28.7,-4000,1922361,0%,-114816.0,1.0,1.0,4.0,17.0,NATI
589,,2014-02-11 20:43:24,2014-02-10,NATI,Kodosky Jeffrey L,Dir,S - Sale,27.83,-4000,1926361,0%,-111313.0,1.0,4.0,6.0,19.0,NATI
590,,2014-02-05 19:30:15,2014-02-03,NATI,Kodosky Jeffrey L,Dir,S - Sale,27.95,-4000,1930361,0%,-111800.0,1.0,2.0,9.0,18.0,NATI
591,,2014-01-29 20:09:50,2014-01-27,NATI,Kodosky Jeffrey L,Dir,S - Sale,31.34,-4000,1934361,0%,-125349.0,1.0,-9.0,-6.0,5.0,NATI
592,,2014-01-27 21:03:14,2014-01-21,NATI,Kodosky Jeffrey L,Dir,S - Sale,32.63,-4000,1938361,0%,-130500.0,0.0,-7.0,-6.0,3.0,NATI
593,,2014-01-15 13:39:39,2014-01-13,NATI,Kodosky Jeffrey L,Dir,S - Sale,31.75,-4000,1942361,0%,-127001.0,2.0,2.0,-10.0,1.0,NATI
594,,2014-01-08 18:10:15,2014-01-06,NATI,Kodosky Jeffrey L,Dir,S - Sale,30.69,-4000,1946361,0%,-122745.0,1.0,2.0,-12.0,4.0,NATI
595,,2014-01-02 11:43:28,2013-12-30,NATI,Kodosky Jeffrey L,Dir,S - Sale,31.4,-4000,1950361,0%,-125617.0,-4.0,-2.0,-9.0,3.0,NATI
596,,2013-12-31 19:22:32,2013-12-30,NATI,Starkloff Eric Howard,SVP,G - Gift,0.0,-320,5223,-6%,-0.0,-4.0,-2.0,-3.0,4.0,NATI
597,,2013-12-26 12:21:20,2013-12-23,NATI,Kodosky Jeffrey L,Dir,S - Sale,31.13,-4000,1954361,0%,-124502.0,0.0,-2.0,-1.0,3.0,NATI
598,,2013-12-18 17:40:36,2013-12-16,NATI,Kodosky Jeffrey L,Dir,S - Sale,29.95,-4000,1958361,0%,-119800.0,0.0,3.0,6.0,6.0,NATI
599,,2013-12-10 17:10:19,2013-12-09,NATI,Kodosky Jeffrey L,Dir,S - Sale,30.33,-4000,1962361,0%,-121304.0,-2.0,-2.0,5.0,2.0,NATI
600,,2013-12-04 15:10:46,2013-12-02,NATI,Kodosky Jeffrey L,Dir,S - Sale,31.35,-12000,1966361,-1%,-376178.0,-1.0,0.0,1.0,-3.0,NATI
601,,2013-11-27 18:32:07,2013-11-27,NATI,Zogas Peter,SVP,S - Sale,31.44,-1146,79492,-1%,-36025.0,-1.0,-4.0,0.0,-8.0,NATI
602,,2013-11-27 15:42:55,2013-11-26,NATI,Zogas Peter,SVP,S - Sale,31.61,-1109,80638,-1%,-35057.0,0.0,-4.0,0.0,-8.0,NATI
603,,2013-11-27 14:06:36,2013-11-25,NATI,Kodosky Jeffrey L,Dir,S - Sale,31.29,-12000,1978361,-1%,-375510.0,0.0,-4.0,0.0,-8.0,NATI
604,,2013-11-20 18:46:49,2013-11-18,NATI,Kodosky Jeffrey L,Dir,S - Sale,31.86,-12000,1990361,-1%,-382358.0,1.0,1.0,-2.0,-9.0,NATI
605,,2013-11-13 18:06:30,2013-11-11,NATI,Kodosky Jeffrey L,Dir,S - Sale,31.68,-12000,2002361,-1%,-380117.0,-1.0,-1.0,-6.0,-12.0,NATI
606,,2013-11-12 17:56:21,2013-11-08,NATI,Zogas Peter,SVP,S - Sale,31.6,-1508,81747,-2%,-47653.0,0.0,0.0,-6.0,-13.0,NATI
607,,2013-11-08 14:57:15,2013-11-07,NATI,Zogas Peter,SVP,S - Sale,32.1,-1508,83255,-2%,-48407.0,2.0,1.0,-3.0,-9.0,NATI
608,D,2013-11-07 18:20:47,2013-11-05,NATI,Carlton Donald M,Dir,M - OptEx,20.34,15000,39827,+60%,305100.0,2.0,2.0,-2.0,-11.0,NATI
609,D,2013-11-07 18:20:47,2013-11-05,NATI,Carlton Donald M,Dir,S - Sale+OE,32.01,-15000,39827,-27%,-480174.0,2.0,2.0,-2.0,-11.0,NATI
610,DM,2013-11-06 19:04:58,2013-08-01,NATI,Starkloff Eric Howard,SVP,M - OptEx,20.06,12559,5543,-179%,251985.0,-3.0,-1.0,-5.0,-13.0,NATI
611,D,2013-11-06 19:04:58,2013-11-04,NATI,Starkloff Eric Howard,SVP,S - Sale+OE,32.18,-12000,5543,-68%,-386108.0,-3.0,-1.0,-5.0,-13.0,NATI
612,,2013-11-06 16:59:53,2013-11-04,NATI,Kodosky Jeffrey L,Dir,S - Sale,32.13,-12000,2014361,-1%,-385568.0,-3.0,-1.0,-5.0,-13.0,NATI
613,,2013-10-30 12:14:08,2013-10-28,NATI,Kodosky Jeffrey L,Dir,S - Sale,29.47,-12000,2026361,-1%,-353699.0,-1.0,8.0,6.0,-8.0,NATI
614,,2013-10-23 12:51:29,2013-10-21,NATI,Kodosky Jeffrey L,Dir,S - Sale,30.68,-12000,2038361,-1%,-368192.0,-2.0,-2.0,3.0,-9.0,NATI
615,,2013-10-15 17:09:51,2013-10-14,NATI,Kodosky Jeffrey L,Dir,S - Sale,30.9,-12000,2050361,-1%,-370771.0,1.0,1.0,4.0,-9.0,NATI
616,,2013-10-08 15:37:41,2013-10-07,NATI,Kodosky Jeffrey L,Dir,S - Sale,30.7,-12000,2062361,-1%,-368372.0,-1.0,2.0,5.0,-9.0,NATI
617,,2013-09-30 17:37:55,2013-09-30,NATI,Kodosky Jeffrey L,Dir,S - Sale,30.99,-12000,2074361,-1%,-371862.0,2.0,1.0,-4.0,-6.0,NATI
618,,2013-09-25 17:09:44,2013-09-23,NATI,Kodosky Jeffrey L,Dir,S - Sale,30.77,-12000,2086361,-1%,-369264.0,0.0,2.0,-4.0,-5.0,NATI
619,,2013-09-17 13:52:42,2013-09-16,NATI,Kodosky Jeffrey L,Dir,S - Sale,30.03,-12000,2098361,-1%,-360328.0,1.0,1.0,1.0,1.0,NATI
620,,2013-09-10 16:34:40,2013-09-09,NATI,Kodosky Jeffrey L,Dir,S - Sale,28.78,-12000,2110361,-1%,-345301.0,0.0,1.0,1.0,-2.0,NATI
621,,2013-09-04 14:52:32,2013-09-03,NATI,Kodosky Jeffrey L,Dir,S - Sale,27.55,-12000,2122361,-1%,-330630.0,3.0,9.0,15.0,8.0,NATI
622,,2013-08-28 15:01:50,2013-08-26,NATI,Kodosky Jeffrey L,Dir,S - Sale,28.52,-12000,2134361,-1%,-342275.0,1.0,1.0,11.0,5.0,NATI
623,,2013-08-21 12:13:51,2013-08-19,NATI,Kodosky Jeffrey L,Dir,S - Sale,27.98,-12000,2146361,-1%,-335770.0,-1.0,-1.0,10.0,4.0,NATI
624,,2013-08-13 19:21:33,2013-08-12,NATI,Kodosky Jeffrey L,Dir,S - Sale,27.84,-12000,2158361,-1%,-334038.0,0.0,-1.0,7.0,-1.0,NATI
625,,2013-08-06 12:59:07,2013-08-05,NATI,Kodosky Jeffrey L,Dir,S - Sale,27.99,-12000,2170361,-1%,-335923.0,0.0,0.0,1.0,0.0,NATI
626,,2013-07-31 18:26:49,2013-07-29,NATI,Kodosky Jeffrey L,Dir,S - Sale,30.5,-12000,2182361,-1%,-366049.0,1.0,-1.0,1.0,11.0,NATI
627,D,2013-07-30 18:45:07,2013-07-26,NATI,Le Duy Loan T,Dir,F - Tax,30.39,-10040,62089,-14%,-305116.0,0.0,0.0,0.0,11.0,NATI
628,D,2013-07-30 18:45:07,2013-07-26,NATI,Le Duy Loan T,Dir,M - OptEx,20.34,15000,62089,+32%,305100.0,0.0,0.0,0.0,11.0,NATI
629,,2013-07-24 18:16:03,2013-07-22,NATI,Kodosky Jeffrey L,Dir,S - Sale,30.01,-12000,2194361,-1%,-360157.0,1.0,-7.0,-6.0,9.0,NATI
630,,2013-07-17 18:55:21,2013-07-15,NATI,Kodosky Jeffrey L,Dir,S - Sale,29.35,-12000,2206361,-1%,-352157.0,0.0,0.0,-6.0,8.0,NATI
631,,2013-07-10 19:57:09,2013-07-09,NATI,Kodosky Jeffrey L,Dir,S - Sale,28.28,-12000,2218361,-1%,-339346.0,2.0,2.0,-4.0,10.0,NATI
632,,2013-07-03 17:47:20,2013-07-01,NATI,Kodosky Jeffrey L,Dir,S - Sale,27.83,-12000,2230361,-1%,-333972.0,2.0,3.0,2.0,16.0,NATI
633,,2013-07-03 17:46:16,2013-07-01,NATI,Kodosky Jeffrey L,Dir,S - Sale,27.83,-12000,2230361,-1%,-333972.0,2.0,3.0,2.0,16.0,NATI
634,,2013-06-26 17:10:10,2013-06-24,NATI,Kodosky Jeffrey L,Dir,S - Sale,26.72,-12000,2242361,-1%,-320586.0,1.0,0.0,10.0,14.0,NATI
635,,2013-06-18 19:04:59,2013-06-17,NATI,Kodosky Jeffrey L,Dir,S - Sale,27.18,-12000,2254361,-1%,-326197.0,-2.0,-4.0,8.0,9.0,NATI
636,,2013-06-11 16:35:28,2013-06-10,NATI,Kodosky Jeffrey L,Dir,S - Sale,28.1,-12000,2266361,-1%,-337176.0,-2.0,-2.0,3.0,11.0,NATI
637,,2013-06-04 11:17:36,2013-06-03,NATI,Kodosky Jeffrey L,Dir,S - Sale,28.2,-12000,2278361,-1%,-338447.0,-2.0,0.0,-2.0,11.0,NATI
638,,2013-05-30 12:20:33,2013-05-28,NATI,Kodosky Jeffrey L,Dir,S - Sale,29.2,-12000,2290361,-1%,-350348.0,0.0,-4.0,-3.0,10.0,NATI
639,,2013-05-24 20:33:24,2013-05-24,NATI,Zogas Peter,SVP,S - Sale,28.36,-5063,84763,-6%,-143587.0,3.0,-1.0,-6.0,10.0,NATI
640,M,2013-05-22 17:29:41,2013-05-20,NATI,Kodosky Jeffrey L,Dir,S - Sale,28.74,-12000,2302361,-1%,-344918.0,0.0,0.0,-6.0,12.0,NATI
641,D,2013-05-21 17:57:49,2013-05-20,NATI,Davern Alexander M,"COO, CFO, EVP",M - OptEx,19.9,10267,59608,+21%,204313.0,-1.0,2.0,-6.0,11.0,NATI
642,D,2013-05-21 17:57:49,2013-05-20,NATI,Davern Alexander M,"COO, CFO, EVP",S - Sale+OE,28.71,-10267,59608,-15%,-294714.0,-1.0,2.0,-6.0,11.0,NATI
643,,2013-05-16 20:44:55,2013-05-15,NATI,Roesslein Charles J,Dir,P - Purchase,28.47,1000,74157,+1%,28470.0,1.0,0.0,-4.0,12.0,NATI
644,,2013-05-14 18:39:52,2013-05-13,NATI,Kodosky Jeffrey L,Dir,S - Sale,28.49,-12000,2314361,-1%,-341917.0,0.0,0.0,-4.0,12.0,NATI
645,D,2013-05-14 18:25:46,2013-05-13,NATI,Davern Alexander M,"COO, CFO, EVP",M - OptEx,19.9,10000,59608,+20%,199000.0,0.0,0.0,-4.0,12.0,NATI
646,D,2013-05-14 18:25:46,2013-05-13,NATI,Davern Alexander M,"COO, CFO, EVP",S - Sale+OE,28.52,-10000,59608,-14%,-285200.0,0.0,0.0,-4.0,12.0,NATI
647,,2013-05-08 18:53:50,2013-05-06,NATI,Kodosky Jeffrey L,Dir,S - Sale,27.3,-12000,2326361,-1%,-327571.0,1.0,2.0,0.0,16.0,NATI
648,D,2013-05-03 19:30:29,2013-05-01,NATI,Starkloff Eric Howard,SVP,F - Tax,26.96,-1768,4984,-26%,-47663.0,1.0,4.0,4.0,8.0,NATI
649,D,2013-05-03 19:30:29,2013-05-01,NATI,Starkloff Eric Howard,SVP,M - OptEx,0.38,6364,4984,-461%,2416.0,1.0,4.0,4.0,8.0,NATI
650,D,2013-05-03 18:11:59,2013-05-01,NATI,Zogas Peter,SVP,F - Tax,26.96,-3537,89826,-4%,-95353.0,1.0,4.0,4.0,8.0,NATI
651,D,2013-05-03 18:11:59,2013-05-01,NATI,Zogas Peter,SVP,M - OptEx,0.73,13167,89826,+17%,9664.0,1.0,4.0,4.0,8.0,NATI
652,D,2013-05-03 16:41:13,2013-05-01,NATI,Davern Alexander M,"COO, CFO, EVP",F - Tax,26.96,-5095,59608,-8%,-137354.0,1.0,4.0,4.0,8.0,NATI
653,D,2013-05-03 16:41:13,2013-05-01,NATI,Davern Alexander M,"COO, CFO, EVP",M - OptEx,0.52,18819,59608,+46%,9734.0,1.0,4.0,4.0,8.0,NATI
654,D,2013-05-03 15:02:34,2013-05-01,NATI,Hester Phillip D,SVP,F - Tax,26.96,-2473,0,-100%,-66668.0,1.0,5.0,5.0,10.0,NATI
655,D,2013-05-03 15:02:34,2013-05-01,NATI,Hester Phillip D,SVP,M - OptEx,0.0,8982,0,-100%,0.0,1.0,5.0,5.0,10.0,NATI
656,D,2013-05-03 15:02:34,2013-05-02,NATI,Hester Phillip D,SVP,S - Sale+OE,26.66,-6509,0,-100%,-173512.0,1.0,5.0,5.0,10.0,NATI
657,D,2013-05-02 20:33:44,2013-05-01,NATI,Roesslein Charles J,Dir,M - OptEx,0.0,4797,73157,+7%,0.0,1.0,4.0,6.0,11.0,NATI
658,D,2013-05-02 20:09:43,2013-05-01,NATI,Medica John K,Dir,M - OptEx,0.0,4797,30967,+18%,0.0,1.0,4.0,6.0,11.0,NATI
659,D,2013-05-02 19:46:53,2013-05-01,NATI,Le Duy Loan T,Dir,M - OptEx,0.0,4797,57129,+9%,0.0,1.0,4.0,6.0,11.0,NATI
660,D,2013-05-02 19:22:48,2013-05-01,NATI,Carlton Donald M,Dir,M - OptEx,0.0,4797,39827,+14%,0.0,1.0,4.0,6.0,11.0,NATI
661,D,2013-05-02 18:57:45,2013-05-01,NATI,Berra John M,Dir,M - OptEx,0.0,6657,15541,+75%,0.0,1.0,4.0,6.0,11.0,NATI
662,,2013-04-30 20:09:16,2013-04-29,NATI,Kodosky Jeffrey L,Dir,S - Sale,26.99,-12000,2338361,-1%,-323886.0,-2.0,1.0,6.0,10.0,NATI
663,,2013-04-30 12:11:50,2013-04-29,NATI,Davern Alexander M,"COO, CFO, EVP",S - Sale,27.05,-3000,45884,-6%,-81139.0,1.0,2.0,6.0,11.0,NATI
664,A,2013-04-26 14:37:49,2012-05-01,NATI,Le Duy Loan T,Dir,M - OptEx,0.0,5305,52332,+11%,0.0,-7.0,-11.0,-6.0,-1.0,NATI
665,,2013-04-23 17:56:17,2013-04-22,NATI,Kodosky Jeffrey L,Dir,S - Sale,29.53,-12000,2350361,-1%,-354419.0,0.0,-10.0,-4.0,2.0,NATI
666,,2013-04-18 17:35:34,2013-04-16,NATI,Kodosky Jeffrey L,Dir,S - Sale,30.2,-12000,2362361,-1%,-362351.0,0.0,2.0,-4.0,3.0,NATI
667,,2013-04-10 19:18:39,2013-04-08,NATI,Kodosky Jeffrey L,Dir,S - Sale,30.45,-12000,2374361,-1%,-365348.0,0.0,-2.0,-10.0,-1.0,NATI
668,A,2013-04-05 18:38:43,2011-11-04,NATI,Davern Alexander M,"COO, CFO, EVP",F - Tax,27.23,-7866,48884,-14%,-214191.0,-1.0,1.0,-11.0,3.0,NATI
669,,2013-04-03 16:42:42,2013-04-01,NATI,Kodosky Jeffrey L,Dir,S - Sale,31.09,-12000,2386361,-1%,-373021.0,0.0,-2.0,-13.0,1.0,NATI
670,,2013-03-29 19:16:51,2013-02-01,NATI,Zogas Peter,SVP,M - OptEx,20.03,559,80196,+1%,11195.0,-1.0,-4.0,-15.0,-2.0,NATI
671,,2013-03-27 16:49:47,2013-03-25,NATI,Kodosky Jeffrey L,Dir,S - Sale,31.81,-12000,2398361,0%,-381701.0,2.0,-3.0,-5.0,-3.0,NATI
672,D,2013-03-25 13:41:57,2013-03-21,NATI,Davern Alexander M,"COO, CFO, EVP",F - Tax,32.01,-6052,56110,-10%,-193725.0,0.0,0.0,-6.0,-2.0,NATI
673,D,2013-03-25 13:41:57,2013-03-21,NATI,Davern Alexander M,"COO, CFO, EVP",M - OptEx,19.9,9733,56110,+21%,193687.0,0.0,0.0,-6.0,-2.0,NATI
674,,2013-03-21 19:15:52,2013-03-18,NATI,Kodosky Jeffrey L,Dir,S - Sale,31.54,-12000,2410361,0%,-378478.0,1.0,1.0,-7.0,-2.0,NATI
675,,2013-03-13 19:05:22,2013-03-11,NATI,Kodosky Jeffrey L,Dir,S - Sale,30.94,-12000,2422361,0%,-371257.0,1.0,1.0,0.0,-3.0,NATI
676,,2013-03-05 20:00:49,2013-03-04,NATI,Kodosky Jeffrey L,Dir,S - Sale,30.07,-12000,2434361,0%,-360875.0,0.0,1.0,1.0,-9.0,NATI
677,,2013-02-27 18:16:31,2013-02-25,NATI,Kodosky Jeffrey L,Dir,S - Sale,29.76,-12000,2446361,0%,-357143.0,0.0,2.0,7.0,-5.0,NATI
678,,2013-02-21 16:54:18,2013-02-19,NATI,Kodosky Jeffrey L,Dir,S - Sale,30.05,-12000,2458361,0%,-360638.0,2.0,3.0,8.0,-3.0,NATI
679,,2013-02-12 19:47:43,2013-02-01,NATI,Davern Alexander M,"COO, CFO, EVP",M - OptEx,20.03,555,52429,+1%,11114.0,1.0,2.0,5.0,-5.0,NATI
680,,2013-02-12 19:47:43,2013-02-11,NATI,Davern Alexander M,"COO, CFO, EVP",S - Sale,29.62,-1000,52429,-2%,-29623.0,1.0,2.0,5.0,-5.0,NATI
681,,2013-02-12 19:32:38,2013-02-11,NATI,Kodosky Jeffrey L,Dir,S - Sale,29.54,-12000,2470361,0%,-354438.0,1.0,2.0,5.0,-5.0,NATI
682,D,2013-02-08 20:23:47,2013-02-06,NATI,Zogas Peter,SVP,M - OptEx,19.9,15000,79637,+23%,298500.0,-1.0,1.0,5.0,-6.0,NATI
683,D,2013-02-08 20:23:47,2013-02-06,NATI,Zogas Peter,SVP,S - Sale+OE,29.3,-15000,79637,-16%,-439500.0,-1.0,1.0,5.0,-6.0,NATI
684,AD,2013-02-08 19:47:43,2013-02-04,NATI,Zogas Peter,SVP,M - OptEx,19.9,15000,79637,+23%,298500.0,-1.0,1.0,5.0,-6.0,NATI
685,AD,2013-02-08 19:47:43,2013-02-04,NATI,Zogas Peter,SVP,S - Sale+OE,24.24,-15000,79637,-16%,-363626.0,-1.0,1.0,5.0,-6.0,NATI
686,D,2013-02-05 15:23:51,2013-02-04,NATI,Roesslein Charles J,Dir,F - Tax,30.1,-10137,68360,-13%,-305124.0,0.0,1.0,6.0,-3.0,NATI
687,D,2013-02-05 15:23:51,2013-02-04,NATI,Roesslein Charles J,Dir,M - OptEx,20.34,15000,68360,+28%,305100.0,0.0,1.0,6.0,-3.0,NATI
688,D,2013-02-05 13:59:08,2013-02-04,NATI,Carlton Donald M,Dir,M - OptEx,16.11,11250,35030,+47%,181250.0,0.0,1.0,6.0,-3.0,NATI
689,D,2013-02-05 13:59:08,2013-02-04,NATI,Carlton Donald M,Dir,S - Sale+OE,29.47,-11250,35030,-24%,-331498.0,0.0,1.0,6.0,-3.0,NATI
690,D,2013-02-04 21:37:12,2013-02-04,NATI,Zogas Peter,SVP,M - OptEx,19.9,30000,79637,+60%,597000.0,0.0,2.0,6.0,-3.0,NATI
691,D,2013-02-04 21:37:12,2013-02-04,NATI,Zogas Peter,SVP,S - Sale+OE,24.24,-30000,79637,-27%,-727251.0,0.0,2.0,6.0,-3.0,NATI
692,,2013-02-04 21:11:48,2013-02-04,NATI,Kodosky Jeffrey L,Dir,S - Sale,29.2,-12000,2482361,0%,-350423.0,0.0,2.0,6.0,-3.0,NATI
693,,2013-01-30 14:58:48,2013-01-28,NATI,Kodosky Jeffrey L,Dir,S - Sale,27.97,-12000,2494361,0%,-335591.0,0.0,5.0,8.0,1.0,NATI
694,,2013-01-24 17:58:59,2013-01-22,NATI,Kodosky Jeffrey L,Dir,S - Sale,27.39,-12000,2506361,0%,-328739.0,2.0,1.0,9.0,10.0,NATI
695,,2013-01-16 16:08:25,2013-01-14,NATI,Kodosky Jeffrey L,Dir,S - Sale,26.9,-12000,2518361,0%,-322770.0,1.0,1.0,11.0,11.0,NATI
696,,2013-01-09 19:58:59,2013-01-07,NATI,Kodosky Jeffrey L,Dir,S - Sale,26.63,-12000,2530361,0%,-319548.0,-1.0,0.0,9.0,8.0,NATI
697,,2013-01-03 18:04:30,2012-12-31,NATI,Kodosky Jeffrey L,Dir,S - Sale,25.35,-12000,2542361,0%,-304171.0,0.0,3.0,14.0,7.0,NATI
698,,2012-12-28 18:16:33,2012-12-26,NATI,Kodosky Jeffrey L,Dir,S - Sale,25.49,-12000,2526515,0%,-305881.0,2.0,4.0,11.0,11.0,NATI
699,,2012-12-19 18:57:57,2012-12-17,NATI,Kodosky Jeffrey L,Dir,S - Sale,25.06,-12000,2538515,0%,-300769.0,0.0,-1.0,7.0,5.0,NATI
700,,2012-12-13 13:45:49,2012-12-11,NATI,Kodosky Jeffrey L,Dir,S - Sale,25.0,-12000,2550515,0%,-300031.0,-1.0,3.0,8.0,10.0,NATI
701,D,2012-11-28 14:08:49,2012-11-26,NATI,Zogas Peter,SVP,M - OptEx,13.41,8736,79637,+12%,117179.0,0.0,0.0,5.0,19.0,NATI
702,D,2012-11-28 14:08:49,2012-11-26,NATI,Zogas Peter,SVP,S - Sale+OE,24.53,-8736,79637,-10%,-214299.0,0.0,0.0,5.0,19.0,NATI
703,M,2012-11-20 13:42:42,2012-08-01,NATI,Davern Alexander M,"COO, CFO, EVP",M - OptEx,21.8,12,52874,0%,262.0,-1.0,0.0,5.0,18.0,NATI
704,,2012-11-20 13:42:42,2012-11-19,NATI,Davern Alexander M,"COO, CFO, EVP",S - Sale,24.4,-5000,52874,-9%,-122000.0,-1.0,0.0,5.0,18.0,NATI
705,,2012-11-14 19:06:46,2012-11-12,NATI,Kodosky Jeffrey L,Dir,S - Sale,23.52,-8000,1303653,-1%,-188197.0,0.0,3.0,5.0,22.0,NATI
706,D,2012-11-09 17:53:44,2012-11-02,NATI,Zogas Peter,SVP,M - OptEx,13.41,9264,79637,+13%,124261.0,1.0,1.0,5.0,23.0,NATI
707,D,2012-11-09 17:53:44,2012-11-02,NATI,Zogas Peter,SVP,S - Sale+OE,24.69,-9264,79637,-10%,-228728.0,1.0,1.0,5.0,23.0,NATI
708,,2012-11-07 18:00:17,2012-11-05,NATI,Kodosky Jeffrey L,Dir,S - Sale,24.51,-8000,1311653,-1%,-196105.0,-2.0,1.0,3.0,19.0,NATI
709,,2012-11-02 12:03:52,2012-10-31,NATI,Roesslein Charles J,Dir,P - Purchase,23.57,2000,63497,+3%,47140.0,-1.0,-5.0,-1.0,13.0,NATI
710,,2012-11-01 20:09:35,2012-10-31,NATI,Kodosky Jeffrey L,Dir,S - Sale,23.57,-8000,1319653,-1%,-188524.0,-1.0,-3.0,-1.0,13.0,NATI
711,M,2012-10-22 16:56:55,2012-10-15,NATI,Kodosky Jeffrey L,Dir,S - Sale,23.62,-16000,1327653,-1%,-377945.0,0.0,1.0,4.0,30.0,NATI
712,,2012-10-10 17:07:35,2012-10-08,NATI,Kodosky Jeffrey L,Dir,S - Sale,24.4,-8000,1343653,-1%,-195226.0,1.0,5.0,0.0,28.0,NATI
713,,2012-10-03 12:12:28,2012-10-01,NATI,Kodosky Jeffrey L,Dir,S - Sale,24.95,-8000,1351653,-1%,-199590.0,-1.0,-3.0,-2.0,24.0,NATI
714,,2012-09-26 17:37:19,2012-09-24,NATI,Kodosky Jeffrey L,Dir,S - Sale,25.92,-8000,1359653,-1%,-207346.0,0.0,-3.0,-8.0,26.0,NATI
715,,2012-09-19 17:07:52,2012-09-17,NATI,Kodosky Jeffrey L,Dir,S - Sale,27.16,-8000,1367653,-1%,-217280.0,-3.0,-5.0,-10.0,19.0,NATI
716,,2012-09-12 17:44:32,2012-09-10,NATI,Kodosky Jeffrey L,Dir,S - Sale,25.08,-8000,1375653,-1%,-200648.0,1.0,0.0,-13.0,19.0,NATI
717,,2012-09-06 18:38:28,2012-09-04,NATI,Kodosky Jeffrey L,Dir,S - Sale,25.66,-8000,1383653,-1%,-205250.0,1.0,5.0,-4.0,23.0,NATI
718,,2012-08-29 17:54:06,2012-08-27,NATI,Kodosky Jeffrey L,Dir,S - Sale,26.37,-8000,1391653,-1%,-210965.0,-1.0,-5.0,-3.0,17.0,NATI
719,,2012-08-22 18:27:40,2012-08-20,NATI,Kodosky Jeffrey L,Dir,S - Sale,26.5,-8000,1399653,-1%,-212013.0,-1.0,-2.0,-1.0,11.0,NATI
720,,2012-08-15 12:59:14,2012-08-13,NATI,Kodosky Jeffrey L,Dir,S - Sale,26.02,-8000,1407653,-1%,-208145.0,1.0,2.0,4.0,17.0,NATI
721,,2012-08-08 17:53:49,2012-08-06,NATI,Kodosky Jeffrey L,Dir,S - Sale,26.13,-8000,1415653,-1%,-209034.0,0.0,-1.0,-2.0,15.0,NATI
722,,2012-08-01 19:30:05,2012-07-30,NATI,Kodosky Jeffrey L,Dir,S - Sale,25.92,-8000,1423653,-1%,-207347.0,-2.0,3.0,2.0,18.0,NATI
723,,2012-07-25 20:19:41,2012-07-23,NATI,Kodosky Jeffrey L,Dir,S - Sale,27.08,-8000,1431653,-1%,-216604.0,2.0,-3.0,1.0,7.0,NATI
724,,2012-07-18 15:52:06,2012-07-16,NATI,Kodosky Jeffrey L,Dir,S - Sale,26.68,-8000,1439653,-1%,-213426.0,3.0,-1.0,-2.0,3.0,NATI
725,,2012-07-11 16:35:11,2012-07-09,NATI,Kodosky Jeffrey L,Dir,S - Sale,26.17,-8000,1447653,-1%,-209383.0,-1.0,1.0,-1.0,2.0,NATI
726,,2012-07-02 19:31:39,2012-07-02,NATI,Kodosky Jeffrey L,Dir,S - Sale,26.62,-8000,1455653,-1%,-212982.0,1.0,-3.0,-4.0,-1.0,NATI
727,M,2012-06-27 15:56:29,2012-06-25,NATI,Kodosky Jeffrey L,Dir,S - Sale,25.86,-8000,1463653,-1%,-206872.0,1.0,4.0,4.0,-1.0,NATI
728,,2012-06-20 17:26:40,2012-06-18,NATI,Kodosky Jeffrey L,Dir,S - Sale,26.34,-8000,1471653,-1%,-210755.0,-3.0,-4.0,3.0,-4.0,NATI
729,M,2012-06-13 19:41:16,2012-06-11,NATI,Kodosky Jeffrey L,Dir,S - Sale,25.74,-8000,1479653,-1%,-205894.0,1.0,5.0,3.0,-1.0,NATI
730,,2012-06-06 15:11:58,2012-06-04,NATI,Kodosky Jeffrey L,Dir,S - Sale,24.94,-8000,1487653,-1%,-199494.0,2.0,3.0,8.0,-3.0,NATI
731,M,2012-05-31 18:45:03,2012-05-14,NATI,Kodosky Jeffrey L,Dir,S - Sale,26.44,-16000,1495653,-1%,-423080.0,-4.0,-1.0,-1.0,-5.0,NATI
732,,2012-05-23 13:43:57,2012-05-21,NATI,Zogas Peter,SVP,S - Sale,26.25,-6366,79637,-7%,-167108.0,1.0,0.0,1.0,-5.0,NATI
733,,2012-05-23 13:12:48,2012-05-21,NATI,Kodosky Jeffrey L,Dir,S - Sale,26.02,-8000,1511653,-1%,-208189.0,1.0,0.0,1.0,-5.0,NATI
734,,2012-05-14 14:18:00,2012-05-11,NATI,Davern Alexander M,"COO, CFO, EVP",S - Sale,26.81,-1019,57862,-2%,-27319.0,-1.0,-3.0,-3.0,-11.0,NATI
735,,2012-05-09 15:45:08,2012-05-07,NATI,Kodosky Jeffrey L,Dir,S - Sale,26.65,-8000,1519653,-1%,-213180.0,1.0,-1.0,-4.0,-10.0,NATI
736,D,2012-05-03 17:02:10,2011-05-01,NATI,Hester Phillip D,SVP,F - Tax,27.42,-2394,0,-100%,-65640.0,-1.0,0.0,-7.0,-8.0,NATI
737,D,2012-05-03 17:02:10,2012-05-01,NATI,Hester Phillip D,SVP,M - OptEx,0.0,8931,0,-100%,0.0,-1.0,0.0,-7.0,-8.0,NATI
738,D,2012-05-03 17:02:10,2011-05-02,NATI,Hester Phillip D,SVP,S - Sale+OE,27.37,-6563,0,-100%,-179644.0,-1.0,0.0,-7.0,-8.0,NATI
739,D,2012-05-03 15:52:08,2012-05-01,NATI,Zogas Peter,SVP,F - Tax,27.42,-3732,86003,-4%,-102326.0,-1.0,-2.0,-8.0,-9.0,NATI
740,D,2012-05-03 15:52:08,2012-05-01,NATI,Zogas Peter,SVP,M - OptEx,0.7,14351,86003,+20%,10064.0,-1.0,-2.0,-8.0,-9.0,NATI
741,D,2012-05-03 15:24:33,2012-05-01,NATI,Davern Alexander M,"COO, CFO, EVP",F - Tax,27.42,-5066,58881,-8%,-138902.0,-1.0,-2.0,-8.0,-9.0,NATI
742,D,2012-05-03 15:24:33,2012-05-01,NATI,Davern Alexander M,"COO, CFO, EVP",M - OptEx,0.54,19351,58881,+49%,10499.0,-1.0,-2.0,-8.0,-9.0,NATI
743,D,2012-05-02 19:15:36,2012-05-01,NATI,Carlton Donald M,Dir,M - OptEx,0.0,5305,35030,+18%,0.0,-1.0,-2.0,-5.0,-13.0,NATI
744,D,2012-05-02 18:59:06,2012-05-01,NATI,Berra John M,Dir,M - OptEx,0.0,5164,8884,+139%,0.0,-1.0,-2.0,-5.0,-13.0,NATI
745,D,2012-05-02 18:50:52,2012-05-01,NATI,Le Duy Loan T,Dir,M - OptEx,0.0,5305,47332,+13%,0.0,-1.0,-2.0,-5.0,-13.0,NATI
746,,2012-05-02 18:29:12,2012-04-30,NATI,Kodosky Jeffrey L,Dir,S - Sale,27.28,-8000,1527653,-1%,-218218.0,-1.0,-2.0,-5.0,-13.0,NATI
747,D,2012-05-02 13:50:30,2012-05-01,NATI,Medica John K,Dir,M - OptEx,0.0,5305,26170,+25%,0.0,0.0,-2.0,-4.0,-13.0,NATI
748,D,2012-05-02 13:33:03,2012-05-01,NATI,Roesslein Charles J,Dir,M - OptEx,0.0,5305,61497,+9%,0.0,0.0,-2.0,-4.0,-13.0,NATI
749,,2012-04-25 17:01:41,2012-04-23,NATI,Kodosky Jeffrey L,Dir,S - Sale,25.78,-8000,1535653,-1%,-206223.0,2.0,5.0,1.0,-9.0,NATI
750,,2012-04-18 20:24:59,2012-04-16,NATI,Kodosky Jeffrey L,Dir,S - Sale,26.38,-8000,1543653,-1%,-211040.0,-2.0,-5.0,-1.0,-10.0,NATI
751,,2012-04-11 17:55:12,2012-04-09,NATI,Kodosky Jeffrey L,Dir,S - Sale,26.82,-8000,1551653,-1%,-214521.0,1.0,1.0,2.0,-7.0,NATI
752,,2012-04-04 19:12:52,2012-04-02,NATI,Kodosky Jeffrey L,Dir,S - Sale,28.47,-8000,1559653,-1%,-227723.0,-2.0,-4.0,-2.0,-9.0,NATI
753,,2012-03-28 12:54:54,2012-03-26,NATI,Kodosky Jeffrey L,Dir,S - Sale,27.93,-8000,1567653,-1%,-223453.0,-1.0,0.0,-5.0,-8.0,NATI
754,,2012-03-21 17:54:34,2012-03-19,NATI,Kodosky Jeffrey L,Dir,S - Sale,27.76,-8000,1575653,-1%,-222040.0,-1.0,3.0,-5.0,-1.0,NATI
755,D,2012-03-14 20:02:19,2012-03-14,NATI,Roesslein Charles J,Dir,F - Tax,27.58,-13514,56192,-19%,-372716.0,1.0,1.0,-1.0,-3.0,NATI
756,D,2012-03-14 20:02:19,2012-03-14,NATI,Roesslein Charles J,Dir,M - OptEx,16.56,22500,56192,+67%,372700.0,1.0,1.0,-1.0,-3.0,NATI
757,A,2012-03-12 18:09:01,2012-02-01,NATI,Davern Alexander M,"COO, CFO, EVP",M - OptEx,22.7,462,44596,+1%,10489.0,2.0,2.0,-2.0,-3.0,NATI
758,,2012-03-12 17:44:20,2012-03-12,NATI,Kodosky Jeffrey L,Dir,S - Sale,26.99,-8000,1583653,-1%,-215954.0,2.0,2.0,-2.0,-3.0,NATI
759,,2012-03-12 17:30:55,2012-03-01,NATI,Zogas Peter,SVP,G - Gift,0.0,-745,75384,-1%,-0.0,2.0,2.0,-2.0,-3.0,NATI
760,,2012-03-12 17:30:55,2012-02-01,NATI,Zogas Peter,SVP,M - OptEx,22.7,493,75384,+1%,11193.0,2.0,2.0,-2.0,-3.0,NATI
761,,2012-03-12 17:00:29,2012-02-01,NATI,Davern Alexander M,"COO, CFO, EVP",M - OptEx,22.7,462,44498,+1%,10489.0,2.0,2.0,-2.0,-3.0,NATI
762,,2012-03-06 19:50:41,2012-03-05,NATI,Kodosky Jeffrey L,Dir,S - Sale,25.9,-8000,1591653,-1%,-207176.0,0.0,5.0,10.0,1.0,NATI
763,,2012-02-29 14:53:17,2012-02-28,NATI,Zogas Peter,SVP,S - Sale,27.04,-4500,78990,-5%,-121673.0,-1.0,-5.0,4.0,-1.0,NATI
764,,2012-02-29 14:37:13,2012-02-27,NATI,Kodosky Jeffrey L,Dir,S - Sale,27.11,-8000,1599653,0%,-216876.0,-1.0,-5.0,4.0,-1.0,NATI
765,M,2012-02-21 19:25:14,2012-02-13,NATI,Kodosky Jeffrey L,Dir,S - Sale,26.86,-16000,1607653,-1%,-429699.0,0.0,1.0,2.0,-1.0,NATI
766,,2012-02-07 20:00:39,2012-02-06,NATI,Kodosky Jeffrey L,Dir,S - Sale,27.17,-8000,1623653,0%,-217354.0,0.0,-1.0,-5.0,-3.0,NATI
767,,2012-02-01 19:41:29,2012-02-01,NATI,Kodosky Jeffrey L,Dir,S - Sale,27.01,-8000,1631653,0%,-216076.0,0.0,2.0,0.0,-2.0,NATI
768,,2012-01-25 16:30:22,2012-01-23,NATI,Kodosky Jeffrey L,Dir,S - Sale,27.1,-8000,1639653,0%,-216810.0,-2.0,-1.0,1.0,-1.0,NATI
769,,2012-01-19 19:32:21,2012-01-17,NATI,Kodosky Jeffrey L,Dir,S - Sale,26.16,-8000,1647653,0%,-209292.0,1.0,1.0,2.0,3.0,NATI
770,,2012-01-11 19:30:43,2012-01-09,NATI,Kodosky Jeffrey L,Dir,S - Sale,25.08,-8000,1655653,0%,-200600.0,1.0,4.0,7.0,5.0,NATI
771,,2012-01-04 20:59:59,2012-01-03,NATI,Kodosky Jeffrey L,Dir,S - Sale,26.48,-8000,1663653,0%,-211826.0,0.0,4.0,8.0,11.0,NATI
772,,2011-12-30 17:46:09,2011-06-22,NATI,Carlton Donald M,Dir,G - Gift,0.0,-1000,29725,-3%,-0.0,2.0,-5.0,4.0,5.0,NATI
773,,2011-12-29 20:47:50,2011-12-27,NATI,Kodosky Jeffrey L,Dir,S - Sale,25.57,-8000,1671653,0%,-204540.0,-1.0,-6.0,4.0,0.0,NATI
774,A,2011-12-29 19:43:42,2010-11-29,NATI,Kodosky Jeffrey L,Dir,S - Sale,34.08,-8000,2186689,0%,-272666.0,-1.0,-6.0,4.0,0.0,NATI
775,A,2011-12-29 19:28:08,2010-11-22,NATI,Kodosky Jeffrey L,Dir,S - Sale,34.26,-8000,2198689,0%,-274082.0,-1.0,-6.0,4.0,0.0,NATI
776,A,2011-12-29 19:07:56,2010-06-28,NATI,Kodosky Jeffrey L,Dir,S - Sale,32.83,-14876,2506689,-1%,-488403.0,-1.0,-6.0,4.0,0.0,NATI
777,,2011-12-28 17:04:09,2011-08-01,NATI,Davern Alexander M,"COO, CFO, EVP",M - OptEx,21.96,98,44134,0%,2152.0,2.0,-5.0,6.0,4.0,NATI
778,,2011-12-21 14:02:24,2011-12-19,NATI,Kodosky Jeffrey L,Dir,S - Sale,24.9,-8000,1676811,0%,-199220.0,-1.0,1.0,7.0,4.0,NATI
779,,2011-12-14 17:50:24,2011-12-12,NATI,Kodosky Jeffrey L,Dir,S - Sale,25.73,-8000,1684811,0%,-205847.0,-1.0,3.0,3.0,5.0,NATI
780,,2011-12-07 15:43:54,2011-12-05,NATI,Kodosky Jeffrey L,Dir,S - Sale,26.84,-8000,1692811,0%,-214700.0,0.0,-6.0,-7.0,-3.0,NATI
781,,2011-11-30 11:31:37,2011-11-28,NATI,Kodosky Jeffrey L,Dir,S - Sale,24.87,-8000,1700811,0%,-198956.0,6.0,8.0,5.0,6.0,NATI
782,,2011-11-23 16:16:35,2011-11-21,NATI,Kodosky Jeffrey L,Dir,S - Sale,25.72,-8000,1708811,0%,-205725.0,-1.0,8.0,5.0,8.0,NATI
783,,2011-11-09 17:02:55,2011-08-01,NATI,Porterfield Robert,VP,M - OptEx,21.96,633,153839,0%,13903.0,0.0,3.0,-1.0,3.0,NATI
784,,2011-11-08 16:34:03,2010-08-01,NATI,Graff John,VP,M - OptEx,21.96,287,78783,0%,6304.0,-6.0,-4.0,-4.0,-2.0,NATI
785,M,2011-11-08 16:18:29,2011-05-02,NATI,Almgren Ray,VP,M - OptEx,22.93,579,36580,+2%,13274.0,-6.0,-4.0,-4.0,-2.0,NATI
786,,2011-11-08 15:52:43,2011-11-08,NATI,Hester Phillip D,SVP,S - Sale,27.39,-3500,26,-99%,-95865.0,1.0,-3.0,-2.0,0.0,NATI
787,,2011-11-08 15:18:57,2011-08-01,NATI,Razdan Ash,Dir Corp Dev & Ofc of Pres,M - OptEx,21.96,287,56455,+1%,6304.0,1.0,-3.0,-2.0,0.0,NATI
788,D,2011-11-08 11:52:32,2011-11-04,NATI,Davern Alexander M,"COO, CFO, EVP",F - Tax,27.23,-1530,44036,-3%,-41662.0,1.0,-3.0,-2.0,0.0,NATI
789,D,2011-11-08 11:52:32,2011-11-04,NATI,Davern Alexander M,"COO, CFO, EVP",M - OptEx,13.41,12860,44036,+41%,172495.0,1.0,-3.0,-2.0,0.0,NATI
790,,2011-08-30 18:13:07,2011-08-26,NATI,Finger Mark,VP,S - Sale,23.25,-2144,42715,-5%,-49836.0,1.0,-6.0,-9.0,6.0,NATI
791,M,2011-08-30 16:06:36,2011-08-26,NATI,Zogas Peter,SVP,S - Sale,24.02,-9000,83490,-10%,-216195.0,1.0,-6.0,-9.0,6.0,NATI
792,,2011-08-30 15:16:16,2011-08-26,NATI,Hester Phillip D,SVP,S - Sale,23.44,-2000,3526,-36%,-46884.0,-4.0,-9.0,-13.0,3.0,NATI
793,,2011-07-15 15:02:33,2011-07-13,NATI,Truchard James J,"Pres, 10%",S - Sale,30.06,-5250,21540694,0%,-157796.0,0.0,-1.0,-18.0,-11.0,NATI
794,,2011-07-13 15:17:36,2011-07-11,NATI,Kodosky Jeffrey L,Dir,S - Sale,30.13,-4000,2975673,0%,-120514.0,0.0,-2.0,-25.0,-13.0,NATI
795,,2011-07-07 14:58:42,2011-07-05,NATI,Kodosky Jeffrey L,Dir,S - Sale,30.39,-4000,2979673,0%,-121562.0,0.0,-4.0,-19.0,-20.0,NATI
796,,2011-07-07 14:24:42,2011-07-05,NATI,Truchard James J,"Pres, 10%",S - Sale,30.4,-5250,21545944,0%,-159603.0,0.0,-4.0,-19.0,-20.0,NATI
797,M,2011-07-05 14:02:16,2011-06-30,NATI,Truchard James J,"Pres, 10%",S - Sale,30.88,-47250,21551194,0%,-1459148.0,0.0,-2.0,-20.0,-14.0,NATI
798,,2011-07-05 13:22:00,2011-06-30,NATI,Kodosky Jeffrey L,Dir,S - Sale,29.95,-4000,2983673,0%,-119800.0,0.0,-2.0,-20.0,-14.0,NATI
799,,2011-05-13 20:45:10,2011-05-12,NATI,Kodosky Jeffrey L,Dir,S - Sale,29.97,-4000,2987673,0%,-119896.0,-2.0,-1.0,-7.0,-12.0,NATI
800,,2011-05-04 19:19:06,2011-05-02,NATI,Kodosky Jeffrey L,Dir,S - Sale,30.16,-4000,2991673,0%,-120632.0,1.0,1.0,-3.0,-8.0,NATI
801,D,2011-05-04 14:50:41,2011-05-02,NATI,Zogas Peter,SVP,F - Tax,30.32,-3811,92490,-4%,-115550.0,-3.0,-3.0,-6.0,-11.0,NATI
802,D,2011-05-04 14:50:41,2011-05-02,NATI,Zogas Peter,SVP,M - OptEx,0.59,14760,92490,+19%,8655.0,-3.0,-3.0,-6.0,-11.0,NATI
803,D,2011-05-04 13:31:28,2011-05-02,NATI,Razdan Ash,Dir Corp Dev & Ofc of Pres,F - Tax,30.32,-1144,56168,-2%,-34686.0,-3.0,-3.0,-6.0,-11.0,NATI
804,D,2011-05-04 13:31:28,2011-05-02,NATI,Razdan Ash,Dir Corp Dev & Ofc of Pres,M - OptEx,1.43,4392,56168,+8%,6282.0,-3.0,-3.0,-6.0,-11.0,NATI
805,DM,2011-05-04 12:48:04,2011-05-01,NATI,Porterfield Robert,VP,M - OptEx,0.56,12815,147302,+10%,7121.0,-3.0,-3.0,-6.0,-11.0,NATI
806,DM,2011-05-03 20:11:47,2011-05-01,NATI,Hugley David,"VP, GC",M - OptEx,1.13,7620,40404,+23%,8607.0,-3.0,-3.0,-5.0,-7.0,NATI
807,D,2011-05-03 19:52:02,2011-05-02,NATI,Hester Phillip D,SVP,F - Tax,30.32,-1988,5526,-26%,-60276.0,-3.0,-3.0,-5.0,-7.0,NATI
808,D,2011-05-03 19:52:02,2011-05-02,NATI,Hester Phillip D,SVP,M - OptEx,0.0,7514,5526,-378%,0.0,-3.0,-3.0,-5.0,-7.0,NATI
809,D,2011-05-03 19:40:28,2010-05-02,NATI,Graff John,VP,F - Tax,30.32,-1990,78496,-2%,-60337.0,-3.0,-3.0,-5.0,-7.0,NATI
810,D,2011-05-03 19:40:28,2010-05-02,NATI,Graff John,VP,M - OptEx,0.82,7778,78496,+11%,6402.0,-3.0,-3.0,-5.0,-7.0,NATI
811,D,2011-05-03 19:22:32,2011-05-02,NATI,Finger Mark,VP,F - Tax,30.32,-1924,44858,-4%,-58336.0,-3.0,-3.0,-5.0,-7.0,NATI
812,DM,2011-05-03 19:22:32,2011-02-01,NATI,Finger Mark,VP,M - OptEx,1.55,7714,44858,+21%,11993.0,-3.0,-3.0,-5.0,-7.0,NATI
813,D,2011-05-03 19:00:12,2011-05-02,NATI,Davern Alexander M,"COO, CFO, EVP",F - Tax,30.32,-4971,32706,-13%,-150721.0,-3.0,-3.0,-5.0,-7.0,NATI
814,D,2011-05-03 19:00:12,2011-05-02,NATI,Davern Alexander M,"COO, CFO, EVP",M - OptEx,0.49,19173,32706,+142%,9374.0,-3.0,-3.0,-5.0,-7.0,NATI
815,D,2011-05-03 18:41:16,2011-05-02,NATI,Almgren Ray,VP,F - Tax,30.32,-1924,36001,-5%,-58336.0,-3.0,-3.0,-5.0,-7.0,NATI
816,D,2011-05-03 18:41:16,2011-05-02,NATI,Almgren Ray,VP,M - OptEx,0.0,7261,36001,+25%,0.0,-3.0,-3.0,-5.0,-7.0,NATI
817,D,2011-05-03 17:17:34,2011-05-01,NATI,Roesslein Charles J,Dir,M - OptEx,0.0,6361,47206,+16%,0.0,-3.0,-3.0,-5.0,-7.0,NATI
818,D,2011-05-03 17:11:01,2011-05-01,NATI,Medica John K,Dir,M - OptEx,0.0,8862,20865,+74%,0.0,-3.0,-3.0,-5.0,-7.0,NATI
819,D,2011-05-03 17:03:47,2011-05-01,NATI,Le Duy Loan T,Dir,M - OptEx,0.0,6361,47027,+16%,0.0,-3.0,-3.0,-5.0,-7.0,NATI
820,D,2011-05-03 14:15:00,2011-05-01,NATI,Berra John M,Dir,M - OptEx,0.0,3720,3720,New,0.0,0.0,-3.0,-5.0,-7.0,NATI
821,D,2011-05-03 14:02:20,2011-05-01,NATI,Carlton Donald M,Dir,M - OptEx,0.0,6361,30725,+26%,0.0,0.0,-3.0,-5.0,-7.0,NATI
822,,2011-04-27 18:35:11,2011-04-26,NATI,Kodosky Jeffrey L,Dir,S - Sale,32.02,-4000,2995673,0%,-128088.0,0.0,-7.0,-12.0,-18.0,NATI
823,,2011-04-27 18:16:29,2011-04-25,NATI,Truchard James J,"Pres, 10%",S - Sale,31.57,-5250,21598444,0%,-165730.0,0.0,-7.0,-12.0,-18.0,NATI
824,D,2011-04-22 16:45:19,2011-02-01,NATI,Zogas Peter,SVP,M - OptEx,29.55,427,81541,+1%,12620.0,3.0,-4.0,-9.0,-21.0,NATI
825,,2011-04-22 12:16:49,2011-04-20,NATI,Truchard James J,"Pres, 10%",S - Sale,31.75,-5250,21603694,0%,-166713.0,-1.0,-5.0,-9.0,-22.0,NATI
826,,2011-04-20 11:58:34,2011-04-18,NATI,Kodosky Jeffrey L,Dir,S - Sale,30.57,-4000,2999673,0%,-122270.0,3.0,5.0,-4.0,-17.0,NATI
827,M,2011-04-13 16:06:32,2011-04-11,NATI,Kodosky Jeffrey L,Dir,S - Sale,31.59,-4000,3003673,0%,-126343.0,-1.0,-2.0,-5.0,-22.0,NATI
828,,2011-04-13 15:17:44,2011-04-11,NATI,Truchard James J,"Pres, 10%",S - Sale,31.65,-5250,21608944,0%,-166170.0,1.0,-1.0,-4.0,-21.0,NATI
829,,2011-04-06 10:29:53,2011-04-04,NATI,Truchard James J,"Pres, 10%",S - Sale,32.52,-5250,21614194,0%,-170706.0,0.0,-4.0,-10.0,-29.0,NATI
830,,2011-04-06 10:13:50,2011-04-04,NATI,Kodosky Jeffrey L,Dir,S - Sale,32.54,-4000,3007673,0%,-130153.0,0.0,-4.0,-10.0,-29.0,NATI
831,,2011-03-30 17:19:50,2011-03-28,NATI,Kodosky Jeffrey L,Dir,S - Sale,32.54,-4000,3011673,0%,-130162.0,0.0,0.0,-1.0,-26.0,NATI
832,,2011-03-30 16:04:40,2011-03-28,NATI,Truchard James J,"Pres, 10%",S - Sale,32.41,-5250,21619444,0%,-170152.0,0.0,0.0,-1.0,-26.0,NATI
833,,2011-03-23 18:10:18,2011-01-05,NATI,Kodosky Jeffrey L,Dir,G - Gift,0.0,-50000,3015673,-2%,-0.0,1.0,3.0,0.0,-21.0,NATI
834,,2011-03-23 18:10:18,2011-03-21,NATI,Kodosky Jeffrey L,Dir,S - Sale,30.95,-4000,3015673,0%,-123782.0,1.0,3.0,0.0,-21.0,NATI
835,,2011-03-23 17:09:33,2011-03-21,NATI,Truchard James J,"Pres, 10%",S - Sale,31.12,-5250,21624694,0%,-163396.0,1.0,3.0,0.0,-21.0,NATI
836,,2011-03-16 18:59:59,2011-03-14,NATI,Kodosky Jeffrey L,Dir,S - Sale,30.26,-4000,3069673,0%,-121033.0,-1.0,6.0,5.0,-17.0,NATI
837,,2011-03-16 18:25:06,2011-03-14,NATI,Truchard James J,"Pres, 10%",S - Sale,30.11,-5250,21629944,0%,-158098.0,-1.0,6.0,5.0,-17.0,NATI
838,,2011-03-09 18:36:42,2011-03-07,NATI,Truchard James J,"Pres, 10%",S - Sale,31.68,-5250,21635194,0%,-166312.0,-2.0,-3.0,5.0,-23.0,NATI
839,,2011-03-09 16:54:55,2011-03-07,NATI,Kodosky Jeffrey L,Dir,S - Sale,31.54,-4000,3073673,0%,-126180.0,-2.0,-3.0,5.0,-23.0,NATI
840,,2011-03-02 16:38:11,2011-02-01,NATI,Porterfield Robert,VP,M - OptEx,29.55,234,111698,0%,6916.0,1.0,2.0,5.0,-16.0,NATI
841,,2011-03-02 16:38:11,2011-02-28,NATI,Porterfield Robert,VP,S - Sale,31.18,-8514,111698,-7%,-265493.0,1.0,2.0,5.0,-16.0,NATI
842,,2011-03-02 15:23:41,2011-02-28,NATI,Kodosky Jeffrey L,Dir,S - Sale,30.88,-4000,3077673,0%,-123529.0,2.0,4.0,7.0,-14.0,NATI
843,,2011-03-01 20:34:24,2011-02-28,NATI,Le Duy Loan T,Dir,S - Sale,31.28,-5000,40666,-11%,-156395.0,2.0,3.0,7.0,-20.0,NATI
844,,2011-02-24 17:48:25,2011-02-22,NATI,Kodosky Jeffrey L,Dir,S - Sale,46.39,-12000,2054449,-1%,-556674.0,2.0,2.0,5.0,-23.0,NATI
845,DM,2011-02-18 14:36:58,2011-02-01,NATI,Hugley David,"VP, GC",M - OptEx,20.59,5808,21856,+36%,119602.0,0.0,-2.0,-1.0,-28.0,NATI
846,D,2011-02-18 14:36:58,2011-02-16,NATI,Hugley David,"VP, GC",S - Sale+OE,48.12,-5517,21856,-20%,-265478.0,0.0,-2.0,-1.0,-28.0,NATI
847,,2011-02-17 20:51:08,2011-02-01,NATI,Graff John,VP,M - OptEx,29.55,256,48472,+1%,7566.0,0.0,-4.0,-6.0,-23.0,NATI
848,,2011-02-17 20:51:08,2011-02-15,NATI,Graff John,VP,S - Sale,47.99,-2942,48472,-6%,-141187.0,0.0,-4.0,-6.0,-23.0,NATI
849,,2011-02-15 21:15:23,2011-02-01,NATI,Razdan Ash,Dir Corp Dev & Ofc of Pres,M - OptEx,29.55,213,35280,+1%,6295.0,-1.0,-4.0,-7.0,-21.0,NATI
850,,2011-02-15 21:15:23,2011-02-14,NATI,Razdan Ash,Dir Corp Dev & Ofc of Pres,S - Sale,47.45,-3974,35280,-10%,-188566.0,-1.0,-4.0,-7.0,-21.0,NATI
851,DM,2011-02-15 20:51:35,2011-02-01,NATI,Davern Alexander M,"COO, CFO, EVP",M - OptEx,20.92,3744,12336,+44%,78320.0,-1.0,-4.0,-7.0,-21.0,NATI
852,D,2011-02-15 20:51:35,2011-02-14,NATI,Davern Alexander M,"COO, CFO, EVP",S - Sale+OE,47.45,-3427,12336,-22%,-162611.0,-1.0,-4.0,-7.0,-21.0,NATI
853,,2011-02-15 20:28:01,2011-02-14,NATI,Kodosky Jeffrey L,Dir,S - Sale,47.41,-12000,2066449,-1%,-568931.0,-1.0,-4.0,-7.0,-21.0,NATI
854,DM,2011-02-09 17:48:37,2011-02-01,NATI,Almgren Ray,VP,M - OptEx,21.29,7571,20443,+59%,161214.0,0.0,4.0,-1.0,-23.0,NATI
855,D,2011-02-09 17:48:37,2011-02-07,NATI,Almgren Ray,VP,S - Sale+OE,47.08,-21749,20443,-52%,-1023934.0,0.0,4.0,-1.0,-23.0,NATI
856,,2011-02-08 19:34:34,2011-02-07,NATI,Kodosky Jeffrey L,Dir,S - Sale,47.05,-12000,2078449,-1%,-564577.0,-2.0,2.0,-1.0,-29.0,NATI
857,,2011-02-02 20:15:17,2011-02-02,NATI,Razdan Ash,Dir Corp Dev & Ofc of Pres,S - Sale,45.45,-3857,39041,-9%,-175301.0,0.0,3.0,4.0,-20.0,NATI
858,A,2011-02-02 20:12:48,2011-01-11,NATI,Razdan Ash,Dir Corp Dev & Ofc of Pres,S - Sale,39.45,-2000,50277,-4%,-78900.0,0.0,3.0,4.0,-20.0,NATI
859,M,2011-02-02 18:46:06,2011-01-31,NATI,Kodosky Jeffrey L,Dir,S - Sale,42.8,-12000,2090449,-1%,-513623.0,0.0,3.0,4.0,-20.0,NATI
860,D,2011-01-31 12:35:48,2011-01-27,NATI,Carlton Donald M,Dir,M - OptEx,25.53,7500,16243,+86%,191450.0,0.0,9.0,9.0,-8.0,NATI
861,D,2011-01-31 12:35:48,2011-01-27,NATI,Carlton Donald M,Dir,S - Sale+OE,44.0,-7500,16243,-32%,-330000.0,0.0,9.0,9.0,-8.0,NATI
862,D,2011-01-31 12:31:44,2011-01-27,NATI,Zogas Peter,SVP,M - OptEx,21.04,15000,53934,+39%,315626.0,0.0,9.0,9.0,-8.0,NATI
863,D,2011-01-31 12:31:44,2011-01-27,NATI,Zogas Peter,SVP,S - Sale+OE,43.75,-15000,53934,-22%,-656307.0,0.0,9.0,9.0,-8.0,NATI
864,D,2011-01-31 12:25:50,2011-01-27,NATI,Le Duy Loan T,Dir,F - Tax,44.75,-4051,30444,-12%,-181282.0,0.0,9.0,9.0,-8.0,NATI
865,D,2011-01-31 12:25:50,2011-01-27,NATI,Le Duy Loan T,Dir,M - OptEx,24.17,7500,30444,+33%,181250.0,0.0,9.0,9.0,-8.0,NATI
866,D,2011-01-31 11:35:27,2011-01-27,NATI,Roesslein Charles J,Dir,F - Tax,44.75,-4024,27230,-13%,-180074.0,0.0,9.0,9.0,-8.0,NATI
867,D,2011-01-31 11:35:27,2011-01-27,NATI,Roesslein Charles J,Dir,M - OptEx,24.01,7500,27230,+38%,180050.0,0.0,9.0,9.0,-8.0,NATI
868,D,2011-01-28 21:40:22,2011-01-27,NATI,Hugley David,"VP, GC",M - OptEx,21.04,15000,21565,+228%,315626.0,0.0,7.0,10.0,-6.0,NATI
869,D,2011-01-28 21:40:22,2011-01-27,NATI,Hugley David,"VP, GC",S - Sale+OE,44.04,-15000,21565,-41%,-660596.0,0.0,7.0,10.0,-6.0,NATI
870,D,2011-01-28 20:26:21,2011-01-27,NATI,Davern Alexander M,"COO, CFO, EVP",M - OptEx,21.04,9691,12019,+416%,203915.0,0.0,7.0,10.0,-6.0,NATI
871,D,2011-01-28 20:26:21,2011-01-27,NATI,Davern Alexander M,"COO, CFO, EVP",S - Sale+OE,43.8,-9691,12019,-45%,-424437.0,0.0,7.0,10.0,-6.0,NATI
872,D,2011-01-28 19:47:04,2011-01-26,NATI,Razdan Ash,Dir Corp Dev & Ofc of Pres,M - OptEx,29.85,2368,46898,+5%,70685.0,0.0,7.0,10.0,-6.0,NATI
873,D,2011-01-28 19:47:04,2011-01-26,NATI,Razdan Ash,Dir Corp Dev & Ofc of Pres,S - Sale+OE,43.14,-7747,46898,-14%,-334217.0,0.0,7.0,10.0,-6.0,NATI
874,M,2011-01-26 20:39:22,2011-01-24,NATI,Kodosky Jeffrey L,Dir,S - Sale,39.39,-12000,2102449,-1%,-472723.0,-2.0,0.0,4.0,-3.0,NATI
875,,2011-01-20 16:07:51,2011-01-18,NATI,Kodosky Jeffrey L,Dir,S - Sale,39.32,-12000,2114449,-1%,-471882.0,0.0,14.0,22.0,10.0,NATI
876,,2011-01-13 15:59:44,2011-01-11,NATI,Razdan Ash,Dir Corp Dev & Ofc of Pres,S - Sale,39.45,-2000,52277,-4%,-78900.0,0.0,1.0,20.0,13.0,NATI
877,,2011-01-11 12:36:22,2011-01-10,NATI,Kodosky Jeffrey L,Dir,S - Sale,38.64,-12000,2126449,-1%,-463729.0,1.0,2.0,19.0,15.0,NATI
878,M,2011-01-04 17:58:31,2011-01-03,NATI,Kodosky Jeffrey L,Dir,S - Sale,38.04,-12000,2138449,-1%,-456481.0,1.0,3.0,21.0,22.0,NATI
879,,2011-01-04 11:29:36,2010-12-30,NATI,Kodosky Jeffrey L,Dir,S - Sale,37.95,-240,2150449,0%,-9108.0,-1.0,2.0,20.0,21.0,NATI
880,,2010-12-29 18:10:11,2010-12-27,NATI,Truchard James J,"Pres, 10%",S - Sale,37.79,-10500,16078260,0%,-396837.0,0.0,0.0,16.0,16.0,NATI
881,M,2010-12-29 17:38:49,2010-12-27,NATI,Kodosky Jeffrey L,Dir,S - Sale,37.66,-8000,2150689,0%,-301284.0,0.0,0.0,16.0,16.0,NATI
882,,2010-12-22 17:05:38,2010-12-20,NATI,Kodosky Jeffrey L,Dir,S - Sale,37.47,-8000,2158689,0%,-299734.0,0.0,1.0,4.0,13.0,NATI
883,M,2010-12-22 16:52:52,2010-12-20,NATI,Truchard James J,"Pres, 10%",S - Sale,37.57,-10500,16091760,0%,-394459.0,0.0,1.0,4.0,13.0,NATI
884,,2010-12-16 19:57:17,2010-12-15,NATI,Kodosky Jeffrey L,Dir,S - Sale,38.1,-4000,2166689,0%,-152390.0,0.0,0.0,4.0,12.0,NATI
885,,2010-12-16 15:37:18,2010-12-15,NATI,Razdan Ash,Dir Corp Dev & Ofc of Pres,S - Sale,37.45,-1514,50277,-3%,-56699.0,1.0,1.0,5.0,13.0,NATI
886,M,2010-12-14 20:34:47,2010-12-13,NATI,Truchard James J,"Pres, 10%",S - Sale,36.27,-10500,16099260,0%,-380834.0,1.0,2.0,6.0,16.0,NATI
887,,2010-12-14 20:02:13,2010-12-13,NATI,Kodosky Jeffrey L,Dir,S - Sale,36.19,-8000,2170689,0%,-289511.0,1.0,2.0,6.0,16.0,NATI
888,A,2010-12-14 19:43:03,2010-12-06,NATI,Kodosky Jeffrey L,Dir,S - Sale,35.71,-8000,2178689,0%,-285707.0,1.0,2.0,6.0,16.0,NATI
889,M,2010-12-07 19:04:58,2010-05-03,NATI,Razdan Ash,Dir Corp Dev & Ofc of Pres,M - OptEx,26.2,570,51791,+1%,14933.0,0.0,1.0,6.0,17.0,NATI
890,M,2010-12-07 17:16:50,2010-05-03,NATI,Hugley David,"VP, GC",M - OptEx,26.09,784,21565,+4%,20458.0,0.0,1.0,6.0,17.0,NATI
891,M,2010-12-07 16:12:23,2010-05-03,NATI,Davern Alexander M,"COO, EVP",M - OptEx,26.2,759,12019,+7%,19887.0,0.0,1.0,6.0,17.0,NATI
892,M,2010-12-07 13:40:44,2010-05-03,NATI,Almgren Ray,VP,M - OptEx,26.37,715,34621,+2%,18854.0,0.0,1.0,6.0,17.0,NATI
893,M,2010-12-07 13:20:11,2010-02-01,NATI,Zogas Peter,SVP,M - OptEx,24.65,1269,53934,+2%,31281.0,0.0,1.0,6.0,17.0,NATI
894,,2010-12-06 19:45:19,2010-12-06,NATI,Kodosky Jeffrey L,Dir,S - Sale,35.73,-12000,2174689,-1%,-428707.0,0.0,1.0,5.0,17.0,NATI
895,,2010-12-06 19:19:14,2010-12-06,NATI,Truchard James J,"Pres, 10%",S - Sale,35.83,-10500,16109760,0%,-376250.0,0.0,1.0,5.0,17.0,NATI
896,,2010-11-30 18:22:56,2010-11-29,NATI,Kodosky Jeffrey L,Dir,S - Sale,34.08,-12000,2186689,-1%,-409000.0,2.0,5.0,11.0,29.0,NATI
897,,2010-11-30 17:45:31,2010-11-29,NATI,Truchard James J,"Pres, 10%",S - Sale,34.12,-10500,16120260,0%,-358229.0,2.0,5.0,11.0,29.0,NATI
898,,2010-11-24 14:08:57,2010-11-22,NATI,Kodosky Jeffrey L,Dir,S - Sale,34.26,-12000,2198689,-1%,-411124.0,2.0,3.0,11.0,26.0,NATI
899,,2010-11-22 20:00:27,2010-11-22,NATI,Truchard James J,"Pres, 10%",S - Sale,34.43,-10500,16130760,0%,-361522.0,-2.0,-1.0,9.0,26.0,NATI
900,,2010-11-18 14:42:30,2010-11-16,NATI,Kodosky Jeffrey L,Dir,S - Sale,34.14,-8000,2210689,0%,-273125.0,2.0,2.0,11.0,31.0,NATI
901,,2010-11-15 17:46:22,2010-11-15,NATI,Kodosky Jeffrey L,Dir,S - Sale,34.85,-12000,2218689,-1%,-418150.0,-2.0,-1.0,6.0,27.0,NATI
902,,2010-11-15 17:30:15,2010-11-15,NATI,Truchard James J,"Pres, 10%",S - Sale,34.99,-10500,16141260,0%,-367413.0,-2.0,-1.0,6.0,27.0,NATI
903,M,2010-11-10 14:07:30,2010-11-08,NATI,Kodosky Jeffrey L,Dir,S - Sale,35.33,-20000,2230689,-1%,-706586.0,0.0,-3.0,2.0,26.0,NATI
904,,2010-11-09 13:01:11,2010-11-08,NATI,Truchard James J,"Pres, 10%",S - Sale,35.34,-10500,16151760,0%,-371024.0,-1.0,-2.0,1.0,25.0,NATI
905,DM,2010-11-05 20:14:30,2010-05-03,NATI,Graff John,VP,M - OptEx,21.23,15569,51158,+44%,330499.0,0.0,-2.0,2.0,26.0,NATI
906,D,2010-11-05 20:14:30,2010-11-04,NATI,Graff John,VP,S - Sale+OE,35.09,-15000,51158,-23%,-526344.0,0.0,-2.0,2.0,26.0,NATI
907,DM,2010-11-05 19:21:05,2010-05-03,NATI,Finger Mark,VP,M - OptEx,21.47,7309,25978,+39%,156905.0,0.0,-2.0,2.0,26.0,NATI
908,D,2010-11-05 19:21:05,2010-11-04,NATI,Finger Mark,VP,S - Sale+OE,35.0,-6716,25978,-21%,-235072.0,0.0,-2.0,2.0,26.0,NATI
909,DM,2010-11-04 14:12:45,2010-05-03,NATI,Porterfield Robert,VP,M - OptEx,21.27,12564,98702,+15%,267228.0,2.0,1.0,3.0,28.0,NATI
910,D,2010-11-04 14:12:45,2010-11-02,NATI,Porterfield Robert,VP,S - Sale+OE,34.75,-15000,98702,-13%,-521250.0,2.0,1.0,3.0,28.0,NATI
911,,2010-11-03 19:27:39,2010-11-02,NATI,Truchard James J,"Pres, 10%",S - Sale,34.78,-10500,16162260,0%,-365201.0,2.0,1.0,2.0,26.0,NATI
912,M,2010-11-03 16:11:41,2010-11-01,NATI,Kodosky Jeffrey L,Dir,S - Sale,34.6,-20000,2250689,-1%,-692070.0,2.0,1.0,2.0,26.0,NATI
913,M,2010-10-27 15:43:46,2010-10-25,NATI,Kodosky Jeffrey L,Dir,S - Sale,34.54,-20000,2270689,-1%,-690766.0,-2.0,-2.0,-2.0,38.0,NATI
914,,2010-10-27 15:09:04,2010-10-25,NATI,Truchard James J,"Pres, 10%",S - Sale,34.43,-10500,16172760,0%,-361475.0,-2.0,-2.0,-2.0,38.0,NATI
915,M,2010-10-21 18:02:01,2010-10-20,NATI,Kodosky Jeffrey L,Dir,S - Sale,33.56,-8000,2290689,0%,-268503.0,0.0,2.0,2.0,43.0,NATI
916,M,2010-10-20 14:56:03,2010-10-18,NATI,Kodosky Jeffrey L,Dir,S - Sale,32.66,-12000,2298689,-1%,-391863.0,1.0,9.0,4.0,43.0,NATI
917,,2010-10-20 14:14:32,2010-10-18,NATI,Truchard James J,"Pres, 10%",S - Sale,32.56,-10500,16183260,0%,-341832.0,1.0,9.0,4.0,43.0,NATI
918,M,2010-10-13 20:23:36,2010-10-12,NATI,Kodosky Jeffrey L,Dir,S - Sale,32.48,-12000,2310689,-1%,-389739.0,0.0,0.0,8.0,45.0,NATI
919,M,2010-10-12 20:18:49,2010-10-11,NATI,Truchard James J,"Pres, 10%",S - Sale,32.32,-10500,16193760,0%,-339338.0,1.0,1.0,9.0,48.0,NATI
920,M,2010-10-05 18:10:15,2010-10-04,NATI,Kodosky Jeffrey L,Dir,S - Sale,32.27,-12000,2322689,-1%,-387229.0,-1.0,-1.0,7.0,52.0,NATI
921,,2010-10-04 20:02:30,2010-10-04,NATI,Truchard James J,"Pres, 10%",S - Sale,31.93,-10500,16204260,0%,-335261.0,2.0,3.0,8.0,54.0,NATI
922,,2010-10-01 15:38:05,2010-09-29,NATI,Kodosky Jeffrey L,Dir,S - Sale,33.05,-8000,2334689,0%,-264388.0,0.0,0.0,6.0,52.0,NATI
923,M,2010-09-28 17:41:33,2010-09-27,NATI,Kodosky Jeffrey L,Dir,S - Sale,32.14,-12000,2342689,-1%,-385706.0,1.0,-2.0,9.0,52.0,NATI
924,,2010-09-27 19:56:06,2010-09-27,NATI,Truchard James J,"Pres, 10%",S - Sale,31.99,-10500,16214760,0%,-335875.0,1.0,2.0,8.0,54.0,NATI
925,,2010-09-24 17:21:02,2010-09-24,NATI,Truchard James J,"Pres, 10%",S - Sale,31.6,-9720,16225260,0%,-307146.0,0.0,2.0,7.0,54.0,NATI
926,,2010-09-23 20:19:13,2010-09-22,NATI,Truchard James J,"Pres, 10%",S - Sale,31.62,-10000,16234980,0%,-316174.0,4.0,6.0,10.0,55.0,NATI
927,,2010-09-22 12:57:50,2010-09-20,NATI,Kodosky Jeffrey L,Dir,S - Sale,31.71,-12000,2354689,-1%,-380500.0,-1.0,2.0,3.0,52.0,NATI
928,M,2010-09-21 20:29:09,2010-09-20,NATI,Truchard James J,"Pres, 10%",S - Sale,31.72,-25270,16244980,0%,-801492.0,-1.0,1.0,3.0,51.0,NATI
929,,2010-09-20 19:54:28,2010-09-17,NATI,Truchard James J,"Pres, 10%",S - Sale,31.4,-18010,16270250,0%,-565593.0,0.0,1.0,3.0,42.0,NATI
930,,2010-09-14 19:41:19,2010-09-13,NATI,Kodosky Jeffrey L,Dir,S - Sale,30.68,-12000,2366689,-1%,-368160.0,1.0,3.0,5.0,49.0,NATI
931,M,2010-09-08 19:21:04,2010-09-07,NATI,Kodosky Jeffrey L,Dir,S - Sale,30.32,-12000,2378689,-1%,-363842.0,-1.0,2.0,6.0,58.0,NATI
932,M,2010-08-31 18:16:48,2010-08-30,NATI,Kodosky Jeffrey L,Dir,S - Sale,28.94,-12000,2390689,0%,-347282.0,3.0,5.0,14.0,61.0,NATI
933,,2010-08-31 17:39:23,2010-08-31,NATI,Zogas Peter,SVP,S - Sale,28.5,-1800,52665,-3%,-51305.0,3.0,5.0,14.0,61.0,NATI
934,,2010-08-27 15:10:03,2010-08-26,NATI,Zogas Peter,SVP,S - Sale,28.83,-1412,54465,-3%,-40709.0,2.0,5.0,12.0,65.0,NATI
935,,2010-08-25 12:02:13,2010-08-23,NATI,Kodosky Jeffrey L,Dir,S - Sale,29.24,-12000,2402689,0%,-350922.0,1.0,2.0,9.0,63.0,NATI
936,,2010-08-18 19:27:59,2010-08-17,NATI,Finger Mark,VP,S - Sale,30.31,-2942,25385,-10%,-89175.0,-3.0,-6.0,3.0,60.0,NATI
937,,2010-08-17 13:21:34,2010-08-16,NATI,Kodosky Jeffrey L,Dir,S - Sale,29.34,-12000,2414689,0%,-352042.0,3.0,-1.0,6.0,64.0,NATI
938,,2010-08-12 15:24:06,2010-08-11,NATI,Davern Alexander M,"CFO, SVP",S - Sale,30.7,-4000,11260,-26%,-122801.0,-2.0,-1.0,-1.0,52.0,NATI
939,M,2010-08-10 17:39:53,2010-08-09,NATI,Kodosky Jeffrey L,Dir,S - Sale,31.92,-12000,2426689,0%,-383034.0,-4.0,-7.0,-4.0,48.0,NATI
940,,2010-08-10 13:03:35,2010-08-09,NATI,Truchard James J,"Pres, 10%",S - Sale,32.29,-10500,16288260,0%,-339058.0,-1.0,-9.0,-6.0,47.0,NATI
941,D,2010-08-09 13:07:56,2010-08-05,NATI,Carlton Donald M,Dir,M - OptEx,24.01,7500,16243,+86%,180050.0,0.0,-9.0,-7.0,44.0,NATI
942,D,2010-08-09 13:07:56,2010-08-05,NATI,Carlton Donald M,Dir,S - Sale+OE,32.05,-7500,16243,-32%,-240344.0,0.0,-9.0,-7.0,44.0,NATI
943,AM,2010-08-05 17:09:38,2010-08-02,NATI,Kodosky Jeffrey L,Dir,S - Sale,31.99,-12000,2438689,0%,-383924.0,0.0,-5.0,-7.0,42.0,NATI
944,,2010-08-02 19:50:40,2010-08-02,NATI,Kodosky Jeffrey L,Dir,S - Sale,32.0,-12000,2438689,0%,-383970.0,-1.0,1.0,-10.0,34.0,NATI
945,,2010-08-02 19:35:28,2010-08-02,NATI,Truchard James J,"Pres, 10%",S - Sale,32.1,-10500,16298760,0%,-337019.0,-1.0,1.0,-10.0,34.0,NATI
946,D,2010-07-29 20:07:27,2010-07-28,NATI,Davern Alexander M,"CFO, SVP",F - Tax,33.44,-948,15260,-6%,-31701.0,0.0,0.0,-10.0,40.0,NATI
947,D,2010-07-29 20:07:27,2010-07-28,NATI,Davern Alexander M,"CFO, SVP",M - OptEx,21.04,1505,15260,+11%,31668.0,0.0,0.0,-10.0,40.0,NATI
948,,2010-07-28 18:55:13,2010-07-27,NATI,Kodosky Jeffrey L,Dir,S - Sale,32.98,-8000,2450689,0%,-263825.0,-1.0,-2.0,-11.0,22.0,NATI
949,,2010-07-26 19:14:57,2010-07-26,NATI,Truchard James J,"Pres, 10%",S - Sale,32.18,-10500,16309260,0%,-337875.0,2.0,-3.0,-11.0,21.0,NATI
950,,2010-07-26 19:02:09,2010-07-26,NATI,Kodosky Jeffrey L,Dir,S - Sale,32.25,-12000,2458689,0%,-386960.0,2.0,-3.0,-11.0,21.0,NATI
951,,2010-07-23 20:18:18,2010-07-23,NATI,Truchard James J,"Pres, 10%",S - Sale,31.84,-55670,16319760,0%,-1772572.0,2.0,0.0,-7.0,24.0,NATI
952,,2010-07-22 20:55:29,2010-07-22,NATI,Truchard James J,"Pres, 10%",S - Sale,31.68,-24830,16375430,0%,-786632.0,1.0,2.0,-7.0,27.0,NATI
953,,2010-07-19 20:02:52,2010-07-19,NATI,Kodosky Jeffrey L,Dir,S - Sale,30.52,-12000,2470689,0%,-366200.0,2.0,4.0,-4.0,28.0,NATI
954,,2010-07-12 18:48:43,2010-07-12,NATI,Kodosky Jeffrey L,Dir,S - Sale,30.67,-12000,2482689,0%,-368089.0,3.0,0.0,6.0,27.0,NATI
955,,2010-07-09 18:52:05,2010-07-06,NATI,Kodosky Jeffrey L,Dir,S - Sale,30.8,-12000,2494689,0%,-369560.0,-1.0,2.0,4.0,24.0,NATI
956,,2010-06-29 17:07:46,2010-06-28,NATI,Truchard James J,"Pres, 10%",S - Sale,32.87,-35000,16400260,0%,-1150461.0,-1.0,-4.0,1.0,19.0,NATI
957,,2010-06-29 16:47:32,2010-06-28,NATI,Kodosky Jeffrey L,Dir,S - Sale,32.83,-20000,2506689,-1%,-656632.0,-1.0,-4.0,1.0,19.0,NATI
958,,2010-06-22 20:21:50,2010-06-21,NATI,Kodosky Jeffrey L,Dir,S - Sale,32.69,-20000,2526689,-1%,-653768.0,0.0,2.0,-4.0,17.0,NATI
959,,2010-06-16 12:48:40,2010-06-14,NATI,Kodosky Jeffrey L,Dir,S - Sale,31.59,-12000,2546689,0%,-379087.0,1.0,0.0,-3.0,13.0,NATI
960,,2010-06-08 13:13:00,2010-06-07,NATI,Kodosky Jeffrey L,Dir,S - Sale,30.34,-12000,2558689,0%,-364116.0,0.0,5.0,4.0,20.0,NATI
961,,2010-06-02 18:35:16,2010-06-01,NATI,Kodosky Jeffrey L,Dir,S - Sale,31.18,-12000,2570689,0%,-374206.0,1.0,-5.0,1.0,10.0,NATI
962,D,2010-05-28 20:15:10,2010-05-28,NATI,Davern Alexander M,"CFO, SVP",M - OptEx,21.04,3804,14703,+35%,80043.0,-4.0,-4.0,2.0,9.0,NATI
963,D,2010-05-28 20:15:10,2010-05-28,NATI,Davern Alexander M,"CFO, SVP",S - Sale+OE,32.35,-3804,14703,-21%,-123059.0,-4.0,-4.0,2.0,9.0,NATI
964,,2010-05-25 20:06:21,2010-05-24,NATI,Kodosky Jeffrey L,Dir,S - Sale,31.21,-12000,2582689,0%,-374537.0,1.0,-1.0,3.0,12.0,NATI
965,,2010-05-19 12:04:52,2010-05-17,NATI,Kodosky Jeffrey L,Dir,S - Sale,32.06,-12000,2594689,0%,-384713.0,-1.0,-2.0,3.0,10.0,NATI
966,,2010-05-12 18:56:26,2010-05-10,NATI,Kodosky Jeffrey L,Dir,S - Sale,32.89,-20000,2606689,-1%,-657880.0,-1.0,-6.0,-9.0,6.0,NATI
967,,2010-05-05 18:21:40,2010-05-03,NATI,Kodosky Jeffrey L,Dir,S - Sale,34.77,-20000,2626689,-1%,-695442.0,-2.0,0.0,-3.0,6.0,NATI
968,,2010-05-05 15:48:24,2010-05-03,NATI,Zogas Peter,SVP,S - Sale,34.43,-8600,55877,-13%,-296089.0,-3.0,-3.0,-6.0,2.0,NATI
969,,2010-05-04 19:19:13,2010-05-03,NATI,Truchard James J,"Pres, 10%",S - Sale,34.67,-10500,16435260,0%,-364040.0,-3.0,-2.0,-7.0,3.0,NATI
970,D,2010-05-03 21:42:48,2010-05-01,NATI,Roesslein Charles J,Dir,M - OptEx,0.0,4668,23754,+24%,0.0,-3.0,-9.0,-11.0,0.0,NATI
971,D,2010-05-03 21:27:20,2010-05-01,NATI,Medica John K,Dir,M - OptEx,0.0,4668,8002,+140%,0.0,-3.0,-9.0,-11.0,0.0,NATI
972,D,2010-05-03 21:15:49,2010-05-01,NATI,Le Duy Loan T,Dir,M - OptEx,0.0,4668,26995,+21%,0.0,-3.0,-9.0,-11.0,0.0,NATI
973,D,2010-05-03 20:58:08,2010-05-01,NATI,Carlton Donald M,Dir,M - OptEx,0.0,4668,16243,+40%,0.0,-3.0,-9.0,-11.0,0.0,NATI
974,D,2010-05-03 20:38:38,2010-05-01,NATI,Zogas Peter,SVP,M - OptEx,0.0,5750,64477,+10%,0.0,-3.0,-9.0,-11.0,0.0,NATI
975,D,2010-05-03 20:21:07,2010-05-01,NATI,Razdan Ash,Dir Corp Dev & Ofc of Pres,M - OptEx,0.0,1650,51221,+3%,0.0,-3.0,-9.0,-11.0,0.0,NATI
976,D,2010-05-03 19:41:48,2010-05-01,NATI,Porterfield Robert,VP,M - OptEx,0.0,5000,97674,+5%,0.0,-3.0,-9.0,-11.0,0.0,NATI
977,D,2010-05-03 18:24:04,2010-05-01,NATI,Hugley David,"VP, GC",M - OptEx,0.0,2900,20781,+16%,0.0,-3.0,-9.0,-11.0,0.0,NATI
978,D,2010-05-03 17:48:28,2010-05-01,NATI,Graff John,VP,M - OptEx,0.0,3000,50589,+6%,0.0,-3.0,-9.0,-11.0,0.0,NATI
979,D,2010-05-03 17:20:30,2010-05-01,NATI,Finger Mark,VP,M - OptEx,0.0,2900,28327,+11%,0.0,-3.0,-9.0,-11.0,0.0,NATI
980,D,2010-05-03 15:35:02,2010-05-01,NATI,Davern Alexander M,"CFO, SVP",M - OptEx,0.0,7500,14703,+104%,0.0,1.0,-8.0,-10.0,1.0,NATI
981,D,2010-05-03 13:03:47,2010-05-01,NATI,Almgren Ray,VP,M - OptEx,0.0,2900,33906,+9%,0.0,1.0,-8.0,-10.0,1.0,NATI
982,,2010-04-30 18:46:39,2010-04-29,NATI,Carlton Donald M,Dir,S - Sale,34.92,-10002,11575,-46%,-349303.0,1.0,-7.0,-6.0,1.0,NATI
983,,2010-04-30 18:10:47,2010-04-29,NATI,Davern Alexander M,"CFO, SVP",S - Sale,35.24,-1000,7203,-12%,-35239.0,1.0,-7.0,-6.0,1.0,NATI
984,,2010-04-28 16:22:30,2010-04-27,NATI,Razdan Ash,Dir Corp Dev & Ofc of Pres,S - Sale,36.9,-3857,49571,-7%,-142323.0,0.0,-3.0,-10.0,-1.0,NATI
985,,2010-04-28 16:06:53,2010-04-27,NATI,Kodosky Jeffrey L,Dir,S - Sale,36.56,-8000,2646689,0%,-292443.0,0.0,-3.0,-10.0,-1.0,NATI
986,,2010-04-26 20:21:28,2010-04-26,NATI,Kodosky Jeffrey L,Dir,S - Sale,36.57,-12000,2654689,0%,-438794.0,-1.0,-5.0,-15.0,-6.0,NATI
987,,2010-04-26 19:34:08,2010-04-26,NATI,Truchard James J,"Pres, 10%",S - Sale,36.68,-10500,16445760,0%,-385148.0,-1.0,-5.0,-15.0,-6.0,NATI
988,M,2010-04-20 20:02:34,2010-04-19,NATI,Kodosky Jeffrey L,Dir,S - Sale,35.59,-20000,2666689,-1%,-711755.0,-1.0,1.0,-12.0,-9.0,NATI
989,,2010-04-20 19:33:38,2010-04-19,NATI,Truchard James J,"Pres, 10%",S - Sale,35.21,-10500,16456260,0%,-369669.0,-1.0,1.0,-12.0,-9.0,NATI
990,D,2010-04-16 15:14:47,2010-04-14,NATI,Razdan Ash,Dir Corp Dev & Ofc of Pres,M - OptEx,20.12,132,53428,0%,2656.0,-1.0,1.0,-11.0,-9.0,NATI
991,D,2010-04-16 15:14:47,2010-04-14,NATI,Razdan Ash,Dir Corp Dev & Ofc of Pres,S - Sale+OE,35.9,-132,53428,0%,-4739.0,-1.0,1.0,-11.0,-9.0,NATI
992,M,2010-04-13 20:57:09,2010-04-12,NATI,Kodosky Jeffrey L,Dir,S - Sale,35.09,-20000,2686689,-1%,-701704.0,3.0,0.0,-6.0,-6.0,NATI
993,,2010-04-13 17:46:47,2010-04-12,NATI,Truchard James J,"Pres, 10%",S - Sale,35.11,-10500,16466760,0%,-368639.0,3.0,0.0,-6.0,-6.0,NATI
994,D,2010-04-08 16:55:31,2010-04-06,NATI,Almgren Ray,VP,M - OptEx,21.04,7347,31006,+31%,154593.0,1.0,3.0,-8.0,-6.0,NATI
995,D,2010-04-08 16:55:31,2010-04-06,NATI,Almgren Ray,VP,S - Sale+OE,34.96,-7347,31006,-19%,-256879.0,1.0,3.0,-8.0,-6.0,NATI
996,D,2010-04-07 16:49:02,2010-04-06,NATI,Roesslein Charles J,Dir,F - Tax,34.93,-13420,19086,-41%,-468761.0,0.0,0.0,-6.0,-8.0,NATI
997,D,2010-04-07 16:49:02,2010-04-06,NATI,Roesslein Charles J,Dir,M - OptEx,31.25,15000,19086,+367%,468750.0,0.0,0.0,-6.0,-8.0,NATI
998,,2010-04-05 20:28:08,2010-04-05,NATI,Kodosky Jeffrey L,Dir,S - Sale,34.46,-20000,2706689,-1%,-689286.0,1.0,1.0,0.0,-6.0,NATI
999,,2010-04-05 20:03:40,2010-04-05,NATI,Truchard James J,"Pres, 10%",S - Sale,34.61,-10500,16477260,0%,-363398.0,1.0,1.0,0.0,-6.0,NATI
1000,,2010-04-01 20:10:36,2010-04-01,NATI,Almgren Ray,VP,S - Sale,34.45,-4801,31006,-13%,-165386.0,3.0,3.0,2.0,-3.0,NATI
1001,D,2010-03-31 16:12:08,2010-03-29,NATI,Le Duy Loan T,Dir,F - Tax,33.56,-7676,22237,-26%,-257607.0,2.0,5.0,5.0,-2.0,NATI
1002,D,2010-03-31 16:12:08,2010-03-29,NATI,Le Duy Loan T,Dir,M - OptEx,17.17,15000,22237,+207%,257600.0,2.0,5.0,5.0,-2.0,NATI
1003,,2010-03-30 20:49:48,2010-03-29,NATI,Truchard James J,"Pres, 10%",S - Sale,33.38,-10500,16487760,0%,-350508.0,-1.0,5.0,4.0,-4.0,NATI
1004,M,2010-03-30 20:46:33,2010-03-29,NATI,Kodosky Jeffrey L,Dir,S - Sale,33.46,-20000,2726689,-1%,-669193.0,-1.0,5.0,4.0,-4.0,NATI
1005,D,2010-03-23 15:55:39,2010-03-19,NATI,Porterfield Robert,VP,F - Tax,33.86,-8530,90418,-9%,-288826.0,1.0,1.0,8.0,-3.0,NATI
1006,DM,2010-03-23 15:55:39,2010-02-01,NATI,Porterfield Robert,VP,M - OptEx,31.82,9263,90418,+11%,294718.0,1.0,1.0,8.0,-3.0,NATI
1007,D,2010-03-23 13:58:25,2010-03-19,NATI,Carlton Donald M,Dir,F - Tax,33.86,-6849,21577,-24%,-231907.0,1.0,1.0,8.0,-3.0,NATI
1008,D,2010-03-23 13:58:25,2010-03-19,NATI,Carlton Donald M,Dir,M - OptEx,30.92,7500,21577,+53%,231875.0,1.0,1.0,8.0,-3.0,NATI
1009,,2010-03-22 20:58:51,2010-03-22,NATI,Kodosky Jeffrey L,Dir,S - Sale,33.08,-20000,2746689,-1%,-661530.0,1.0,1.0,9.0,-4.0,NATI
1010,,2010-03-22 20:21:27,2010-03-22,NATI,Truchard James J,"Pres, 10%",S - Sale,33.05,-10500,16498260,0%,-347025.0,1.0,1.0,9.0,-4.0,NATI
1011,D,2010-03-22 19:51:00,2010-03-18,NATI,Hugley David,"VP, GC",F - Tax,33.85,-14313,17881,-44%,-484495.0,1.0,1.0,9.0,-4.0,NATI
1012,D,2010-03-22 19:51:00,2010-03-18,NATI,Hugley David,"VP, GC",M - OptEx,32.08,15000,17881,+521%,481250.0,1.0,1.0,9.0,-4.0,NATI
1013,D,2010-03-19 16:40:29,2010-03-17,NATI,Razdan Ash,Dir Corp Dev & Ofc of Pres,M - OptEx,21.04,9368,53428,+21%,197119.0,-1.0,-1.0,6.0,-6.0,NATI
1014,D,2010-03-19 16:40:29,2010-03-17,NATI,Razdan Ash,Dir Corp Dev & Ofc of Pres,S - Sale+OE,33.9,-9368,53428,-15%,-317575.0,-1.0,-1.0,6.0,-6.0,NATI
1015,D,2010-03-18 16:26:24,2010-03-15,NATI,Finger Mark,VP,F - Tax,33.59,-14330,25427,-36%,-481345.0,-1.0,-2.0,5.0,-7.0,NATI
1016,D,2010-03-18 16:26:24,2010-03-15,NATI,Finger Mark,VP,M - OptEx,32.08,15000,25427,+144%,481250.0,-1.0,-2.0,5.0,-7.0,NATI
1017,D,2010-03-18 16:00:19,2010-03-15,NATI,Graff John,VP,F - Tax,33.59,-28884,47589,-38%,-970214.0,-1.0,-2.0,5.0,-7.0,NATI
1018,D,2010-03-18 16:00:19,2010-03-15,NATI,Graff John,VP,M - OptEx,32.08,30000,47589,+171%,962499.0,-1.0,-2.0,5.0,-7.0,NATI
1019,D,2010-03-18 15:13:41,2010-03-15,NATI,Zogas Peter,SVP,F - Tax,33.59,-28811,58727,-33%,-967761.0,0.0,-2.0,5.0,-7.0,NATI
1020,D,2010-03-18 15:13:41,2010-03-15,NATI,Zogas Peter,SVP,M - OptEx,32.08,30000,58727,+104%,962499.0,0.0,-2.0,5.0,-7.0,NATI
1021,,2010-03-16 20:06:16,2010-03-15,NATI,Kodosky Jeffrey L,Dir,S - Sale,33.34,-20000,2766689,-1%,-666898.0,1.0,-1.0,8.0,-7.0,NATI
1022,,2010-03-16 18:56:27,2010-03-15,NATI,Truchard James J,"Pres, 10%",S - Sale,33.31,-10500,16508760,0%,-349706.0,1.0,-1.0,8.0,-7.0,NATI
1023,D,2010-03-15 16:38:37,2010-03-11,NATI,Almgren Ray,VP,M - OptEx,32.08,15000,35807,+72%,481250.0,1.0,0.0,5.0,-9.0,NATI
1024,D,2010-03-15 16:38:37,2010-03-11,NATI,Almgren Ray,VP,S - Sale+OE,33.02,-17086,35807,-32%,-564145.0,1.0,0.0,5.0,-9.0,NATI
1025,,2010-03-11 20:39:29,2010-03-10,NATI,Kodosky Jeffrey L,Dir,S - Sale,32.95,-8000,2786689,0%,-263600.0,1.0,2.0,6.0,-8.0,NATI
1026,DM,2010-03-10 20:06:50,2010-03-08,NATI,Razdan Ash,Dir Corp Dev & Ofc of Pres,M - OptEx,32.08,915,53428,+2%,29356.0,0.0,1.0,5.0,-8.0,NATI
1027,DM,2010-03-10 20:06:50,2010-03-08,NATI,Razdan Ash,Dir Corp Dev & Ofc of Pres,S - Sale+OE,32.9,-915,53428,-2%,-30104.0,0.0,1.0,5.0,-8.0,NATI
1028,D,2010-03-10 19:48:09,2010-03-08,NATI,Davern Alexander M,"CFO, SVP",F - Tax,32.81,-110624,8203,-93%,-3629573.0,0.0,1.0,5.0,-8.0,NATI
1029,D,2010-03-10 19:48:09,2010-03-08,NATI,Davern Alexander M,"CFO, SVP",M - OptEx,32.08,112500,8203,-108%,3609371.0,0.0,1.0,5.0,-8.0,NATI
1030,,2010-03-08 20:45:22,2010-03-08,NATI,Kodosky Jeffrey L,Dir,S - Sale,32.6,-12000,2794689,0%,-391143.0,1.0,3.0,8.0,-7.0,NATI
1031,D,2010-03-08 20:20:34,2010-03-05,NATI,Razdan Ash,Dir Corp Dev & Ofc of Pres,M - OptEx,32.08,14085,53428,+36%,451893.0,1.0,3.0,8.0,-7.0,NATI
1032,D,2010-03-08 20:20:34,2010-03-05,NATI,Razdan Ash,Dir Corp Dev & Ofc of Pres,S - Sale+OE,32.9,-14085,53428,-21%,-463462.0,1.0,3.0,8.0,-7.0,NATI
1033,,2010-03-08 20:07:30,2010-03-08,NATI,Truchard James J,"Pres, 10%",S - Sale,32.68,-10500,16519260,0%,-343121.0,1.0,3.0,8.0,-7.0,NATI
1034,,2010-03-01 18:14:24,2010-03-01,NATI,Kodosky Jeffrey L,Dir,S - Sale,32.04,-12000,2806689,0%,-384462.0,1.0,2.0,4.0,-11.0,NATI
1035,,2010-03-01 17:16:00,2010-03-01,NATI,Truchard James J,"Pres, 10%",S - Sale,31.87,-10500,16529760,0%,-334663.0,1.0,2.0,4.0,-11.0,NATI
1036,,2010-02-24 19:12:35,2010-02-24,NATI,Almgren Ray,VP,S - Sale,31.06,-1114,37893,-3%,-34595.0,0.0,2.0,5.0,-8.0,NATI
1037,,2010-02-24 19:03:45,2010-02-24,NATI,Zogas Peter,SVP,S - Sale,31.28,-3500,57538,-6%,-109491.0,0.0,2.0,5.0,-8.0,NATI
1038,,2010-02-23 18:00:10,2010-02-22,NATI,Kodosky Jeffrey L,Dir,S - Sale,31.37,-12000,2818689,0%,-376391.0,2.0,3.0,7.0,-5.0,NATI
1039,,2010-02-23 16:30:30,2010-02-22,NATI,Truchard James J,"Pres, 10%",S - Sale,31.35,-10500,16540260,0%,-329140.0,2.0,3.0,7.0,-5.0,NATI
1040,,2010-02-19 14:36:54,2010-02-01,NATI,Graff John,VP,M - OptEx,22.7,257,46473,+1%,5833.0,-1.0,-1.0,4.0,-4.0,NATI
1041,,2010-02-19 14:36:54,2010-02-19,NATI,Graff John,VP,S - Sale,31.23,-2765,46473,-6%,-86337.0,-1.0,-1.0,4.0,-4.0,NATI
1042,,2010-02-19 13:44:15,2010-02-01,NATI,Razdan Ash,Dir Corp Dev & Ofc of Pres,M - OptEx,22.7,255,53428,0%,5787.0,-1.0,-1.0,4.0,-4.0,NATI
1043,,2010-02-19 13:44:15,2010-02-18,NATI,Razdan Ash,Dir Corp Dev & Ofc of Pres,S - Sale,31.9,-3000,53428,-5%,-95700.0,-1.0,-1.0,4.0,-4.0,NATI
1044,,2010-02-18 17:35:07,2010-02-01,NATI,Davern Alexander M,"CFO, SVP",M - OptEx,22.7,322,6327,+5%,7308.0,-1.0,0.0,6.0,-4.0,NATI
1045,,2010-02-18 17:35:07,2010-02-17,NATI,Davern Alexander M,"CFO, SVP",S - Sale,31.3,-2500,6327,-28%,-78250.0,-1.0,0.0,6.0,-4.0,NATI
1046,,2010-02-16 17:37:02,2010-02-16,NATI,Truchard James J,"Pres, 10%",S - Sale,30.74,-10500,16550760,0%,-322725.0,1.0,1.0,8.0,-4.0,NATI
1047,,2010-02-16 16:54:36,2010-02-16,NATI,Kodosky Jeffrey L,Dir,S - Sale,30.96,-12000,2830689,0%,-371564.0,1.0,1.0,8.0,-4.0,NATI
1048,DM,2010-02-16 13:58:34,2010-02-01,NATI,Finger Mark,VP,M - OptEx,21.11,5781,24757,+30%,122019.0,0.0,2.0,9.0,-4.0,NATI
1049,D,2010-02-16 13:58:34,2010-02-11,NATI,Finger Mark,VP,S - Sale+OE,30.54,-5553,24757,-18%,-169568.0,0.0,2.0,9.0,-4.0,NATI
1050,,2010-02-10 17:59:53,2010-02-10,NATI,Zogas Peter,SVP,S - Sale,29.79,-3500,61038,-5%,-104262.0,2.0,5.0,11.0,6.0,NATI
1051,,2010-02-10 16:06:34,2010-02-09,NATI,Truchard James J,"Pres, 10%",S - Sale,29.95,-10500,16561260,0%,-314475.0,2.0,5.0,11.0,6.0,NATI
1052,,2010-02-10 13:37:33,2010-02-08,NATI,Kodosky Jeffrey L,Dir,S - Sale,29.67,-12000,2842689,0%,-355987.0,1.0,5.0,11.0,7.0,NATI
1053,,2010-02-02 19:11:49,2010-02-02,NATI,Truchard James J,"Pres, 10%",S - Sale,29.95,-10500,16571760,0%,-314475.0,0.0,-1.0,9.0,8.0,NATI
1054,,2010-02-01 20:57:47,2010-02-01,NATI,Kodosky Jeffrey L,Dir,S - Sale,29.55,-12000,2854689,0%,-354550.0,1.0,1.0,10.0,8.0,NATI
1055,M,2010-01-29 17:08:17,2010-01-27,NATI,Truchard James J,"Pres, 10%",S - Sale,29.96,-255656,16582260,-2%,-7658476.0,1.0,1.0,10.0,10.0,NATI
1056,,2010-01-29 15:29:13,2010-01-27,NATI,Kodosky Jeffrey L,Dir,S - Sale,29.41,-8000,2866689,0%,-235280.0,0.0,1.0,10.0,9.0,NATI
1057,,2010-01-25 19:35:04,2010-01-25,NATI,Kodosky Jeffrey L,Dir,S - Sale,28.45,-4000,2874689,0%,-113800.0,2.0,4.0,11.0,14.0,NATI
1058,,2010-01-19 18:55:46,2010-01-19,NATI,Kodosky Jeffrey L,Dir,S - Sale,29.11,-12000,2878689,0%,-349260.0,-1.0,-3.0,8.0,6.0,NATI
1059,,2010-01-12 15:09:11,2010-01-11,NATI,Kodosky Jeffrey L,Dir,S - Sale,29.43,-12000,2890689,0%,-353145.0,-1.0,-1.0,3.0,8.0,NATI
1060,,2010-01-05 17:15:27,2010-01-04,NATI,Kodosky Jeffrey L,Dir,S - Sale,29.64,-12000,2902689,0%,-355734.0,0.0,-1.0,1.0,3.0,NATI
1061,,2009-12-28 18:03:22,2009-12-28,NATI,Kodosky Jeffrey L,Dir,S - Sale,29.49,-12000,2914689,0%,-353846.0,0.0,1.0,1.0,12.0,NATI
1062,,2009-12-21 17:43:37,2009-12-21,NATI,Kodosky Jeffrey L,Dir,S - Sale,29.02,-12000,2926689,0%,-348210.0,2.0,1.0,-1.0,12.0,NATI
1063,,2009-12-16 14:40:35,2009-12-14,NATI,Kodosky Jeffrey L,Dir,S - Sale,29.28,-12000,2938689,0%,-351318.0,-1.0,0.0,-3.0,11.0,NATI
1064,,2009-12-07 19:31:00,2009-12-07,NATI,Kodosky Jeffrey L,Dir,S - Sale,29.43,-12000,2950689,0%,-353127.0,-1.0,0.0,2.0,3.0,NATI
1065,M,2009-12-07 16:45:34,2009-08-03,NATI,Porterfield Robert,VP,M - OptEx,19.19,382,44554,+1%,7329.0,-1.0,0.0,2.0,3.0,NATI
1066,M,2009-12-07 11:56:43,2009-08-03,NATI,Graff John,VP,M - OptEx,19.3,395,48981,+1%,7624.0,-1.0,-1.0,1.0,2.0,NATI
1067,,2009-12-02 20:15:41,2009-12-02,NATI,Kodosky Jeffrey L,Dir,S - Sale,28.98,-8000,2962689,0%,-231800.0,0.0,0.0,2.0,11.0,NATI
1068,,2009-11-30 17:23:54,2009-11-30,NATI,Kodosky Jeffrey L,Dir,S - Sale,28.26,-4000,2970689,0%,-113038.0,1.0,3.0,4.0,9.0,NATI
1069,,2009-11-30 14:25:21,2009-11-25,NATI,Davern Alexander M,"CFO, SVP",S - Sale,28.84,-1908,8505,-18%,-55019.0,1.0,4.0,5.0,10.0,NATI
1070,,2009-11-24 16:23:32,2009-11-23,NATI,Kodosky Jeffrey L,Dir,S - Sale,28.89,-8240,2974689,0%,-238048.0,0.0,1.0,3.0,11.0,NATI
1071,,2009-11-24 14:08:23,2009-11-23,NATI,Razdan Ash,Dir Corp Dev & Ofc of Pres,S - Sale,28.9,-1495,56173,-3%,-43206.0,0.0,0.0,3.0,10.0,NATI
1072,M,2009-11-20 19:47:49,2009-08-03,NATI,Davern Alexander M,"CFO, SVP",M - OptEx,19.99,731,10413,+8%,14613.0,2.0,0.0,3.0,11.0,NATI
1073,,2009-11-20 19:47:49,2009-11-20,NATI,Davern Alexander M,"CFO, SVP",S - Sale,28.25,-2044,10413,-16%,-57743.0,2.0,0.0,3.0,11.0,NATI
1074,DM,2009-11-19 16:23:54,2009-08-03,NATI,Finger Mark,VP,M - OptEx,20.86,3196,24529,+15%,66683.0,0.0,1.0,3.0,11.0,NATI
1075,D,2009-11-19 16:23:54,2009-11-17,NATI,Finger Mark,VP,S - Sale+OE,28.86,-2731,24529,-10%,-78815.0,0.0,1.0,3.0,11.0,NATI
1076,,2009-11-19 16:09:47,2009-11-02,NATI,Razdan Ash,Dir Corp Dev & Ofc of Pres,M - OptEx,21.43,109,57668,0%,2336.0,0.0,1.0,3.0,11.0,NATI
1077,,2009-11-19 16:09:47,2009-11-17,NATI,Razdan Ash,Dir Corp Dev & Ofc of Pres,S - Sale,28.9,-200,57668,0%,-5780.0,0.0,1.0,3.0,11.0,NATI
1078,,2009-11-18 16:04:42,2009-11-16,NATI,Kodosky Jeffrey L,Dir,S - Sale,28.39,-9000,2982929,0%,-255510.0,-1.0,0.0,1.0,10.0,NATI
1079,,2009-11-12 11:30:20,2009-11-10,NATI,Kodosky Jeffrey L,Dir,S - Sale,27.95,-6000,2991929,0%,-167700.0,-1.0,1.0,3.0,14.0,NATI
1080,,2009-11-12 11:24:54,2009-11-11,NATI,Daniels R Gary,Dir,S - Sale,28.21,-2000,240,-89%,-56428.0,-1.0,1.0,3.0,14.0,NATI
1081,,2009-11-09 20:26:15,2009-11-09,NATI,Kodosky Jeffrey L,Dir,S - Sale,27.5,-3000,2997929,0%,-82500.0,1.0,1.0,4.0,19.0,NATI
1082,,2009-11-03 12:46:16,2009-11-02,NATI,Kodosky Jeffrey L,Dir,S - Sale,26.65,-3000,3000929,0%,-79950.0,2.0,5.0,9.0,24.0,NATI
1083,,2009-10-30 16:01:50,2009-10-28,NATI,Kodosky Jeffrey L,Dir,S - Sale,28.01,-6000,3003929,0%,-168052.0,0.0,2.0,7.0,31.0,NATI
1084,,2009-10-28 14:45:22,2009-10-26,NATI,Kodosky Jeffrey L,Dir,S - Sale,26.95,-3000,3009929,0%,-80850.0,2.0,1.0,8.0,33.0,NATI
1085,,2009-10-19 20:42:10,2009-10-19,NATI,Kodosky Jeffrey L,Dir,S - Sale,27.7,-3000,3012929,0%,-83100.0,-1.0,-3.0,4.0,31.0,NATI
1086,,2009-10-13 12:39:52,2009-10-12,NATI,Kodosky Jeffrey L,Dir,S - Sale,27.97,-9000,3015929,0%,-251696.0,-1.0,-1.0,1.0,30.0,NATI
1087,,2009-10-06 19:12:51,2009-10-05,NATI,Kodosky Jeffrey L,Dir,S - Sale,26.76,-3000,3024929,0%,-80271.0,0.0,3.0,-1.0,30.0,NATI
1088,,2009-09-28 19:14:31,2009-09-28,NATI,Kodosky Jeffrey L,Dir,S - Sale,27.78,-9000,3027929,0%,-250050.0,-2.0,-4.0,-4.0,21.0,NATI
1089,,2009-09-22 15:06:06,2009-09-21,NATI,Kodosky Jeffrey L,Dir,S - Sale,28.3,-9000,3036929,0%,-254731.0,-1.0,-2.0,-3.0,19.0,NATI
1090,,2009-09-22 13:07:43,2009-09-18,NATI,Razdan Ash,Dir Corp Dev & Ofc of Pres,S - Sale,28.9,-598,57759,-1%,-17282.0,-1.0,-2.0,-3.0,19.0,NATI
1091,,2009-09-16 18:41:07,2009-09-15,NATI,Kodosky Jeffrey L,Dir,S - Sale,27.95,-6000,3045929,0%,-167700.0,0.0,-1.0,-1.0,21.0,NATI
1092,,2009-09-14 18:14:49,2009-09-14,NATI,Kodosky Jeffrey L,Dir,S - Sale,27.45,-3000,3051929,0%,-82350.0,2.0,4.0,2.0,23.0,NATI
1093,,2009-09-11 19:56:30,2009-08-03,NATI,Razdan Ash,Dir Corp Dev & Ofc of Pres,M - OptEx,18.73,310,58357,+1%,5808.0,1.0,4.0,2.0,25.0,NATI
1094,,2009-09-11 19:56:30,2009-09-10,NATI,Razdan Ash,Dir Corp Dev & Ofc of Pres,S - Sale,26.9,-2000,58357,-3%,-53800.0,1.0,4.0,2.0,25.0,NATI
1095,,2009-09-09 20:38:58,2009-09-08,NATI,Kodosky Jeffrey L,Dir,S - Sale,25.7,-3000,3054929,0%,-77100.0,1.0,5.0,2.0,26.0,NATI
1096,,2009-09-01 20:30:34,2009-08-31,NATI,Graff John,VP,S - Sale,25.44,-1537,48586,-3%,-39102.0,-1.0,2.0,9.0,29.0,NATI
1097,,2009-09-01 20:23:24,2009-08-31,NATI,Kodosky Jeffrey L,Dir,S - Sale,25.58,-3000,3057929,0%,-76735.0,-1.0,2.0,9.0,29.0,NATI
1098,,2009-08-25 21:14:47,2009-08-24,NATI,Zogas Peter,SVP,S - Sale,25.82,-2500,64538,-4%,-64549.0,-1.0,-2.0,6.0,22.0,NATI
1099,,2009-08-24 18:06:55,2009-08-24,NATI,Kodosky Jeffrey L,Dir,S - Sale,26.19,-3000,3060929,0%,-78580.0,1.0,1.0,7.0,21.0,NATI
1100,,2009-08-18 12:20:57,2009-08-17,NATI,Kodosky Jeffrey L,Dir,S - Sale,24.95,-3000,3063929,0%,-74850.0,1.0,5.0,14.0,28.0,NATI
1101,,2009-08-14 18:47:36,2009-08-14,NATI,Davern Alexander M,"CFO, SVP",S - Sale,25.0,-4000,11726,-25%,-100000.0,-1.0,1.0,10.0,24.0,NATI
1102,,2009-08-14 13:57:06,2009-08-12,NATI,Kodosky Jeffrey L,Dir,S - Sale,24.95,-3000,3066929,0%,-74850.0,0.0,1.0,9.0,24.0,NATI
1103,,2009-08-04 14:05:23,2009-08-03,NATI,Kodosky Jeffrey L,Dir,S - Sale,24.96,-3000,3069929,0%,-74873.0,0.0,-3.0,1.0,20.0,NATI
1104,,2009-07-28 16:04:46,2009-07-27,NATI,Kodosky Jeffrey L,Dir,S - Sale,25.55,-3000,3072929,0%,-76650.0,-1.0,-3.0,1.0,12.0,NATI
1105,,2009-07-24 20:17:10,2009-07-23,NATI,Kodosky Jeffrey L,Dir,S - Sale,24.95,-3000,3075929,0%,-74850.0,2.0,0.0,2.0,11.0,NATI
1106,,2009-06-18 18:06:18,2009-06-17,NATI,Daniels R Gary,Dir,S - Sale,22.84,-1000,2240,-31%,-22840.0,0.0,-2.0,4.0,31.0,NATI
1107,,2009-05-29 15:20:04,2009-05-28,NATI,Finger Mark,VP,S - Sale,20.74,-1500,24064,-6%,-31115.0,2.0,12.0,10.0,39.0,NATI
1108,,2009-05-28 18:50:59,2009-05-27,NATI,Graff John,VP,S - Sale,20.81,-2000,50123,-4%,-41620.0,2.0,9.0,7.0,40.0,NATI
1109,,2009-05-27 13:54:07,2009-05-26,NATI,Graff John,VP,S - Sale,20.52,-5073,52123,-9%,-104117.0,-2.0,10.0,6.0,36.0,NATI
1110,,2009-05-26 17:59:01,2009-05-22,NATI,Graff John,VP,S - Sale,20.4,-100,57196,0%,-2040.0,-2.0,8.0,6.0,37.0,NATI
1111,,2009-05-20 19:58:10,2009-05-20,NATI,Graff John,VP,S - Sale,21.42,-7827,57296,-12%,-167654.0,-2.0,-2.0,8.0,37.0,NATI
1112,,2009-05-15 15:55:46,2009-05-13,NATI,Zogas Peter,SVP,S - Sale,20.77,-7300,67038,-10%,-151611.0,-4.0,0.0,11.0,37.0,NATI
1113,DM,2009-05-05 17:22:04,2009-02-02,NATI,Razdan Ash,Dir Corp Dev & Ofc of Pres,M - OptEx,5.11,2350,60047,+4%,12008.0,0.0,-1.0,3.0,22.0,NATI
1114,D,2009-05-05 17:22:04,2009-05-04,NATI,Razdan Ash,Dir Corp Dev & Ofc of Pres,S - Sale+OE,22.07,-3614,60047,-6%,-79750.0,0.0,-1.0,3.0,22.0,NATI
1115,DM,2009-05-05 16:44:32,2009-02-02,NATI,Porterfield Robert,VP,M - OptEx,2.2,5772,85323,+7%,12720.0,0.0,-1.0,3.0,22.0,NATI
1116,DM,2009-05-05 15:17:50,2009-02-02,NATI,Finger Mark,VP,M - OptEx,3.04,3624,25564,+17%,11004.0,-1.0,-2.0,3.0,22.0,NATI
1117,D,2009-05-04 21:54:56,2009-05-01,NATI,Hugley David,"VP, GC",M - OptEx,0.0,3021,17194,+21%,0.0,-1.0,-1.0,5.0,26.0,NATI
1118,DM,2009-05-04 21:43:31,2009-02-02,NATI,Graff John,VP,M - OptEx,3.25,3824,65123,+6%,12446.0,-1.0,-1.0,5.0,26.0,NATI
1119,D,2009-05-04 21:28:01,2009-05-01,NATI,Zogas Peter,SVP,M - OptEx,0.0,6044,74338,+9%,0.0,-1.0,-1.0,5.0,26.0,NATI
1120,D,2009-05-04 21:17:23,2009-05-01,NATI,Davern Alexander M,"CFO, SVP",M - OptEx,0.0,6044,15726,+62%,0.0,-1.0,-1.0,5.0,26.0,NATI
1121,D,2009-05-04 21:03:05,2009-05-01,NATI,Almgren Ray,VP,M - OptEx,0.0,3021,39007,+8%,0.0,-1.0,-1.0,5.0,26.0,NATI
1122,D,2009-05-04 20:31:07,2009-05-01,NATI,Roesslein Charles J,Dir,M - OptEx,0.0,5001,17506,+40%,0.0,-1.0,-1.0,5.0,26.0,NATI
1123,D,2009-05-04 20:20:21,2009-05-01,NATI,Le Duy Loan T,Dir,M - OptEx,0.0,5001,15003,+50%,0.0,-1.0,-1.0,5.0,26.0,NATI
1124,D,2009-05-04 20:10:44,2009-05-01,NATI,Daniels R Gary,Dir,M - OptEx,0.0,5001,3240,-284%,0.0,-1.0,-1.0,5.0,26.0,NATI
1125,D,2009-05-04 20:10:44,2009-05-01,NATI,Daniels R Gary,Dir,S - Sale+OE,21.79,-4251,3240,-57%,-92608.0,-1.0,-1.0,5.0,26.0,NATI
1126,D,2009-05-04 19:54:30,2009-05-01,NATI,Carlton Donald M,Dir,M - OptEx,0.0,5001,20926,+31%,0.0,-1.0,-1.0,5.0,26.0,NATI
1127,D,2009-05-04 19:18:46,2009-05-01,NATI,Streetman Ben Garland,Dir,M - OptEx,0.0,5001,11689,+75%,0.0,-1.0,-1.0,5.0,26.0,NATI
1128,D,2009-05-04 18:47:43,2009-05-01,NATI,Medica John K,Dir,M - OptEx,0.0,3334,3334,New,0.0,-1.0,-1.0,5.0,26.0,NATI
1129,D,2009-05-04 16:59:35,2009-04-30,NATI,Streetman Ben Garland,Dir,M - OptEx,15.21,9000,6688,-389%,136875.0,-1.0,-1.0,5.0,26.0,NATI
1130,D,2009-05-04 16:59:35,2009-04-30,NATI,Streetman Ben Garland,Dir,S - Sale+OE,21.66,-9000,6688,-57%,-194940.0,-1.0,-1.0,5.0,26.0,NATI
1131,D,2009-03-17 18:33:27,2009-03-16,NATI,Davern Alexander M,"CFO, SVP",M - OptEx,12.22,8912,9682,>999%,108924.0,3.0,9.0,17.0,61.0,NATI
1132,D,2009-03-09 12:25:52,2009-03-04,NATI,Graff John,VP,M - OptEx,12.22,2184,61299,+4%,26693.0,2.0,2.0,19.0,55.0,NATI
1133,D,2009-03-02 16:00:03,2009-02-27,NATI,Zogas Peter,SVP,M - OptEx,12.22,9000,68294,+15%,110000.0,3.0,0.0,12.0,59.0,NATI
1134,D,2009-03-02 16:00:03,2009-02-27,NATI,Zogas Peter,SVP,S - Sale+OE,17.43,-9000,68294,-12%,-156889.0,3.0,0.0,12.0,59.0,NATI
1135,,2009-02-09 17:06:27,2009-02-06,NATI,Davern Alexander M,"CFO, SVP",S - Sale,21.0,-3116,770,-80%,-65436.0,-4.0,-3.0,-20.0,19.0,NATI
1136,D,2009-02-06 16:46:10,2009-02-04,NATI,Davern Alexander M,"CFO, SVP",M - OptEx,12.22,9866,3886,-165%,120584.0,-1.0,-4.0,-25.0,17.0,NATI
1137,D,2009-02-06 16:46:10,2009-02-04,NATI,Davern Alexander M,"CFO, SVP",S - Sale+OE,20.78,-9866,3886,-72%,-205023.0,-1.0,-4.0,-25.0,17.0,NATI
1138,,2009-01-23 18:18:49,2008-10-06,NATI,Kodosky Jeffrey L,Dir,G - Gift,0.0,-50000,1724781,-3%,-0.0,0.0,2.0,-16.0,20.0,NATI
1139,D,2009-01-13 16:36:48,2009-01-09,NATI,Dehne Timothy R,SVP,M - OptEx,21.04,1703,35868,+5%,35834.0,-2.0,0.0,-5.0,5.0,NATI
1140,D,2009-01-13 16:36:48,2009-01-09,NATI,Dehne Timothy R,SVP,S - Sale+OE,21.8,-1703,35868,-5%,-37129.0,-2.0,0.0,-5.0,5.0,NATI
1141,D,2009-01-06 15:25:51,2009-01-02,NATI,Dehne Timothy R,SVP,M - OptEx,21.04,11580,35868,+48%,243663.0,-1.0,-4.0,-7.0,-1.0,NATI
1142,D,2009-01-06 15:25:51,2009-01-02,NATI,Dehne Timothy R,SVP,S - Sale+OE,23.4,-11580,35868,-24%,-270929.0,-1.0,-4.0,-7.0,-1.0,NATI
1143,,2008-12-23 21:03:56,2008-12-23,NATI,Dehne Timothy R,SVP,S - Sale,24.77,-8307,35868,-19%,-205764.0,0.0,0.0,-11.0,-6.0,NATI
1144,,2008-12-23 20:09:13,2008-08-01,NATI,Zogas Peter,SVP,M - OptEx,25.01,260,68294,0%,6502.0,0.0,0.0,-11.0,-6.0,NATI
1145,,2008-12-23 19:46:56,2008-08-01,NATI,Hugley David,"VP, GC",M - OptEx,25.01,73,14173,+1%,1826.0,0.0,0.0,-11.0,-6.0,NATI
1146,,2008-12-23 19:06:24,2008-08-01,NATI,Almgren Ray,VP,M - OptEx,25.01,214,35968,+1%,5351.0,0.0,0.0,-11.0,-6.0,NATI
1147,,2008-12-23 18:46:14,2008-11-03,NATI,Graff John,VP,M - OptEx,21.59,42,59115,0%,907.0,0.0,0.0,-11.0,-6.0,NATI
1148,M,2008-12-23 18:37:02,2008-08-01,NATI,Razdan Ash,Dir Corp Dev & Ofc of Pres,M - OptEx,23.35,453,61311,+1%,10576.0,0.0,0.0,-11.0,-6.0,NATI
1149,,2008-12-23 18:33:28,2008-11-03,NATI,Porterfield Robert,VP,M - OptEx,21.59,171,38400,0%,3692.0,0.0,0.0,-11.0,-6.0,NATI
1150,,2008-12-23 18:29:55,2008-11-03,NATI,Finger Mark,VP,M - OptEx,21.59,125,21940,+1%,2699.0,0.0,0.0,-11.0,-6.0,NATI
1151,M,2008-12-22 12:34:44,2008-12-18,NATI,Dehne Timothy R,SVP,S - Sale,24.41,-7000,44175,-14%,-170870.0,-1.0,-2.0,-13.0,-8.0,NATI
1152,,2008-12-18 15:17:29,2008-12-16,NATI,Dehne Timothy R,SVP,S - Sale,23.66,-10655,51175,-17%,-252065.0,-2.0,-1.0,-12.0,-5.0,NATI
1153,DM,2008-11-26 16:04:39,2008-11-03,NATI,Dehne Timothy R,SVP,M - OptEx,20.15,8344,61830,+16%,168125.0,0.0,-8.0,-1.0,-11.0,NATI
1154,D,2008-11-26 16:04:39,2008-11-24,NATI,Dehne Timothy R,SVP,S - Sale+OE,23.06,-8178,61830,-12%,-188619.0,0.0,-8.0,-1.0,-11.0,NATI
1155,,2008-11-04 17:47:44,2008-11-03,NATI,Kodosky Jeffrey L,Dir,S - Sale,25.45,-2200,3128929,0%,-55990.0,-4.0,-11.0,-14.0,-14.0,NATI
1156,,2008-10-31 16:16:10,2008-10-30,NATI,Kodosky Jeffrey L,Dir,S - Sale,24.95,-2200,3131129,0%,-54890.0,-1.0,-9.0,-12.0,-12.0,NATI
1157,,2008-10-21 16:31:01,2008-10-20,NATI,Kodosky Jeffrey L,Dir,S - Sale,25.95,-2200,3133329,0%,-57090.0,-5.0,-16.0,-13.0,-15.0,NATI
1158,,2008-10-15 12:33:40,2008-10-13,NATI,Kodosky Jeffrey L,Dir,S - Sale,25.05,-2200,3135529,0%,-55110.0,-8.0,-1.0,-15.0,-17.0,NATI
1159,,2008-10-07 13:17:16,2008-10-06,NATI,Kodosky Jeffrey L,Dir,S - Sale,25.15,-2200,3137729,0%,-55330.0,-5.0,5.0,2.0,-25.0,NATI
1160,,2008-09-30 16:06:24,2008-09-29,NATI,Kodosky Jeffrey L,Dir,S - Sale,30.45,-6600,3139929,0%,-200970.0,-5.0,-15.0,-20.0,-37.0,NATI
1161,,2008-09-24 12:07:32,2008-09-22,NATI,Truchard James J,"Pres, 10%",S - Sale,32.77,-10500,16837916,0%,-344090.0,0.0,-6.0,-24.0,-39.0,NATI
1162,,2008-09-24 12:06:28,2008-09-22,NATI,Kodosky Jeffrey L,Dir,S - Sale,33.0,-13200,3146529,0%,-435663.0,0.0,-6.0,-24.0,-39.0,NATI
1163,,2008-09-19 14:34:42,2008-09-19,NATI,Kodosky Jeffrey L,Dir,S - Sale,32.95,-2274,3159729,0%,-74928.0,4.0,-2.0,-23.0,-44.0,NATI
1164,,2008-09-18 13:50:39,2008-09-16,NATI,Kodosky Jeffrey L,Dir,S - Sale,32.95,-4326,3162003,0%,-142542.0,1.0,-2.0,-24.0,-42.0,NATI
1165,,2008-09-15 18:52:06,2008-09-15,NATI,Truchard James J,"Pres, 10%",S - Sale,30.85,-10500,16848416,0%,-323925.0,5.0,8.0,-15.0,-46.0,NATI
1166,,2008-09-15 18:48:38,2008-09-15,NATI,Kodosky Jeffrey L,Dir,S - Sale,31.55,-6600,3166329,0%,-208230.0,5.0,8.0,-15.0,-46.0,NATI
1167,,2008-09-09 19:16:48,2008-09-08,NATI,Kodosky Jeffrey L,Dir,S - Sale,31.11,-6600,3172929,0%,-205297.0,-1.0,2.0,-22.0,-44.0,NATI
1168,,2008-09-09 19:02:27,2008-09-08,NATI,Truchard James J,"Pres, 10%",S - Sale,31.05,-10500,16858916,0%,-326025.0,-1.0,2.0,-22.0,-44.0,NATI
1169,,2008-09-03 17:46:36,2008-09-02,NATI,Kodosky Jeffrey L,Dir,S - Sale,32.53,-13200,3179529,0%,-429349.0,-3.0,-4.0,-10.0,-45.0,NATI
1170,,2008-09-03 13:00:04,2008-09-02,NATI,Truchard James J,"Pres, 10%",S - Sale,31.82,-10500,16869416,0%,-334139.0,1.0,-3.0,-10.0,-45.0,NATI
1171,,2008-08-26 17:49:34,2008-08-25,NATI,Kodosky Jeffrey L,Dir,S - Sale,32.08,-6600,3192729,0%,-211750.0,2.0,-1.0,-1.0,-44.0,NATI
1172,,2008-08-26 17:02:45,2008-08-01,NATI,Finger Mark,VP,M - OptEx,25.01,220,21815,+1%,5502.0,2.0,-1.0,-1.0,-44.0,NATI
1173,,2008-08-26 17:02:45,2008-08-25,NATI,Finger Mark,VP,S - Sale,32.13,-1500,21815,-6%,-48202.0,2.0,-1.0,-1.0,-44.0,NATI
1174,,2008-08-26 16:59:41,2008-08-25,NATI,Truchard James J,"Pres, 10%",S - Sale,32.0,-10500,16879916,0%,-336000.0,2.0,-1.0,-1.0,-44.0,NATI
1175,,2008-08-19 17:33:46,2008-08-18,NATI,Truchard James J,"Pres, 10%",S - Sale,32.65,-10500,16890416,0%,-342825.0,-1.0,-2.0,-1.0,-41.0,NATI
1176,,2008-08-19 17:30:44,2008-08-18,NATI,Kodosky Jeffrey L,Dir,S - Sale,32.9,-13200,3199329,0%,-434293.0,-1.0,-2.0,-1.0,-41.0,NATI
1177,,2008-08-19 17:27:53,2008-08-18,NATI,Daniels R Gary,Dir,S - Sale,32.64,-500,2490,-17%,-16320.0,-1.0,-2.0,-1.0,-41.0,NATI
1178,,2008-08-12 16:16:38,2008-08-11,NATI,Daniels R Gary,Dir,S - Sale,34.7,-1164,2990,-28%,-40391.0,-3.0,-6.0,-13.0,-43.0,NATI
1179,,2008-08-12 16:09:35,2008-08-11,NATI,Truchard James J,"Pres, 10%",S - Sale,34.35,-10500,16900916,0%,-360675.0,-3.0,-6.0,-13.0,-43.0,NATI
1180,,2008-08-12 15:49:40,2008-08-11,NATI,Kodosky Jeffrey L,Dir,S - Sale,34.17,-13200,3212529,0%,-451000.0,2.0,-4.0,-11.0,-41.0,NATI
1181,DM,2008-08-12 11:36:47,2008-08-01,NATI,Porterfield Robert,VP,M - OptEx,13.11,7251,76458,+10%,95028.0,2.0,-4.0,-11.0,-41.0,NATI
1182,D,2008-08-12 11:36:47,2008-08-08,NATI,Porterfield Robert,VP,S - Sale+OE,35.15,-6750,76458,-8%,-237285.0,2.0,-4.0,-11.0,-41.0,NATI
1183,DM,2008-08-11 18:04:47,2008-08-01,NATI,Graff John,VP,M - OptEx,12.84,5191,59073,+10%,66642.0,2.0,-2.0,-10.0,-37.0,NATI
1184,D,2008-08-11 18:04:47,2008-08-08,NATI,Graff John,VP,S - Sale+OE,35.0,-4941,59073,-8%,-172935.0,2.0,-2.0,-10.0,-37.0,NATI
1185,DM,2008-08-11 16:37:34,2008-08-01,NATI,Davern Alexander M,"CFO, SVP",M - OptEx,12.44,10177,3886,-162%,126648.0,2.0,-2.0,-10.0,-37.0,NATI
1186,D,2008-08-11 16:37:34,2008-08-08,NATI,Davern Alexander M,"CFO, SVP",S - Sale+OE,35.0,-10000,3886,-72%,-350000.0,2.0,-2.0,-10.0,-37.0,NATI
1187,,2008-08-08 17:26:51,2008-08-01,NATI,Dehne Timothy R,SVP,M - OptEx,25.01,141,61664,0%,3526.0,-3.0,-4.0,-13.0,-41.0,NATI
1188,,2008-08-08 17:26:51,2008-08-08,NATI,Dehne Timothy R,SVP,S - Sale,35.0,-3375,61664,-5%,-118129.0,-3.0,-4.0,-13.0,-41.0,NATI
1189,D,2008-08-07 13:29:42,2008-08-06,NATI,Carlton Donald M,Dir,M - OptEx,15.21,9000,15925,+130%,136875.0,0.0,0.0,-10.0,-38.0,NATI
1190,D,2008-08-07 13:29:42,2008-08-06,NATI,Carlton Donald M,Dir,S - Sale+OE,34.15,-9000,15925,-36%,-307345.0,0.0,0.0,-10.0,-38.0,NATI
1191,,2008-08-05 17:35:59,2008-08-04,NATI,Kodosky Jeffrey L,Dir,S - Sale,33.15,-13200,3225729,0%,-437628.0,1.0,2.0,-5.0,-38.0,NATI
1192,,2008-08-04 17:48:41,2008-08-04,NATI,Truchard James J,"Pres, 10%",S - Sale,33.25,-10500,16911416,0%,-349125.0,1.0,7.0,-4.0,-36.0,NATI
1193,,2008-08-04 17:07:43,2008-08-01,NATI,Daniels R Gary,Dir,S - Sale,33.66,-1467,4154,-26%,-49373.0,1.0,7.0,-4.0,-36.0,NATI
1194,D,2008-08-04 15:20:46,2008-08-01,NATI,Hugley David,"VP, GC",M - OptEx,12.22,4475,14100,+46%,54694.0,1.0,8.0,-3.0,-36.0,NATI
1195,D,2008-08-04 15:20:46,2008-08-01,NATI,Hugley David,"VP, GC",S - Sale+OE,33.51,-4475,14100,-24%,-149977.0,1.0,8.0,-3.0,-36.0,NATI
1196,,2008-08-01 19:33:03,2008-07-30,NATI,Kodosky Jeffrey L,Dir,S - Sale,33.84,-6600,3238929,0%,-223345.0,1.0,4.0,-2.0,-34.0,NATI
1197,M,2008-07-31 17:33:13,2008-07-29,NATI,Truchard James J,"Pres, 10%",S - Sale,31.79,-52500,16921916,0%,-1669157.0,-3.0,0.0,-3.0,-36.0,NATI
1198,,2008-07-28 19:22:52,2008-07-28,NATI,Kodosky Jeffrey L,Dir,S - Sale,28.48,-6600,3245529,0%,-187976.0,1.0,16.0,13.0,-25.0,NATI
1199,,2008-07-22 18:23:01,2008-07-21,NATI,Kodosky Jeffrey L,Dir,S - Sale,27.98,-6600,3252129,0%,-184690.0,2.0,2.0,18.0,-22.0,NATI
1200,,2008-07-17 12:38:54,2008-07-17,NATI,Kodosky Jeffrey L,Dir,S - Sale,27.97,-4400,3258729,0%,-123068.0,1.0,2.0,23.0,-24.0,NATI
1201,,2008-07-16 15:21:00,2008-07-14,NATI,Kodosky Jeffrey L,Dir,S - Sale,26.7,-2200,3263129,0%,-58740.0,4.0,5.0,28.0,-19.0,NATI
1202,,2008-07-07 17:59:26,2008-07-07,NATI,Kodosky Jeffrey L,Dir,S - Sale,27.15,-2200,3265329,0%,-59730.0,0.0,-1.0,22.0,-12.0,NATI
1203,,2008-06-30 17:29:37,2008-06-30,NATI,Kodosky Jeffrey L,Dir,S - Sale,28.48,-6600,3267529,0%,-187991.0,0.0,-4.0,1.0,-15.0,NATI
1204,,2008-06-24 13:31:43,2008-06-23,NATI,Kodosky Jeffrey L,Dir,S - Sale,30.37,-6600,3274129,0%,-200425.0,-2.0,-6.0,-7.0,-19.0,NATI
1205,,2008-06-24 12:10:16,2008-06-23,NATI,Truchard James J,"Pres, 10%",S - Sale,30.55,-10500,16974416,0%,-320732.0,-2.0,-6.0,-7.0,-19.0,NATI
1206,,2008-06-17 17:28:59,2008-06-16,NATI,Kodosky Jeffrey L,Dir,S - Sale,31.27,-6600,3280729,0%,-206360.0,-2.0,-4.0,-12.0,-27.0,NATI
1207,,2008-06-17 13:19:32,2008-06-16,NATI,Truchard James J,"Pres, 10%",S - Sale,31.03,-10500,16984916,0%,-325763.0,0.0,-4.0,-12.0,-27.0,NATI
1208,A,2008-06-11 17:23:50,2008-06-02,NATI,Kodosky Jeffrey L,Dir,S - Sale,31.54,-1000,962391,0%,-31544.0,0.0,4.0,-11.0,-24.0,NATI
1209,,2008-06-11 15:18:53,2008-06-09,NATI,Kodosky Jeffrey L,Dir,S - Sale,31.33,-6600,3287329,0%,-206800.0,-2.0,2.0,-13.0,-27.0,NATI
1210,,2008-06-10 16:37:53,2008-06-09,NATI,Truchard James J,"Pres, 10%",S - Sale,31.31,-10500,16995416,0%,-328709.0,-2.0,1.0,-13.0,-29.0,NATI
1211,,2008-06-03 18:42:37,2008-06-02,NATI,Truchard James J,"Pres, 10%",S - Sale,30.5,-10500,17005916,0%,-320250.0,0.0,-2.0,-12.0,-25.0,NATI
1212,,2008-06-03 18:17:12,2008-06-02,NATI,Kodosky Jeffrey L,Dir,P - Purchase,31.54,1000,3293929,0%,31544.0,0.0,-2.0,-12.0,-25.0,NATI
1213,,2008-06-03 18:17:12,2008-06-02,NATI,Kodosky Jeffrey L,Dir,S - Sale,31.59,-5600,3293929,0%,-176893.0,0.0,-2.0,-12.0,-25.0,NATI
1214,D,2008-06-02 12:32:41,2008-05-29,NATI,Dehne Timothy R,SVP,M - OptEx,12.22,3638,64898,+6%,44464.0,0.0,1.0,-11.0,-24.0,NATI
1215,D,2008-06-02 12:32:41,2008-05-29,NATI,Dehne Timothy R,SVP,S - Sale+OE,31.85,-3638,64898,-5%,-115875.0,0.0,1.0,-11.0,-24.0,NATI
1216,,2008-05-28 12:29:35,2008-05-27,NATI,Kodosky Jeffrey L,Dir,S - Sale,31.82,-6600,3300529,0%,-209981.0,-3.0,-1.0,-9.0,-31.0,NATI
1217,,2008-05-27 17:17:12,2008-05-27,NATI,Truchard James J,"Pres, 10%",S - Sale,31.65,-10500,17016416,0%,-332325.0,-3.0,-2.0,-9.0,-37.0,NATI
1218,,2008-05-27 16:33:15,2008-05-23,NATI,Almgren Ray,VP,S - Sale,31.19,-5655,35754,-14%,-176352.0,-3.0,-2.0,-9.0,-37.0,NATI
1219,,2008-05-21 17:07:24,2008-05-20,NATI,Davern Alexander M,"CFO, SVP",S - Sale,31.4,-2000,3709,-35%,-62800.0,1.0,0.0,-1.0,-32.0,NATI
1220,,2008-05-21 16:55:52,2008-05-06,NATI,Davern Alexander M,"CFO, SVP",S - Sale,29.5,-1051,5709,-16%,-31005.0,1.0,0.0,-1.0,-32.0,NATI
1221,,2008-05-20 18:22:37,2008-05-19,NATI,Kodosky Jeffrey L,Dir,S - Sale,30.92,-6600,3307129,0%,-204050.0,0.0,3.0,-2.0,-30.0,NATI
1222,,2008-05-20 17:36:31,2008-05-19,NATI,Truchard James J,"Pres, 10%",S - Sale,30.6,-10500,17026916,0%,-321300.0,0.0,3.0,-2.0,-30.0,NATI
1223,,2008-05-16 12:41:58,2008-05-14,NATI,Daniels R Gary,Dir,S - Sale,30.68,-1620,5621,-22%,-49702.0,-1.0,3.0,2.0,-28.0,NATI
1224,M,2008-05-15 17:16:03,2008-05-14,NATI,Truchard James J,"Pres, 10%",S - Sale,30.77,-168000,17037416,-1%,-5168839.0,-1.0,2.0,0.0,-26.0,NATI
1225,D,2008-05-15 16:37:29,2008-05-13,NATI,Almgren Ray,VP,M - OptEx,12.22,5525,41409,+15%,67528.0,-1.0,2.0,0.0,-26.0,NATI
1226,D,2008-05-15 16:37:29,2008-05-13,NATI,Almgren Ray,VP,S - Sale+OE,29.69,-5525,41409,-12%,-164051.0,-1.0,2.0,0.0,-26.0,NATI
1227,,2008-05-15 15:43:26,2008-05-13,NATI,Zogas Peter,SVP,S - Sale,29.78,-10500,68034,-13%,-312699.0,2.0,4.0,2.0,-24.0,NATI
1228,,2008-05-14 15:42:16,2008-05-12,NATI,Kodosky Jeffrey L,Dir,S - Sale,29.73,-6600,3313729,0%,-196240.0,0.0,3.0,1.0,-24.0,NATI
1229,D,2008-05-06 15:40:40,2008-05-02,NATI,Dehne Timothy R,VP,M - OptEx,12.22,3637,64898,+6%,44452.0,0.0,2.0,10.0,-13.0,NATI
1230,D,2008-05-06 15:40:40,2008-05-02,NATI,Dehne Timothy R,VP,S - Sale+OE,29.31,-3637,64898,-5%,-106592.0,0.0,2.0,10.0,-13.0,NATI
1231,,2008-05-05 18:36:14,2008-05-05,NATI,Kodosky Jeffrey L,Dir,S - Sale,29.38,-6600,3320329,0%,-193930.0,0.0,2.0,10.0,-13.0,NATI
1232,,2008-05-05 17:32:13,2008-05-05,NATI,Daniels R Gary,Dir,S - Sale,29.36,-1667,7241,-19%,-48948.0,0.0,2.0,10.0,-13.0,NATI
1233,,2008-05-05 16:39:24,2008-02-01,NATI,Zogas Peter,SVP,M - OptEx,22.83,291,78534,0%,6644.0,0.0,2.0,10.0,-13.0,NATI
1234,,2008-05-05 16:30:39,2008-02-01,NATI,Razdan Ash,Dir Corp Dev & Ofc of Pres,M - OptEx,22.83,255,60858,0%,5822.0,0.0,2.0,10.0,-13.0,NATI
1235,,2008-05-05 16:23:55,2008-02-01,NATI,Porterfield Robert,VP,M - OptEx,22.83,566,75185,+1%,12922.0,0.0,2.0,10.0,-13.0,NATI
1236,,2008-05-05 16:00:52,2008-02-01,NATI,Hugley David,"VP, GC",M - OptEx,22.83,385,14100,+3%,8790.0,0.0,2.0,10.0,-13.0,NATI
1237,,2008-05-05 15:28:24,2008-02-01,NATI,Finger Mark,VP,M - OptEx,22.83,240,23095,+1%,5479.0,0.0,2.0,10.0,-13.0,NATI
1238,DM,2008-05-05 14:03:34,2008-02-01,NATI,Dehne Timothy R,SVP,M - OptEx,1.3,5424,64898,+9%,7032.0,0.0,2.0,10.0,-13.0,NATI
1239,DM,2008-05-05 13:32:48,2008-02-01,NATI,Davern Alexander M,"CFO, SVP",M - OptEx,2.63,5783,6760,+592%,15228.0,0.0,2.0,10.0,-13.0,NATI
1240,D,2008-05-05 12:02:08,2008-05-01,NATI,Porterfield Robert,VP,M - OptEx,2.78,4662,70229,+7%,12945.0,0.0,2.0,10.0,-13.0,NATI
1241,D,2008-05-02 20:30:41,2008-05-01,NATI,Razdan Ash,Dir Corp Dev & Ofc of Pres,M - OptEx,3.49,1662,60603,+3%,5799.0,-1.0,1.0,8.0,-18.0,NATI
1242,D,2008-05-02 20:08:07,2008-05-01,NATI,Zogas Peter,SVP,M - OptEx,1.24,5410,78243,+7%,6712.0,-1.0,1.0,8.0,-18.0,NATI
1243,D,2008-05-02 19:43:18,2008-05-01,NATI,Hugley David,"VP, GC",M - OptEx,2.99,2945,13715,+27%,8813.0,-1.0,1.0,8.0,-18.0,NATI
1244,D,2008-05-02 19:04:39,2008-05-01,NATI,Graff John,VP,M - OptEx,2.21,2833,58823,+5%,6256.0,-1.0,1.0,8.0,-18.0,NATI
1245,D,2008-05-02 18:36:49,2008-05-01,NATI,Finger Mark,VP,M - OptEx,1.97,2800,22855,+14%,5502.0,-1.0,1.0,8.0,-18.0,NATI
1246,D,2008-05-02 18:10:31,2008-05-01,NATI,Almgren Ray,VP,M - OptEx,2.5,2874,41409,+7%,7192.0,-1.0,1.0,8.0,-18.0,NATI
1247,D,2008-05-02 16:52:41,2008-05-01,NATI,Carlton Donald M,Dir,M - OptEx,0.0,5001,15925,+46%,0.0,-1.0,1.0,8.0,-18.0,NATI
1248,D,2008-05-02 16:34:36,2008-05-01,NATI,Roesslein Charles J,Dir,M - OptEx,0.0,5001,12505,+67%,0.0,-1.0,1.0,8.0,-18.0,NATI
1249,D,2008-05-02 16:12:59,2008-05-01,NATI,Streetman Ben Garland,Dir,M - OptEx,0.0,5001,6688,+296%,0.0,-1.0,1.0,8.0,-18.0,NATI
1250,D,2008-05-02 15:52:59,2008-05-01,NATI,Daniels R Gary,Dir,M - OptEx,0.0,5001,8908,+128%,0.0,-2.0,-1.0,6.0,-20.0,NATI
1251,D,2008-05-02 13:40:28,2008-05-01,NATI,Le Duy Loan T,Dir,M - OptEx,0.0,5001,10002,+100%,0.0,-2.0,-1.0,6.0,-20.0,NATI
1252,,2008-04-30 12:58:11,2008-04-28,NATI,Kodosky Jeffrey L,Dir,S - Sale,28.25,-6600,3326929,0%,-186435.0,3.0,3.0,12.0,-25.0,NATI
1253,M,2008-04-23 17:27:16,2008-04-21,NATI,Kodosky Jeffrey L,Dir,S - Sale,27.77,-6600,3333529,0%,-183291.0,1.0,2.0,13.0,-4.0,NATI
1254,,2008-04-15 18:12:25,2008-04-14,NATI,Kodosky Jeffrey L,Dir,S - Sale,27.05,-2200,3340129,0%,-59520.0,1.0,1.0,13.0,-10.0,NATI
1255,,2008-04-08 12:10:55,2008-04-07,NATI,Kodosky Jeffrey L,Dir,S - Sale,27.85,-2200,3342329,0%,-61273.0,0.0,-1.0,7.0,-1.0,NATI
1256,,2008-03-31 17:54:31,2008-03-31,NATI,Kodosky Jeffrey L,Dir,S - Sale,26.16,-2200,3344529,0%,-57547.0,1.0,6.0,9.0,23.0,NATI
1257,,2008-03-25 15:41:48,2008-03-24,NATI,Kodosky Jeffrey L,Dir,S - Sale,25.95,-2200,3346729,0%,-57090.0,1.0,0.0,4.0,30.0,NATI
1258,,2008-03-18 16:28:02,2008-03-17,NATI,Kodosky Jeffrey L,Dir,S - Sale,25.0,-2200,3348929,0%,-55008.0,-1.0,3.0,7.0,24.0,NATI
1259,D,2008-03-18 16:01:37,2008-03-14,NATI,Zogas Peter,SVP,M - OptEx,15.31,25875,72833,+55%,396030.0,-1.0,3.0,7.0,24.0,NATI
1260,,2008-03-12 12:33:38,2008-03-10,NATI,Kodosky Jeffrey L,Dir,S - Sale,25.45,-2200,3351129,0%,-55990.0,0.0,0.0,7.0,21.0,NATI
1261,,2008-03-04 17:41:49,2008-03-03,NATI,Kodosky Jeffrey L,Dir,S - Sale,25.41,-2200,3353329,0%,-55892.0,2.0,0.0,7.0,28.0,NATI
1262,D,2008-03-03 18:33:48,2008-02-28,NATI,Finger Mark,VP,M - OptEx,12.22,4500,20055,+29%,55000.0,-1.0,0.0,4.0,30.0,NATI
1263,D,2008-03-03 18:33:48,2008-02-28,NATI,Finger Mark,VP,S - Sale+OE,26.52,-4500,20055,-18%,-119353.0,-1.0,0.0,4.0,30.0,NATI
1264,A,2008-02-27 20:16:41,2008-02-19,NATI,Kodosky Jeffrey L,Dir,S - Sale,26.7,-1000,991390,0%,-26700.0,-2.0,-6.0,-2.0,21.0,NATI
1265,,2008-02-27 13:18:58,2008-02-25,NATI,Kodosky Jeffrey L,Dir,S - Sale,26.7,-2200,3355529,0%,-58740.0,1.0,-5.0,-1.0,22.0,NATI
1266,,2008-02-21 18:02:53,2008-02-19,NATI,Kodosky Jeffrey L,Dir,S - Sale,26.7,-2200,3357730,0%,-58740.0,0.0,1.0,-3.0,24.0,NATI
1267,A,2008-02-20 18:42:49,2007-06-11,NATI,Kodosky Jeffrey L,Dir,S - Sale,30.95,-4400,3687729,0%,-136180.0,0.0,1.0,-4.0,26.0,NATI
1268,D,2008-02-15 20:44:12,2008-02-13,NATI,Porterfield Robert,VP,M - OptEx,15.31,13950,32500,+75%,213512.0,-2.0,-2.0,-8.0,26.0,NATI
1269,,2008-02-13 15:33:41,2008-02-11,NATI,Kodosky Jeffrey L,Dir,S - Sale,26.3,-2200,3362129,0%,-57860.0,4.0,-1.0,-3.0,32.0,NATI
1270,DM,2008-02-12 13:54:03,2008-02-01,NATI,Graff John,VP,M - OptEx,15.56,8100,55990,+17%,126029.0,2.0,1.0,-2.0,32.0,NATI
1271,,2008-02-06 16:35:59,2008-02-04,NATI,Kodosky Jeffrey L,Dir,S - Sale,27.04,-2200,3364329,0%,-59483.0,-1.0,0.0,-5.0,26.0,NATI
1272,,2008-02-05 13:19:28,2008-02-01,NATI,Almgren Ray,VP,M - OptEx,22.83,315,38535,+1%,7192.0,-1.0,-3.0,-5.0,24.0,NATI
1273,,2008-01-30 11:35:27,2008-01-28,NATI,Kodosky Jeffrey L,Dir,S - Sale,28.25,-6600,3366529,0%,-186450.0,-9.0,-7.0,-9.0,0.0,NATI
1274,M,2008-01-23 17:51:41,2008-01-22,NATI,Kodosky Jeffrey L,Dir,S - Sale,28.09,-6600,3373129,0%,-185423.0,1.0,4.0,-5.0,0.0,NATI
1275,,2008-01-15 12:27:18,2008-01-14,NATI,Kodosky Jeffrey L,Dir,S - Sale,30.02,-6600,3379729,0%,-198161.0,0.0,-6.0,-7.0,-10.0,NATI
1276,,2008-01-09 13:24:26,2008-01-07,NATI,Kodosky Jeffrey L,Dir,S - Sale,31.22,-6600,3386329,0%,-206030.0,-2.0,-5.0,-16.0,-13.0,NATI
1277,,2008-01-03 12:41:59,2007-12-31,NATI,Kodosky Jeffrey L,Dir,S - Sale,33.12,-13200,3392929,0%,-437144.0,-1.0,-7.0,-18.0,-16.0,NATI
1278,M,2007-12-28 14:12:27,2007-08-01,NATI,Porterfield Robert,VP,M - OptEx,25.38,934,36884,+3%,23706.0,0.0,-6.0,-14.0,-14.0,NATI
1279,,2007-12-28 12:46:30,2007-08-01,NATI,Finger Mark,VP,M - OptEx,23.68,263,20055,+1%,6228.0,0.0,-6.0,-14.0,-14.0,NATI
1280,M,2007-12-27 17:45:02,2007-08-01,NATI,Davern Alexander M,"CFO, SVP",M - OptEx,24.45,384,977,+65%,9389.0,0.0,-3.0,-14.0,-13.0,NATI
1281,,2007-12-27 17:29:59,2007-11-01,NATI,Razdan Ash,Director Corp Dev& Ofc of Pres,M - OptEx,27.47,207,58941,0%,5687.0,0.0,-3.0,-14.0,-13.0,NATI
1282,M,2007-12-26 18:28:11,2007-12-24,NATI,Kodosky Jeffrey L,Dir,S - Sale,34.28,-13200,3406129,0%,-452472.0,-2.0,-3.0,-18.0,-13.0,NATI
1283,,2007-12-18 15:37:15,2007-12-17,NATI,Kodosky Jeffrey L,Dir,S - Sale,33.58,-13200,3419329,0%,-443265.0,0.0,3.0,-14.0,-7.0,NATI
1284,,2007-12-11 16:27:26,2007-12-10,NATI,Kodosky Jeffrey L,Dir,S - Sale,34.63,-13200,3433529,0%,-457073.0,-1.0,-3.0,-11.0,-11.0,NATI
1285,,2007-12-04 18:43:33,2007-12-03,NATI,Kodosky Jeffrey L,Dir,S - Sale,33.07,-13200,3445729,0%,-436493.0,-1.0,0.0,-6.0,-7.0,NATI
1286,M,2007-12-03 13:26:19,2007-08-01,NATI,Zogas Peter,SVP,M - OptEx,23.73,285,46958,+1%,6764.0,-1.0,5.0,-1.0,-3.0,NATI
1287,,2007-12-03 13:26:19,2007-11-29,NATI,Zogas Peter,SVP,S - Sale,33.47,-1600,46958,-3%,-53552.0,-1.0,5.0,-1.0,-3.0,NATI
1288,DM,2007-11-30 19:02:18,2007-08-01,NATI,Hugley David,"VP, GC",M - OptEx,15.49,7099,10770,+193%,109994.0,-1.0,5.0,0.0,-4.0,NATI
1289,D,2007-11-30 19:02:18,2007-11-29,NATI,Hugley David,"VP, GC",S - Sale+OE,33.5,-6939,10770,-39%,-232457.0,-1.0,5.0,0.0,-4.0,NATI
1290,D,2007-11-30 17:34:58,2007-11-29,NATI,Almgren Ray,VP,M - OptEx,15.31,5600,38220,+17%,85711.0,-1.0,5.0,0.0,-4.0,NATI
1291,D,2007-11-30 17:34:58,2007-11-29,NATI,Almgren Ray,VP,S - Sale+OE,33.25,-5600,38220,-13%,-186200.0,-1.0,5.0,0.0,-4.0,NATI
1292,,2007-11-30 16:57:16,2007-11-29,NATI,Kodosky Jeffrey L,Dir,S - Sale,32.98,-6600,3458929,0%,-217659.0,-1.0,5.0,0.0,-4.0,NATI
1293,D,2007-11-30 07:52:54,2007-11-28,NATI,Almgren Ray,VP,M - OptEx,15.31,5000,38220,+15%,76528.0,-1.0,4.0,-1.0,-4.0,NATI
1294,D,2007-11-30 07:52:54,2007-11-28,NATI,Almgren Ray,VP,S - Sale+OE,33.0,-5000,38220,-12%,-165000.0,-1.0,4.0,-1.0,-4.0,NATI
1295,,2007-11-29 19:49:40,2007-11-29,NATI,Porterfield Robert,VP,S - Sale,33.14,-8000,17616,-31%,-265131.0,-1.0,3.0,0.0,-5.0,NATI
1296,,2007-11-29 18:12:11,2007-11-28,NATI,Dehne Timothy R,SVP,S - Sale,32.51,-3629,59474,-6%,-117961.0,-1.0,3.0,0.0,-5.0,NATI
1297,,2007-11-28 17:37:37,2007-11-27,NATI,Dehne Timothy R,SVP,S - Sale,32.1,-987,63103,-2%,-31683.0,2.0,5.0,2.0,-3.0,NATI
1298,,2007-11-28 16:43:33,2007-11-27,NATI,Finger Mark,VP,S - Sale,32.01,-529,19792,-3%,-16932.0,2.0,5.0,2.0,-3.0,NATI
1299,,2007-11-27 19:37:22,2007-11-26,NATI,Kodosky Jeffrey L,Dir,S - Sale,31.62,-6600,3465529,0%,-208689.0,3.0,3.0,7.0,-1.0,NATI
1300,,2007-11-20 15:43:29,2007-11-19,NATI,Kodosky Jeffrey L,Dir,S - Sale,32.06,-6600,3472129,0%,-211587.0,0.0,0.0,6.0,-1.0,NATI
1301,D,2007-11-16 17:38:32,2007-11-15,NATI,Carlton Donald M,Dir,M - OptEx,15.22,5250,11074,+90%,79917.0,-1.0,-1.0,3.0,-4.0,NATI
1302,D,2007-11-16 17:38:32,2007-11-15,NATI,Carlton Donald M,Dir,S - Sale+OE,32.23,-5250,11074,-32%,-169231.0,-1.0,-1.0,3.0,-4.0,NATI
1303,DM,2007-11-16 16:50:56,2007-08-01,NATI,Almgren Ray,VP,M - OptEx,15.78,5294,38220,+16%,83524.0,-1.0,-1.0,3.0,-4.0,NATI
1304,D,2007-11-16 16:50:56,2007-11-14,NATI,Almgren Ray,VP,S - Sale+OE,32.84,-5000,38220,-12%,-164205.0,-1.0,-1.0,3.0,-4.0,NATI
1305,M,2007-11-16 15:57:20,2007-08-01,NATI,Dehne Timothy R,SVP,M - OptEx,25.45,270,64090,0%,6872.0,1.0,-1.0,3.0,-3.0,NATI
1306,,2007-11-16 15:57:20,2007-11-14,NATI,Dehne Timothy R,SVP,S - Sale,32.85,-1171,64090,-2%,-38467.0,1.0,-1.0,3.0,-3.0,NATI
1307,M,2007-11-14 11:17:19,2007-08-01,NATI,Graff John,VP,M - OptEx,24.82,355,47890,+1%,8812.0,-1.0,-2.0,6.0,-4.0,NATI
1308,,2007-11-14 11:17:19,2007-11-13,NATI,Graff John,VP,S - Sale,32.52,-6112,47890,-11%,-198737.0,-1.0,-2.0,6.0,-4.0,NATI
1309,,2007-11-13 18:08:32,2007-11-12,NATI,Kodosky Jeffrey L,Dir,S - Sale,32.08,-6600,3478729,0%,-211750.0,-1.0,-2.0,5.0,-6.0,NATI
1310,D,2007-11-13 12:30:37,2007-11-09,NATI,Streetman Ben Garland,Dir,M - OptEx,15.22,11250,1687,-118%,171250.0,3.0,1.0,7.0,-4.0,NATI
1311,D,2007-11-13 12:30:37,2007-11-09,NATI,Streetman Ben Garland,Dir,S - Sale+OE,31.8,-11250,1687,-87%,-357805.0,3.0,1.0,7.0,-4.0,NATI
1312,,2007-11-06 16:36:28,2007-11-05,NATI,Kodosky Jeffrey L,Dir,S - Sale,32.45,-6600,3485329,0%,-214170.0,-1.0,-2.0,6.0,-9.0,NATI
1313,,2007-10-31 13:27:18,2007-10-29,NATI,Kodosky Jeffrey L,Dir,S - Sale,32.46,-6600,3491929,0%,-214212.0,0.0,1.0,4.0,-6.0,NATI
1314,D,2007-10-31 12:50:47,2007-10-29,NATI,Razdan Ash,Director Corp Dev& Ofc of Pres,M - OptEx,12.67,2996,58734,+5%,37953.0,0.0,1.0,4.0,-6.0,NATI
1315,,2007-10-24 13:18:46,2007-10-22,NATI,Kodosky Jeffrey L,Dir,S - Sale,34.73,-13200,3498529,0%,-458461.0,-2.0,-6.0,-8.0,-17.0,NATI
1316,,2007-10-24 11:45:37,2007-10-22,NATI,Truchard James J,"Pres, 10%",S - Sale,35.08,-10500,17205416,0%,-368336.0,-2.0,-6.0,-8.0,-17.0,NATI
1317,DM,2007-10-22 18:18:09,2007-08-01,NATI,Razdan Ash,Director Corp Dev& Ofc of Pres,M - OptEx,21.24,3238,55738,+6%,68761.0,0.0,-5.0,-6.0,-20.0,NATI
1318,D,2007-10-22 18:18:09,2007-10-19,NATI,Razdan Ash,Director Corp Dev& Ofc of Pres,S - Sale+OE,36.0,-3000,55738,-5%,-108000.0,0.0,-5.0,-6.0,-20.0,NATI
1319,,2007-10-17 15:58:03,2007-10-15,NATI,Kodosky Jeffrey L,Dir,S - Sale,34.92,-13200,3511729,0%,-460900.0,0.0,-2.0,-7.0,-22.0,NATI
1320,,2007-10-17 14:33:01,2007-10-15,NATI,Truchard James J,"Pres, 10%",S - Sale,34.77,-10500,17215916,0%,-365082.0,0.0,-2.0,-7.0,-22.0,NATI
1321,,2007-10-10 16:02:44,2007-10-08,NATI,Kodosky Jeffrey L,Dir,S - Sale,34.92,-13200,3524929,0%,-460992.0,-2.0,0.0,-7.0,-21.0,NATI
1322,,2007-10-10 13:04:31,2007-10-08,NATI,Truchard James J,"Pres, 10%",S - Sale,34.96,-10500,17226416,0%,-367038.0,0.0,0.0,-7.0,-21.0,NATI
1323,,2007-10-03 15:04:31,2007-10-01,NATI,Kodosky Jeffrey L,Dir,S - Sale,34.32,-13200,3538129,0%,-452980.0,-1.0,0.0,-8.0,-22.0,NATI
1324,,2007-10-03 13:26:19,2007-10-01,NATI,Truchard James J,"Pres, 10%",S - Sale,34.41,-10500,17236916,0%,-361300.0,-1.0,0.0,-8.0,-22.0,NATI
1325,,2007-09-26 12:34:56,2007-09-24,NATI,Kodosky Jeffrey L,Dir,S - Sale,33.68,-13200,3551329,0%,-444510.0,-1.0,4.0,-1.0,-22.0,NATI
1326,,2007-09-25 18:02:38,2007-09-24,NATI,Truchard James J,"Pres, 10%",S - Sale,33.73,-10500,17247416,0%,-354179.0,-1.0,2.0,2.0,-21.0,NATI
1327,M,2007-09-19 18:33:12,2007-09-17,NATI,Kodosky Jeffrey L,Dir,S - Sale,32.62,-13200,3564529,0%,-430550.0,2.0,1.0,5.0,-24.0,NATI
1328,,2007-09-19 16:08:36,2007-09-18,NATI,Truchard James J,"Pres, 10%",S - Sale,32.72,-4471,17257916,0%,-146309.0,2.0,1.0,5.0,-24.0,NATI
1329,,2007-09-18 18:41:47,2007-09-17,NATI,Truchard James J,"Pres, 10%",S - Sale,32.7,-6029,17262387,0%,-197148.0,2.0,2.0,6.0,-22.0,NATI
1330,,2007-09-12 15:57:30,2007-09-10,NATI,Kodosky Jeffrey L,Dir,S - Sale,32.93,-13200,3577729,0%,-434610.0,-1.0,-2.0,4.0,-23.0,NATI
1331,,2007-09-12 12:58:27,2007-09-10,NATI,Truchard James J,"Pres, 10%",S - Sale,32.69,-10500,17268416,0%,-343263.0,-1.0,-2.0,4.0,-23.0,NATI
1332,,2007-09-10 12:29:21,2007-09-06,NATI,Truchard James J,"Pres, 10%",S - Sale,32.67,-31500,17278916,0%,-1029215.0,0.0,1.0,7.0,-23.0,NATI
1333,,2007-09-05 12:16:04,2007-09-04,NATI,Kodosky Jeffrey L,Dir,S - Sale,31.9,-6600,3590928,0%,-210540.0,1.0,4.0,8.0,-19.0,NATI
1334,D,2007-09-04 15:57:23,2007-08-31,NATI,Davern Alexander M,"CFO, SVP",M - OptEx,15.31,5226,593,-113%,79987.0,2.0,4.0,11.0,-19.0,NATI
1335,D,2007-09-04 15:57:23,2007-08-31,NATI,Davern Alexander M,"CFO, SVP",S - Sale+OE,31.72,-5226,593,-90%,-165776.0,2.0,4.0,11.0,-19.0,NATI
1336,,2007-09-04 12:29:17,2007-08-31,NATI,Dehne Timothy R,SVP,S - Sale,31.51,-2000,64991,-3%,-63025.0,2.0,4.0,11.0,-19.0,NATI
1337,,2007-09-04 12:08:28,2007-08-31,NATI,Zogas Peter,SVP,S - Sale,31.5,-3300,48273,-6%,-103950.0,2.0,4.0,11.0,-19.0,NATI
1338,,2007-08-31 17:46:22,2007-08-30,NATI,Porterfield Robert,VP,S - Sale,30.85,-10007,25616,-28%,-308724.0,2.0,4.0,10.0,-19.0,NATI
1339,D,2007-08-31 16:12:06,2007-08-30,NATI,Carlton Donald M,Dir,M - OptEx,15.22,6000,11074,+118%,91333.0,2.0,4.0,10.0,-19.0,NATI
1340,D,2007-08-31 16:12:06,2007-08-30,NATI,Carlton Donald M,Dir,S - Sale+OE,31.5,-6000,11074,-35%,-188975.0,2.0,4.0,10.0,-19.0,NATI
1341,,2007-08-28 18:18:55,2007-08-27,NATI,Kodosky Jeffrey L,Dir,S - Sale,31.3,-6600,3597529,0%,-206580.0,3.0,3.0,7.0,-13.0,NATI
1342,,2007-08-22 13:24:23,2007-08-20,NATI,Kodosky Jeffrey L,Dir,S - Sale,30.95,-6600,3604129,0%,-204270.0,1.0,1.0,11.0,-13.0,NATI
1343,,2007-08-22 11:31:19,2007-08-20,NATI,Daniels R Gary,Dir,S - Sale,31.11,-835,3907,-18%,-25977.0,1.0,1.0,11.0,-13.0,NATI
1344,,2007-08-15 11:00:09,2007-08-13,NATI,Kodosky Jeffrey L,Dir,S - Sale,32.52,-6600,3610729,0%,-214610.0,-2.0,-5.0,2.0,-14.0,NATI
1345,,2007-08-14 16:23:09,2007-08-13,NATI,Truchard James J,"Pres, 10%",S - Sale,32.74,-10500,17310416,0%,-343765.0,-2.0,-4.0,2.0,-17.0,NATI
1346,M,2007-08-08 18:35:58,2007-08-06,NATI,Kodosky Jeffrey L,Dir,S - Sale,32.75,-13200,3617329,0%,-432300.0,-1.0,-5.0,-3.0,-21.0,NATI
1347,,2007-08-08 17:34:26,2007-08-06,NATI,Truchard James J,"Pres, 10%",S - Sale,32.6,-10500,17320916,0%,-342250.0,-1.0,-5.0,-3.0,-21.0,NATI
1348,,2007-07-31 17:07:56,2007-07-30,NATI,Kodosky Jeffrey L,Dir,S - Sale,32.73,-6600,3630529,0%,-216001.0,1.0,2.0,-3.0,-10.0,NATI
1349,,2007-07-31 12:07:39,2007-07-30,NATI,Truchard James J,"Pres, 10%",S - Sale,32.37,-10500,17331416,0%,-339901.0,-1.0,1.0,-4.0,-11.0,NATI
1350,,2007-07-24 17:30:10,2007-07-23,NATI,Kodosky Jeffrey L,Dir,S - Sale,34.88,-13200,3637129,0%,-460460.0,-1.0,-6.0,-11.0,-18.0,NATI
1351,,2007-07-24 13:24:17,2007-07-23,NATI,Truchard James J,"Pres, 10%",S - Sale,34.9,-10500,17341916,0%,-366445.0,-1.0,-7.0,-12.0,-19.0,NATI
1352,,2007-07-20 18:15:05,2007-07-19,NATI,Kodosky Jeffrey L,Dir,S - Sale,35.0,-6600,3650329,0%,-231003.0,2.0,0.0,-8.0,-15.0,NATI
1353,,2007-07-20 17:28:08,2007-07-19,NATI,Razdan Ash,Director Corp Dev& Ofc of Pres,S - Sale,35.0,-5000,55500,-8%,-175000.0,2.0,0.0,-8.0,-15.0,NATI
1354,,2007-07-18 18:33:54,2007-07-16,NATI,Kodosky Jeffrey L,Dir,S - Sale,34.22,-6600,3656929,0%,-225874.0,2.0,0.0,-8.0,-13.0,NATI
1355,,2007-07-18 17:01:55,2007-07-16,NATI,Truchard James J,"Pres, 10%",S - Sale,34.39,-10500,17352416,0%,-361108.0,2.0,0.0,-8.0,-13.0,NATI
1356,,2007-07-10 12:02:04,2007-07-09,NATI,Truchard James J,"Pres, 10%",S - Sale,32.05,-10500,17362916,0%,-336520.0,0.0,7.0,2.0,-2.0,NATI
1357,,2007-07-10 11:25:40,2007-07-09,NATI,Kodosky Jeffrey L,Dir,S - Sale,32.06,-6600,3663529,0%,-211585.0,0.0,7.0,2.0,-2.0,NATI
1358,,2007-07-03 16:00:02,2007-07-02,NATI,Kodosky Jeffrey L,Dir,S - Sale,32.5,-6600,3670129,0%,-214496.0,-1.0,-2.0,0.0,3.0,NATI
1359,,2007-07-03 15:29:09,2007-07-02,NATI,Truchard James J,"Pres, 10%",S - Sale,32.46,-10500,17373416,0%,-340779.0,0.0,-1.0,0.0,3.0,NATI
1360,,2007-06-26 16:34:55,2007-06-25,NATI,Kodosky Jeffrey L,Dir,S - Sale,32.73,-6600,3676729,0%,-216040.0,0.0,-1.0,5.0,5.0,NATI
1361,,2007-06-26 15:28:13,2007-06-25,NATI,Truchard James J,"Pres, 10%",S - Sale,32.8,-10500,17383916,0%,-344395.0,0.0,-1.0,5.0,6.0,NATI
1362,D,2007-06-20 12:56:23,2007-06-18,NATI,Razdan Ash,Director Corp Dev& Ofc of Pres,M - OptEx,20.62,3000,60500,+5%,61864.0,-2.0,-2.0,5.0,0.0,NATI
1363,D,2007-06-20 12:56:23,2007-06-18,NATI,Razdan Ash,Director Corp Dev& Ofc of Pres,S - Sale+OE,33.27,-8000,60500,-12%,-266180.0,-2.0,-2.0,5.0,0.0,NATI
1364,,2007-06-19 18:17:34,2007-06-18,NATI,Kodosky Jeffrey L,Dir,S - Sale,33.45,-6600,3683329,0%,-220784.0,-2.0,-2.0,3.0,2.0,NATI
1365,,2007-06-19 17:17:16,2007-06-18,NATI,Truchard James J,"Pres, 10%",S - Sale,33.95,-10500,17394416,0%,-356470.0,-2.0,-2.0,3.0,2.0,NATI
1366,,2007-06-13 13:03:12,2007-06-11,NATI,Kodosky Jeffrey L,Dir,S - Sale,31.14,-4400,3689929,0%,-137027.0,0.0,8.0,6.0,11.0,NATI
1367,,2007-06-13 12:41:21,2007-06-11,NATI,Truchard James J,"Pres, 10%",S - Sale,31.05,-10500,17404916,0%,-326021.0,0.0,8.0,6.0,11.0,NATI
1368,,2007-06-06 11:38:28,2007-06-04,NATI,Kodosky Jeffrey L,Dir,S - Sale,31.3,-6600,3694329,0%,-206606.0,-1.0,0.0,4.0,7.0,NATI
1369,,2007-06-05 12:01:04,2007-06-04,NATI,Truchard James J,"Pres, 10%",S - Sale,31.25,-10500,17415416,0%,-328120.0,-1.0,1.0,4.0,7.0,NATI
1370,D,2007-05-31 18:38:12,2007-05-29,NATI,Graff John,VP,M - OptEx,15.31,10000,53647,+23%,153055.0,0.0,-3.0,4.0,2.0,NATI
1371,D,2007-05-31 18:38:12,2007-05-29,NATI,Graff John,VP,S - Sale+OE,31.0,-10000,53647,-16%,-310000.0,0.0,-3.0,4.0,2.0,NATI
1372,M,2007-05-31 17:14:01,2007-05-29,NATI,Kodosky Jeffrey L,Dir,S - Sale,31.15,-6600,3700929,0%,-205590.0,0.0,-3.0,4.0,2.0,NATI
1373,,2007-05-31 15:46:20,2007-05-29,NATI,Truchard James J,Pres,S - Sale,31.4,-10500,17425916,0%,-329700.0,1.0,-1.0,5.0,4.0,NATI
1374,DM,2007-05-23 16:15:44,2007-05-21,NATI,Davern Alexander M,"CFO, SVP",M - OptEx,15.31,19524,593,-103%,298825.0,-1.0,-1.0,5.0,3.0,NATI
1375,DM,2007-05-23 16:15:44,2007-05-21,NATI,Davern Alexander M,"CFO, SVP",S - Sale+OE,30.29,-23682,593,-98%,-717301.0,-1.0,-1.0,5.0,3.0,NATI
1376,,2007-05-23 15:22:35,2007-05-22,NATI,Zogas Peter,SVP,S - Sale,31.0,-5000,51573,-9%,-155000.0,1.0,0.0,6.0,4.0,NATI
1377,,2007-05-22 18:22:08,2007-05-21,NATI,Kodosky Jeffrey L,Dir,S - Sale,30.66,-6600,3707529,0%,-202352.0,1.0,0.0,6.0,5.0,NATI
1378,,2007-05-22 17:32:37,2007-05-21,NATI,Truchard James J,Pres,S - Sale,29.95,-10500,17436416,0%,-314483.0,1.0,0.0,6.0,5.0,NATI
1379,,2007-05-22 16:58:26,2007-05-21,NATI,Razdan Ash,Director Corp Dev& Ofc of Pres,S - Sale,31.0,-3000,65500,-4%,-93000.0,1.0,0.0,6.0,5.0,NATI
1380,D,2007-05-18 16:38:55,2007-05-17,NATI,Dehne Timothy R,VP,M - OptEx,15.31,2664,66991,+4%,40774.0,3.0,4.0,12.0,9.0,NATI
1381,D,2007-05-18 16:38:55,2007-05-17,NATI,Dehne Timothy R,VP,S - Sale+OE,29.97,-2664,66991,-4%,-79829.0,3.0,4.0,12.0,9.0,NATI
1382,,2007-05-18 14:45:21,2007-05-16,NATI,Streetman Ben Garland,Dir,S - Sale,29.96,-5001,1687,-75%,-149839.0,0.0,3.0,11.0,9.0,NATI
1383,M,2007-05-18 12:37:49,2007-05-16,NATI,Almgren Ray,VP,S - Sale,30.03,-8042,37926,-17%,-241473.0,0.0,3.0,11.0,9.0,NATI
1384,D,2007-05-17 11:14:35,2007-05-15,NATI,Dehne Timothy R,VP,M - OptEx,15.31,1000,66991,+2%,15306.0,0.0,4.0,6.0,10.0,NATI
1385,D,2007-05-17 11:14:35,2007-05-15,NATI,Dehne Timothy R,VP,S - Sale+OE,29.95,-1000,66991,-1%,-29950.0,0.0,4.0,6.0,10.0,NATI
1386,,2007-05-16 18:42:44,2007-05-15,NATI,Almgren Ray,VP,S - Sale,30.01,-6481,45968,-12%,-194504.0,0.0,4.0,5.0,7.0,NATI
1387,,2007-05-16 10:39:41,2007-05-15,NATI,Truchard James J,"Pres, 10%",S - Sale,29.95,-262500,17446916,-1%,-7862190.0,1.0,4.0,6.0,8.0,NATI
1388,,2007-05-16 10:20:29,2007-05-15,NATI,Razdan Ash,Director Corp Dev& Ofc of Pres,S - Sale,30.0,-2000,68500,-3%,-60000.0,1.0,4.0,6.0,8.0,NATI
1389,,2007-05-16 09:44:23,2007-05-14,NATI,Kodosky Jeffrey L,Dir,S - Sale,28.83,-2200,3714129,0%,-63433.0,1.0,4.0,6.0,8.0,NATI
1390,DM,2007-05-14 19:30:38,2007-05-11,NATI,Dehne Timothy R,SVP,M - OptEx,15.31,4010,66991,+6%,61375.0,0.0,1.0,5.0,9.0,NATI
1391,DM,2007-05-14 19:30:38,2007-05-11,NATI,Dehne Timothy R,SVP,S - Sale+OE,29.33,-4010,66991,-6%,-117632.0,0.0,1.0,5.0,9.0,NATI
1392,,2007-05-11 16:38:58,2007-05-11,NATI,Razdan Ash,Director Corp Dev& Ofc of Pres,S - Sale,28.9,-514,70500,-1%,-14855.0,3.0,4.0,9.0,13.0,NATI
1393,D,2007-05-11 10:35:33,2007-05-10,NATI,Dehne Timothy R,VP,M - OptEx,15.31,3000,66991,+5%,45917.0,2.0,6.0,11.0,15.0,NATI
1394,D,2007-05-11 10:35:33,2007-05-10,NATI,Dehne Timothy R,VP,S - Sale+OE,28.47,-3000,66991,-4%,-85398.0,2.0,6.0,11.0,15.0,NATI
1395,,2007-05-10 11:29:49,2007-05-08,NATI,Daniels R Gary,Dir,S - Sale,28.07,-832,4752,-15%,-23354.0,0.0,6.0,8.0,15.0,NATI
1396,,2007-05-09 18:01:56,2007-05-07,NATI,Kodosky Jeffrey L,Dir,S - Sale,28.07,-2200,3716329,0%,-61758.0,0.0,5.0,7.0,15.0,NATI
1397,D,2007-05-03 20:28:57,2007-05-01,NATI,Finger Mark,VP,M - OptEx,2.87,2192,20321,+12%,6299.0,0.0,1.0,12.0,15.0,NATI
1398,D,2007-05-03 20:10:34,2007-05-01,NATI,Graff John,VP,M - OptEx,2.71,2175,53647,+4%,5897.0,0.0,1.0,12.0,15.0,NATI
1399,DM,2007-05-03 19:53:03,2007-02-01,NATI,Hugley David,"VP, GC",M - OptEx,6.32,2611,10610,+33%,16493.0,0.0,1.0,12.0,15.0,NATI
1400,D,2007-05-03 19:32:48,2007-05-01,NATI,Porterfield Robert,VP,M - OptEx,3.63,3337,68421,+5%,12125.0,0.0,1.0,12.0,15.0,NATI
1401,DM,2007-05-03 18:42:51,2007-02-01,NATI,Razdan Ash,Director Corp Dev& Ofc of Pres,M - OptEx,7.52,1495,71014,+2%,11245.0,0.0,1.0,12.0,15.0,NATI
1402,D,2007-05-03 18:42:51,2007-05-01,NATI,Razdan Ash,Director Corp Dev& Ofc of Pres,S - Sale+OE,27.9,-468,71014,-1%,-13057.0,0.0,1.0,12.0,15.0,NATI
1403,D,2007-05-03 18:09:04,2007-05-01,NATI,Zogas Peter,SVP,M - OptEx,1.62,4134,56573,+8%,6678.0,0.0,1.0,12.0,15.0,NATI
1404,DM,2007-05-03 17:06:11,2007-02-01,NATI,Dehne Timothy R,SVP,M - OptEx,1.65,4136,66991,+7%,6838.0,0.0,1.0,12.0,15.0,NATI
1405,D,2007-05-03 16:26:49,2007-05-01,NATI,Davern Alexander M,"CFO, SVP",M - OptEx,1.74,4158,4751,+701%,7246.0,0.0,1.0,12.0,15.0,NATI
1406,DM,2007-05-03 13:01:59,2007-02-01,NATI,Almgren Ray,VP,M - OptEx,5.42,2486,52449,+5%,13483.0,0.0,1.0,12.0,15.0,NATI
1407,,2007-05-03 11:55:07,2007-05-02,NATI,Daniels R Gary,Dir,S - Sale,28.1,-834,5584,-13%,-23435.0,0.0,1.0,12.0,15.0,NATI
1408,D,2007-05-02 19:05:33,2007-05-01,NATI,Carlton Donald M,Dir,M - OptEx,0.0,3334,11074,+43%,0.0,0.0,1.0,12.0,16.0,NATI
1409,D,2007-05-02 18:45:26,2007-05-01,NATI,Le Duy Loan T,Dir,M - OptEx,0.0,3334,5001,+200%,0.0,0.0,1.0,12.0,16.0,NATI
1410,D,2007-05-02 18:34:05,2007-05-01,NATI,Roesslein Charles J,Dir,M - OptEx,0.0,3334,7504,+80%,0.0,0.0,1.0,12.0,16.0,NATI
1411,D,2007-05-02 17:55:14,2007-05-01,NATI,Streetman Ben Garland,Dir,M - OptEx,0.0,3334,6688,+99%,0.0,0.0,1.0,12.0,16.0,NATI
1412,D,2007-05-02 17:34:29,2007-05-01,NATI,Daniels R Gary,Dir,M - OptEx,0.0,3334,6418,+108%,0.0,0.0,1.0,12.0,16.0,NATI
1413,D,2007-05-02 17:34:29,2007-05-01,NATI,Daniels R Gary,Dir,S - Sale+OE,27.74,-769,6418,-11%,-21334.0,0.0,1.0,12.0,16.0,NATI
1414,M,2007-05-01 18:38:52,2007-04-27,NATI,Kodosky Jeffrey L,Dir,S - Sale,28.17,-4400,3718529,0%,-123947.0,0.0,1.0,11.0,17.0,NATI
1415,DM,2007-03-02 09:12:32,2007-02-01,NATI,Davern Alexander M,"CFO, SVP",M - OptEx,13.0,4421,1264,-140%,57463.0,-1.0,-1.0,-2.0,20.0,NATI
1416,D,2007-03-02 09:12:32,2007-02-28,NATI,Davern Alexander M,"CFO, SVP",S - Sale+OE,27.06,-4125,1264,-77%,-111629.0,-1.0,-1.0,-2.0,20.0,NATI
1417,D,2007-03-01 18:46:21,2007-02-27,NATI,Zogas Peter,SVP,M - OptEx,9.63,18692,52439,+55%,179998.0,-1.0,-2.0,-3.0,17.0,NATI
1418,D,2007-03-01 18:46:21,2007-02-27,NATI,Zogas Peter,SVP,S - Sale+OE,27.0,-18692,52439,-26%,-504734.0,-1.0,-2.0,-3.0,17.0,NATI
1419,,2007-03-01 17:52:18,2007-02-28,NATI,Graff John,VP,S - Sale,27.13,-10000,51472,-16%,-271300.0,-1.0,-2.0,-3.0,17.0,NATI
1420,,2007-02-28 17:02:04,2007-02-28,NATI,Roesslein Charles J,Dir,P - Purchase,26.82,1000,4170,+32%,26824.0,0.0,-1.0,-3.0,18.0,NATI
1421,DM,2007-02-27 18:54:43,2007-02-01,NATI,Finger Mark,VP,M - OptEx,15.6,10183,18129,+128%,158804.0,0.0,-3.0,-2.0,15.0,NATI
1422,D,2007-02-27 18:54:43,2007-02-26,NATI,Finger Mark,VP,S - Sale+OE,27.41,-9862,18129,-35%,-270293.0,0.0,-3.0,-2.0,15.0,NATI
1423,D,2007-02-27 16:24:18,2007-02-26,NATI,Zogas Peter,SVP,M - OptEx,9.63,9445,52439,+22%,90953.0,0.0,-3.0,-2.0,15.0,NATI
1424,D,2007-02-27 16:24:18,2007-02-26,NATI,Zogas Peter,SVP,S - Sale+OE,27.75,-9445,52439,-15%,-262099.0,0.0,-3.0,-2.0,15.0,NATI
1425,DM,2007-02-22 15:37:34,2007-02-01,NATI,Zogas Peter,SVP,M - OptEx,10.04,10286,52439,+24%,103301.0,0.0,-3.0,-4.0,12.0,NATI
1426,D,2007-02-22 15:37:34,2007-02-21,NATI,Zogas Peter,SVP,S - Sale+OE,27.56,-10000,52439,-16%,-275616.0,0.0,-3.0,-4.0,12.0,NATI
1427,D,2007-02-15 19:40:15,2007-02-13,NATI,Dehne Timothy R,SVP,M - OptEx,15.31,6000,62855,+11%,91833.0,-1.0,-2.0,-5.0,14.0,NATI
1428,D,2007-02-15 19:40:15,2007-02-13,NATI,Dehne Timothy R,SVP,S - Sale+OE,28.01,-6000,62855,-9%,-168030.0,-1.0,-2.0,-5.0,14.0,NATI
1429,M,2007-02-14 12:20:16,2007-02-12,NATI,Kodosky Jeffrey L,Dir,S - Sale,27.95,-2200,3722929,0%,-61490.0,0.0,-1.0,-5.0,16.0,NATI
1430,D,2007-02-12 18:54:50,2007-02-09,NATI,Porterfield Robert,VP,M - OptEx,9.63,10007,32286,+45%,96364.0,0.0,-1.0,-7.0,16.0,NATI
1431,DM,2007-02-09 19:08:27,2007-02-01,NATI,Graff John,VP,M - OptEx,9.97,10311,61472,+20%,102843.0,1.0,2.0,-3.0,22.0,NATI
1432,D,2007-02-09 19:08:27,2007-02-08,NATI,Graff John,VP,S - Sale+OE,28.0,-10072,61472,-14%,-282016.0,1.0,2.0,-3.0,22.0,NATI
1433,,2007-02-08 13:38:32,2007-02-07,NATI,Kodosky Jeffrey L,Dir,S - Sale,27.95,-2200,3725129,0%,-61490.0,1.0,1.0,-4.0,23.0,NATI
1434,DEM,2007-02-06 18:11:16,2007-02-01,NATI,Porterfield Robert,VP,M - OptEx,10.5,8370,44558,+23%,87881.0,1.0,2.0,-4.0,21.0,NATI
1435,DE,2007-02-06 18:11:16,2007-02-02,NATI,Porterfield Robert,VP,S - Sale+OE,27.44,-7880,44558,-15%,-216203.0,1.0,2.0,-4.0,21.0,NATI
1436,D,2007-02-06 13:27:51,2007-02-02,NATI,Carlton Donald M,Dir,M - OptEx,8.67,8875,7740,-782%,76917.0,1.0,3.0,-4.0,22.0,NATI
1437,D,2007-02-06 13:27:51,2007-02-02,NATI,Carlton Donald M,Dir,S - Sale+OE,27.66,-8875,7740,-53%,-245465.0,1.0,3.0,-4.0,22.0,NATI
1438,,2007-02-01 10:33:39,2007-01-31,NATI,Kodosky Jeffrey L,Dir,S - Sale,28.45,-2200,3727329,0%,-62584.0,-2.0,-3.0,-8.0,14.0,NATI
1439,,2007-01-26 16:46:56,2007-01-24,NATI,Kodosky Jeffrey L,Dir,S - Sale,28.05,-2200,3729529,0%,-61704.0,-1.0,2.0,0.0,25.0,NATI
1440,,2007-01-16 13:27:50,2007-01-11,NATI,Kodosky Jeffrey L,Dir,S - Sale,27.95,-2200,3731729,0%,-61490.0,1.0,0.0,2.0,25.0,NATI
1441,,2006-12-19 11:11:42,2006-12-18,NATI,Kodosky Jeffrey L,Dir,S - Sale,28.25,-2200,3733929,0%,-62159.0,0.0,-3.0,-1.0,19.0,NATI
1442,,2006-12-14 15:00:21,2006-11-01,NATI,Razdan Ash,Director Corp Dev& Ofc of Pres,M - OptEx,23.59,235,69987,0%,5543.0,0.0,-4.0,-3.0,17.0,NATI
1443,,2006-12-14 13:40:15,2006-11-01,NATI,Porterfield Robert,VP,M - OptEx,23.59,482,43350,+1%,11369.0,0.0,-4.0,-3.0,17.0,NATI
1444,,2006-12-14 13:29:16,2006-11-01,NATI,Finger Mark,VP,M - OptEx,23.59,137,17808,+1%,3231.0,0.0,-4.0,-3.0,17.0,NATI
1445,,2006-12-14 13:20:45,2006-11-01,NATI,Dehne Timothy R,SVP,M - OptEx,23.59,140,62855,0%,3302.0,0.0,-4.0,-3.0,17.0,NATI
1446,,2006-12-14 13:11:04,2006-11-01,NATI,Davern Alexander M,"CFO, SVP",M - OptEx,23.59,297,297,New,7005.0,0.0,-4.0,-3.0,17.0,NATI
1447,,2006-12-13 09:22:42,2006-12-11,NATI,Kodosky Jeffrey L,Dir,S - Sale,28.67,-2200,3736129,0%,-63076.0,0.0,-3.0,-3.0,11.0,NATI
1448,,2006-12-05 11:31:17,2006-12-04,NATI,Kodosky Jeffrey L,Dir,S - Sale,28.75,-2200,3738329,0%,-63257.0,0.0,-1.0,-8.0,4.0,NATI
1449,D,2006-12-01 10:22:46,2006-11-29,NATI,Almgren Ray,VP,M - OptEx,9.63,6328,49963,+15%,60937.0,-1.0,0.0,-6.0,8.0,NATI
1450,,2006-11-29 16:20:58,2006-11-28,NATI,Kodosky Jeffrey L,Dir,S - Sale,28.95,-2200,3740529,0%,-63690.0,0.0,0.0,-7.0,9.0,NATI
1451,,2006-11-29 15:53:39,2006-11-28,NATI,Carlton Donald M,Dir,G - Gift,0.0,-150,7740,-2%,-0.0,0.0,1.0,-7.0,9.0,NATI
1452,D,2006-11-27 12:47:33,2006-11-22,NATI,Graff John,VP,M - OptEx,9.63,5000,61233,+9%,48149.0,-3.0,-5.0,-11.0,4.0,NATI
1453,D,2006-11-27 12:47:33,2006-11-01,NATI,Graff John,VP,P - Purchase,23.59,61,61233,0%,1439.0,-3.0,-5.0,-11.0,4.0,NATI
1454,D,2006-11-27 12:47:33,2006-11-22,NATI,Graff John,VP,S - Sale+OE,30.0,-5000,61233,-8%,-150000.0,-3.0,-5.0,-11.0,4.0,NATI
1455,,2006-11-22 13:34:35,2006-11-20,NATI,Truchard James J,"Pres, 10%",S - Sale,30.21,-10500,17709416,0%,-317239.0,1.0,-2.0,-9.0,5.0,NATI
1456,D,2006-11-21 19:58:33,2006-11-20,NATI,Almgren Ray,VP,M - OptEx,9.63,962,43635,+2%,9264.0,1.0,-2.0,-7.0,5.0,NATI
1457,D,2006-11-21 19:58:33,2006-11-20,NATI,Almgren Ray,VP,S - Sale+OE,30.5,-962,43635,-2%,-29341.0,1.0,-2.0,-7.0,5.0,NATI
1458,,2006-11-21 18:42:00,2006-11-21,NATI,Kodosky Jeffrey L,Dir,S - Sale,29.71,-4550,3742729,0%,-135173.0,1.0,-2.0,-7.0,5.0,NATI
1459,,2006-11-21 18:21:13,2006-11-20,NATI,Kodosky Jeffrey L,Dir,S - Sale,30.25,-2050,3747279,0%,-62016.0,1.0,-2.0,-7.0,5.0,NATI
1460,DM,2006-11-17 16:11:04,2006-11-15,NATI,Almgren Ray,VP,M - OptEx,9.63,9065,43635,+26%,87293.0,-1.0,0.0,-8.0,3.0,NATI
1461,D,2006-11-17 16:11:04,2006-11-01,NATI,Almgren Ray,VP,P - Purchase,23.59,153,43635,0%,3609.0,-1.0,0.0,-8.0,3.0,NATI
1462,DM,2006-11-17 16:11:04,2006-11-15,NATI,Almgren Ray,VP,S - Sale+OE,30.51,-9065,43635,-17%,-276580.0,-1.0,0.0,-8.0,3.0,NATI
1463,,2006-11-15 18:08:38,2006-11-14,NATI,Truchard James J,"Pres, 10%",S - Sale,30.3,-10500,17719916,0%,-318140.0,-1.0,-3.0,-6.0,-1.0,NATI
1464,,2006-11-15 17:55:52,2006-11-13,NATI,Kodosky Jeffrey L,Dir,S - Sale,30.46,-6600,3749329,0%,-201025.0,-1.0,-3.0,-6.0,-1.0,NATI
1465,,2006-11-08 18:16:18,2006-11-07,NATI,Zogas Peter,SVP,S - Sale,30.8,-2613,51367,-5%,-80480.0,-1.0,0.0,-5.0,-5.0,NATI
1466,,2006-11-08 18:03:13,2006-11-06,NATI,Truchard James J,"Pres, 10%",S - Sale,30.28,-10500,17730416,0%,-317931.0,-1.0,0.0,-5.0,-5.0,NATI
1467,,2006-11-08 17:41:27,2006-11-06,NATI,Kodosky Jeffrey L,Dir,S - Sale,30.16,-6600,3755929,0%,-199068.0,-1.0,0.0,-5.0,-5.0,NATI
1468,D,2006-11-02 18:32:34,2006-10-31,NATI,Streetman Ben Garland,Dir,M - OptEx,8.67,20674,3354,-119%,179175.0,-1.0,1.0,-5.0,-6.0,NATI
1469,D,2006-11-02 18:32:34,2006-10-31,NATI,Streetman Ben Garland,Dir,S - Sale+OE,31.01,-20674,3354,-86%,-641082.0,-1.0,1.0,-5.0,-6.0,NATI
1470,M,2006-11-01 18:05:09,2006-10-30,NATI,Kodosky Jeffrey L,Dir,S - Sale,30.77,-13200,3762529,0%,-406124.0,-2.0,-1.0,-6.0,-8.0,NATI
1471,,2006-11-01 17:20:13,2006-10-30,NATI,Truchard James J,"Pres, 10%",S - Sale,30.45,-10500,17740916,0%,-319729.0,-2.0,-1.0,-6.0,-8.0,NATI
1472,D,2006-10-31 17:35:30,2006-10-27,NATI,Streetman Ben Garland,Dir,M - OptEx,8.67,13076,3354,-134%,113326.0,-1.0,-3.0,-7.0,-9.0,NATI
1473,D,2006-10-31 17:35:30,2006-10-27,NATI,Streetman Ben Garland,Dir,S - Sale+OE,31.07,-13076,3354,-80%,-406295.0,-1.0,-3.0,-7.0,-9.0,NATI
1474,,2006-10-27 18:56:37,2006-10-26,NATI,Zogas Peter,SVP,S - Sale,31.25,-5000,53980,-8%,-156266.0,-1.0,-2.0,-5.0,-9.0,NATI
1475,D,2006-10-27 18:45:23,2006-10-26,NATI,Graff John,VP,M - OptEx,9.63,10000,61172,+20%,96297.0,-1.0,-2.0,-5.0,-9.0,NATI
1476,D,2006-10-27 18:45:23,2006-10-26,NATI,Graff John,VP,S - Sale+OE,31.19,-10000,61172,-14%,-311900.0,-1.0,-2.0,-5.0,-9.0,NATI
1477,D,2006-10-27 18:21:03,2006-10-26,NATI,Dehne Timothy R,SVP,M - OptEx,9.63,5849,62715,+10%,56324.0,-1.0,-2.0,-5.0,-9.0,NATI
1478,D,2006-10-27 18:21:03,2006-10-26,NATI,Dehne Timothy R,SVP,S - Sale+OE,31.21,-5849,62715,-9%,-182567.0,-1.0,-2.0,-5.0,-9.0,NATI
1479,D,2006-10-27 17:43:20,2006-10-26,NATI,Carlton Donald M,Dir,M - OptEx,8.67,8000,7890,-7273%,69334.0,-1.0,-2.0,-5.0,-9.0,NATI
1480,D,2006-10-27 17:43:20,2006-10-26,NATI,Carlton Donald M,Dir,S - Sale+OE,31.28,-8000,7890,-50%,-250240.0,-1.0,-2.0,-5.0,-9.0,NATI
1481,M,2006-10-26 18:53:47,2006-10-24,NATI,Kodosky Jeffrey L,Dir,S - Sale,30.59,-13200,3775729,0%,-403767.0,-2.0,-2.0,-4.0,-11.0,NATI
1482,,2006-10-26 18:01:14,2006-10-24,NATI,Truchard James J,"Pres, 10%",S - Sale,29.63,-273000,17751416,-2%,-8088990.0,-2.0,-2.0,-4.0,-11.0,NATI
1483,,2006-10-17 13:13:55,2006-10-16,NATI,Kodosky Jeffrey L,Dir,S - Sale,28.71,-6600,3788929,0%,-189457.0,-1.0,-3.0,6.0,-7.0,NATI
1484,,2006-10-12 13:28:54,2006-10-11,NATI,Kodosky Jeffrey L,Dir,S - Sale,28.0,-4400,3795529,0%,-123213.0,2.0,2.0,9.0,-2.0,NATI
1485,,2006-10-11 11:29:07,2006-10-10,NATI,Kodosky Jeffrey L,Dir,S - Sale,27.87,-2200,3799929,0%,-61313.0,-1.0,2.0,9.0,-5.0,NATI
1486,,2006-10-03 17:54:19,2006-10-02,NATI,Kodosky Jeffrey L,Dir,S - Sale,27.15,-2200,3802129,0%,-59730.0,1.0,4.0,17.0,2.0,NATI
1487,,2006-09-28 11:27:28,2006-09-27,NATI,Kodosky Jeffrey L,Dir,S - Sale,27.3,-2200,3804329,0%,-60062.0,0.0,-2.0,14.0,-4.0,NATI
1488,,2006-09-22 11:41:04,2006-09-20,NATI,Kodosky Jeffrey L,Dir,S - Sale,26.99,-2200,3806529,0%,-59384.0,-1.0,2.0,6.0,-1.0,NATI
1489,,2006-09-14 17:23:43,2006-09-12,NATI,Kodosky Jeffrey L,Dir,S - Sale,26.63,-2200,3808729,0%,-58587.0,-1.0,0.0,5.0,-1.0,NATI
1490,,2006-09-08 19:47:41,2006-08-01,NATI,Porterfield Robert,VP,M - OptEx,23.59,625,42317,+1%,14742.0,0.0,1.0,3.0,1.0,NATI
1491,,2006-09-08 19:35:38,2006-08-01,NATI,Hugley David,"Vice Pres, GC",M - OptEx,23.59,246,7999,+3%,5803.0,0.0,1.0,3.0,1.0,NATI
1492,,2006-09-08 19:26:33,2006-08-01,NATI,Finger Mark,VP,M - OptEx,23.59,402,17671,+2%,9482.0,0.0,1.0,3.0,1.0,NATI
1493,,2006-09-06 17:33:39,2006-09-05,NATI,Kodosky Jeffrey L,Dir,S - Sale,28.0,-6600,3810929,0%,-184800.0,-1.0,-1.0,0.0,-1.0,NATI
1494,,2006-09-05 13:43:31,2006-09-01,NATI,Kodosky Jeffrey L,Dir,S - Sale,28.0,-4400,3817529,0%,-123200.0,0.0,-4.0,-4.0,-5.0,NATI
1495,,2006-08-31 19:08:37,2006-08-01,NATI,Razdan Ash,Director Corp Dev& Ofc of Pres,M - OptEx,23.59,312,69752,0%,7359.0,0.0,-4.0,-2.0,-5.0,NATI
1496,,2006-08-31 19:08:37,2006-08-30,NATI,Razdan Ash,Director Corp Dev& Ofc of Pres,S - Sale,27.88,-1000,69752,-1%,-27880.0,0.0,-4.0,-2.0,-5.0,NATI
1497,,2006-08-31 18:34:09,2006-08-01,NATI,Davern Alexander M,"CFO, SVP",M - OptEx,23.59,388,0,-100%,9152.0,0.0,-4.0,-2.0,-5.0,NATI
1498,M,2006-08-31 18:34:09,2006-08-29,NATI,Davern Alexander M,"CFO, SVP",S - Sale,27.6,-6483,0,-100%,-178947.0,0.0,-4.0,-2.0,-5.0,NATI
1499,DM,2006-08-31 17:08:07,2006-08-01,NATI,Graff John,VP,M - OptEx,10.41,5653,61172,+10%,58875.0,0.0,-4.0,-2.0,-5.0,NATI
1500,D,2006-08-31 17:08:07,2006-08-30,NATI,Graff John,VP,S - Sale+OE,27.8,-5335,61172,-8%,-148292.0,0.0,-4.0,-2.0,-5.0,NATI
1501,D,2006-08-31 15:53:29,2006-08-30,NATI,Dehne Timothy R,SVP,M - OptEx,9.63,3855,62715,+7%,37122.0,0.0,-4.0,-2.0,-6.0,NATI
1502,D,2006-08-31 15:53:29,2006-08-30,NATI,Dehne Timothy R,SVP,S - Sale+OE,27.81,-3855,62715,-6%,-107196.0,0.0,-4.0,-2.0,-6.0,NATI
1503,,2006-08-31 13:03:30,2006-08-30,NATI,Zogas Peter,SVP,S - Sale,27.75,-1572,58980,-3%,-43623.0,0.0,-4.0,-2.0,-6.0,NATI
1504,,2006-08-29 13:21:22,2006-08-28,NATI,Kodosky Jeffrey L,Dir,S - Sale,27.15,-2200,3821929,0%,-59730.0,1.0,2.0,1.0,-1.0,NATI
1505,A,2006-08-25 18:33:28,2006-08-22,NATI,Almgren Ray,VP,F - Tax,27.25,-4980,43482,-10%,-135705.0,0.0,2.0,-1.0,-1.0,NATI
1506,D,2006-08-24 18:32:11,2006-08-22,NATI,Almgren Ray,VP,M - OptEx,9.63,14092,48462,+41%,135702.0,1.0,3.0,-2.0,2.0,NATI
1507,D,2006-08-23 19:05:49,2006-08-22,NATI,Dehne Timothy R,SVP,M - OptEx,9.63,10000,62715,+19%,96297.0,0.0,2.0,0.0,2.0,NATI
1508,D,2006-08-23 19:05:49,2006-08-22,NATI,Dehne Timothy R,SVP,S - Sale+OE,27.47,-10000,62715,-14%,-274748.0,0.0,2.0,0.0,2.0,NATI
1509,,2006-08-23 16:45:14,2006-08-22,NATI,Zogas Peter,SVP,S - Sale,27.75,-3428,60552,-5%,-95127.0,0.0,2.0,0.0,2.0,NATI
1510,,2006-08-23 16:07:28,2006-08-21,NATI,Kodosky Jeffrey L,Dir,S - Sale,26.96,-2200,3824129,0%,-59312.0,0.0,2.0,0.0,2.0,NATI
1511,,2006-08-18 18:07:57,2006-08-01,NATI,Zogas Peter,SVP,M - OptEx,23.59,282,63980,0%,6652.0,-1.0,-1.0,-2.0,2.0,NATI
1512,,2006-08-18 18:07:57,2006-08-17,NATI,Zogas Peter,SVP,S - Sale,27.52,-5000,63980,-7%,-137589.0,-1.0,-1.0,-2.0,2.0,NATI
1513,,2006-08-18 17:57:17,2006-08-17,NATI,Almgren Ray,VP,S - Sale,27.25,-3864,34370,-10%,-105294.0,-1.0,-1.0,-2.0,2.0,NATI
1514,,2006-08-17 13:09:39,2006-08-01,NATI,Almgren Ray,VP,M - OptEx,23.59,365,38234,+1%,8609.0,0.0,-1.0,-2.0,2.0,NATI
1515,M,2006-08-17 13:09:39,2006-08-15,NATI,Almgren Ray,VP,S - Sale,27.25,-4457,38234,-10%,-121453.0,0.0,-1.0,-2.0,2.0,NATI
1516,,2006-08-15 19:37:49,2006-08-14,NATI,Kodosky Jeffrey L,Dir,S - Sale,27.06,-2200,3826329,0%,-59540.0,0.0,-1.0,0.0,3.0,NATI
1517,,2006-08-11 17:45:01,2006-08-09,NATI,Kodosky Jeffrey L,Dir,S - Sale,26.89,-2200,3828529,0%,-59169.0,0.0,1.0,-1.0,4.0,NATI
1518,D,2006-08-08 13:55:27,2006-08-04,NATI,Dehne Timothy R,SVP,M - OptEx,9.63,8000,62715,+15%,77038.0,-1.0,0.0,0.0,3.0,NATI
1519,D,2006-08-08 13:55:27,2006-08-04,NATI,Dehne Timothy R,SVP,S - Sale+OE,28.0,-8000,62715,-11%,-223983.0,-1.0,0.0,0.0,3.0,NATI
1520,DM,2006-08-07 18:38:28,2006-08-01,NATI,Dehne Timothy R,SVP,M - OptEx,9.95,8039,70569,+13%,79995.0,-1.0,0.0,3.0,2.0,NATI
1521,D,2006-08-07 18:38:28,2006-08-03,NATI,Dehne Timothy R,SVP,S - Sale+OE,27.98,-7854,70569,-10%,-219739.0,-1.0,0.0,3.0,2.0,NATI
1522,M,2006-07-31 17:34:49,2006-07-28,NATI,Kodosky Jeffrey L,Dir,S - Sale,28.06,-11000,3830729,0%,-308665.0,0.0,-1.0,-2.0,0.0,NATI
1523,,2006-07-25 11:21:48,2006-07-24,NATI,Kodosky Jeffrey L,Dir,S - Sale,25.31,-2200,3841729,0%,-55676.0,1.0,8.0,7.0,10.0,NATI
1524,,2006-07-20 13:20:55,2006-07-19,NATI,Kodosky Jeffrey L,Dir,S - Sale,25.31,-2200,3843929,0%,-55689.0,-1.0,2.0,8.0,10.0,NATI
1525,D,2006-07-18 18:04:03,2006-07-14,NATI,Razdan Ash,"Dir Corp Dev,Ofc of Pres",M - OptEx,21.04,318,70440,0%,6691.0,2.0,4.0,10.0,12.0,NATI
1526,,2006-07-14 11:29:07,2006-07-13,NATI,Kodosky Jeffrey L,Dir,S - Sale,25.4,-2200,3846129,0%,-55880.0,-1.0,-2.0,6.0,9.0,NATI
1527,,2006-07-07 11:42:08,2006-07-06,NATI,Kodosky Jeffrey L,Dir,S - Sale,27.13,-2200,3848329,0%,-59684.0,-1.0,-7.0,0.0,-2.0,NATI
1528,,2006-06-30 13:07:32,2006-06-29,NATI,Kodosky Jeffrey L,Dir,S - Sale,27.06,-2200,3850529,0%,-59530.0,0.0,0.0,1.0,-1.0,NATI
1529,,2006-06-22 13:51:58,2006-06-21,NATI,Kodosky Jeffrey L,Dir,S - Sale,27.0,-2200,3852729,0%,-59408.0,-1.0,-1.0,-8.0,4.0,NATI
1530,,2006-06-19 12:00:51,2006-06-16,NATI,Kodosky Jeffrey L,Dir,S - Sale,26.79,-2200,3854929,0%,-58930.0,-1.0,-1.0,-7.0,8.0,NATI
1531,,2006-06-09 13:14:01,2006-06-08,NATI,Kodosky Jeffrey L,Dir,S - Sale,27.5,-2200,3857129,0%,-60504.0,0.0,-3.0,-3.0,5.0,NATI
1532,,2006-06-01 12:58:53,2006-05-31,NATI,Kodosky Jeffrey L,Dir,S - Sale,28.0,-6600,3859329,0%,-184810.0,1.0,1.0,-2.0,4.0,NATI
1533,,2006-05-25 12:10:24,2006-05-24,NATI,Kodosky Jeffrey L,Dir,S - Sale,28.25,-6600,3865929,0%,-186482.0,1.0,1.0,-6.0,6.0,NATI
1534,,2006-05-22 18:45:19,2006-05-19,NATI,Kodosky Jeffrey L,Dir,S - Sale,29.08,-6600,3872529,0%,-191926.0,-1.0,1.0,-8.0,6.0,NATI
1535,,2006-05-18 12:56:44,2006-05-16,NATI,Daniels R Gary,Dir,S - Sale,29.68,-833,3853,-18%,-24723.0,1.0,-2.0,-8.0,6.0,NATI
1536,,2006-05-10 11:20:22,2006-05-08,NATI,Kodosky Jeffrey L,Dir,S - Sale,31.25,-13200,3879129,0%,-412558.0,-1.0,-5.0,-12.0,-3.0,NATI
1537,,2006-05-05 15:32:37,2006-05-03,NATI,Kodosky Jeffrey L,Dir,S - Sale,31.03,-13200,3892329,0%,-409599.0,2.0,-1.0,-8.0,0.0,NATI
1538,D,2006-05-03 11:34:43,2006-05-01,NATI,Streetman Ben Garland,Dir,M - OptEx,0.0,1667,3354,+99%,0.0,0.0,2.0,-8.0,-1.0,NATI
1539,D,2006-05-03 11:25:29,2006-05-01,NATI,Roesslein Charles J,Dir,M - OptEx,0.0,1667,3170,+111%,0.0,0.0,2.0,-8.0,-1.0,NATI
1540,D,2006-05-03 11:15:36,2006-05-01,NATI,Le Duy Loan T,Dir,M - OptEx,0.0,1667,1667,New,0.0,0.0,2.0,-8.0,-1.0,NATI
1541,D,2006-05-03 11:05:21,2006-05-01,NATI,Daniels R Gary,Dir,M - OptEx,0.0,1667,4686,+55%,0.0,0.0,2.0,-8.0,-1.0,NATI
1542,D,2006-05-03 10:54:25,2006-05-01,NATI,Carlton Donald M,Dir,M - OptEx,0.0,1667,7890,+27%,0.0,0.0,2.0,-8.0,-1.0,NATI
1543,D,2006-05-03 10:45:17,2006-05-01,NATI,Zogas Peter,SVP,M - OptEx,0.0,2339,68698,+4%,0.0,0.0,2.0,-8.0,-1.0,NATI
1544,D,2006-05-03 10:26:13,2006-05-01,NATI,Razdan Ash,"Dir Corp Dev,Ofc of Pres",M - OptEx,0.0,468,70122,+1%,0.0,0.0,2.0,-8.0,-1.0,NATI
1545,D,2006-05-03 10:02:02,2006-05-01,NATI,Porterfield Robert,VP,M - OptEx,0.0,1638,20682,+9%,0.0,0.0,2.0,-8.0,-1.0,NATI
1546,D,2006-05-03 09:42:04,2006-05-01,NATI,Hugley David,"VP, GC",M - OptEx,0.0,1170,7753,+18%,0.0,0.0,2.0,-8.0,-1.0,NATI
1547,D,2006-05-02 18:08:51,2006-05-01,NATI,Graff John,VP,M - OptEx,0.0,1170,60854,+2%,0.0,0.0,1.0,-9.0,0.0,NATI
1548,D,2006-05-02 17:47:18,2006-05-01,NATI,Finger Mark,VP,M - OptEx,0.0,1170,17269,+7%,0.0,0.0,1.0,-9.0,0.0,NATI
1549,D,2006-05-02 17:21:06,2006-05-01,NATI,Dehne Timothy R,SVP,M - OptEx,0.0,2339,62530,+4%,0.0,0.0,1.0,-9.0,0.0,NATI
1550,D,2006-05-02 16:54:11,2006-05-01,NATI,Davern Alexander M,"CFO, SVP",M - OptEx,0.0,2339,6095,+62%,0.0,0.0,1.0,-9.0,0.0,NATI
1551,D,2006-05-02 16:20:50,2006-05-01,NATI,Almgren Ray,VP,M - OptEx,0.0,1170,42326,+3%,0.0,0.0,1.0,-9.0,0.0,NATI
1552,,2006-04-26 17:01:47,2006-04-25,NATI,Kodosky Jeffrey L,Dir,S - Sale,33.1,-13200,3905529,0%,-436968.0,-4.0,-7.0,-15.0,-16.0,NATI
1553,,2006-04-26 12:17:53,2006-04-25,NATI,Truchard James J,"Pres, 10%",S - Sale,33.1,-10500,18024416,0%,-347550.0,1.0,-7.0,-15.0,-15.0,NATI
1554,,2006-04-20 11:08:04,2006-04-18,NATI,Truchard James J,"Pres, 10%",S - Sale,33.16,-10500,18034916,0%,-348219.0,0.0,-1.0,-15.0,-15.0,NATI
1555,,2006-04-20 10:51:02,2006-04-18,NATI,Kodosky Jeffrey L,Dir,S - Sale,33.18,-13200,3918729,0%,-437968.0,0.0,-1.0,-15.0,-15.0,NATI
1556,M,2006-04-14 20:26:06,2006-04-12,NATI,Kodosky Jeffrey L,Dir,S - Sale,33.04,-13200,3931929,0%,-436102.0,2.0,2.0,-9.0,-13.0,NATI
1557,M,2006-04-14 20:10:53,2006-04-12,NATI,Truchard James J,"Pres, 10%",S - Sale,33.08,-10500,18045416,0%,-347331.0,2.0,2.0,-9.0,-13.0,NATI
1558,,2006-04-05 21:17:02,2006-04-03,NATI,Zogas Peter,Senoir VP,M - OptEx,20.94,642,66359,+1%,13446.0,3.0,2.0,-5.0,-18.0,NATI
1559,,2006-04-05 21:09:34,2006-04-03,NATI,Razdan Ash,"Dir Corp Dev,Ofc of Pres",M - OptEx,20.94,538,69654,+1%,11268.0,3.0,2.0,-5.0,-18.0,NATI
1560,,2006-04-05 21:00:43,2006-04-03,NATI,Porterfield Robert,VP,M - OptEx,20.94,1039,37587,+3%,21761.0,3.0,2.0,-5.0,-18.0,NATI
1561,,2006-04-05 20:44:22,2006-04-03,NATI,Hugley David,"VP, GC",M - OptEx,20.94,689,6583,+12%,14430.0,3.0,2.0,-5.0,-18.0,NATI
1562,,2006-04-05 20:30:10,2006-04-03,NATI,Graff John,VP,M - OptEx,20.94,525,59684,+1%,10996.0,3.0,2.0,-5.0,-18.0,NATI
1563,,2006-04-05 20:15:36,2006-04-03,NATI,Finger Mark,VP,M - OptEx,20.94,654,16099,+4%,13697.0,3.0,2.0,-5.0,-18.0,NATI
1564,,2006-04-05 20:01:25,2006-04-03,NATI,Dehne Timothy R,SVP,M - OptEx,20.94,306,60191,+1%,6409.0,3.0,2.0,-5.0,-18.0,NATI
1565,,2006-04-05 19:40:11,2006-04-03,NATI,Almgren Ray,VP,M - OptEx,20.94,594,41156,+1%,12441.0,3.0,2.0,-5.0,-18.0,NATI
1566,,2006-04-05 19:02:37,2006-04-04,NATI,Kodosky Jeffrey L,Dir,S - Sale,32.81,-13200,3945129,0%,-433058.0,3.0,2.0,-5.0,-18.0,NATI
1567,,2006-04-05 18:45:10,2006-04-04,NATI,Truchard James J,"Pres, 10%",S - Sale,32.85,-10500,18055916,0%,-344920.0,3.0,2.0,-5.0,-18.0,NATI
1568,M,2006-03-30 12:51:51,2006-03-28,NATI,Truchard James J,"Pres, 10%",S - Sale,32.74,-42000,18066416,0%,-1375108.0,0.0,-1.0,-4.0,-16.0,NATI
1569,,2006-03-28 12:15:45,2006-03-27,NATI,Kodosky Jeffrey L,Dir,S - Sale,32.27,-13200,3958329,0%,-425902.0,0.0,1.0,3.0,-16.0,NATI
1570,,2006-03-23 16:42:30,2006-03-21,NATI,Kodosky Jeffrey L,Dir,S - Sale,32.05,-13200,3971529,0%,-423065.0,0.0,3.0,5.0,-15.0,NATI
1571,,2006-03-16 17:38:06,2006-03-15,NATI,Kodosky Jeffrey L,Dir,S - Sale,32.4,-13200,3984729,0%,-427680.0,0.0,0.0,2.0,-14.0,NATI
1572,,2006-03-10 12:36:47,2006-03-09,NATI,Kodosky Jeffrey L,Dir,S - Sale,31.78,-6600,3997929,0%,-209737.0,0.0,1.0,5.0,-16.0,NATI
1573,,2006-03-09 11:03:37,2006-03-07,NATI,Kodosky Jeffrey L,Dir,S - Sale,32.14,-6600,4004529,0%,-212133.0,0.0,1.0,6.0,-15.0,NATI
1574,,2006-03-02 12:31:37,2006-03-01,NATI,Kodosky Jeffrey L,Dir,S - Sale,33.06,-13200,4011129,0%,-436440.0,0.0,-3.0,0.0,-16.0,NATI
1575,,2006-03-02 12:14:57,2006-03-01,NATI,Truchard James J,"Pres, 10%",S - Sale,33.07,-10500,18108416,0%,-347216.0,0.0,-3.0,0.0,-16.0,NATI
1576,D,2006-03-01 12:31:46,2006-02-28,NATI,Graff John,VP,M - OptEx,13.91,5000,59159,+9%,69563.0,1.0,-1.0,2.0,-16.0,NATI
1577,D,2006-03-01 12:31:46,2006-02-28,NATI,Graff John,VP,S - Sale+OE,32.62,-5000,59159,-8%,-163094.0,1.0,-1.0,2.0,-16.0,NATI
1578,,2006-02-27 18:02:28,2006-02-23,NATI,Truchard James J,"Pres, 10%",S - Sale,32.26,-10500,18118916,0%,-338730.0,-2.0,-2.0,-3.0,-19.0,NATI
1579,,2006-02-23 16:16:40,2006-02-21,NATI,Kodosky Jeffrey L,Dir,S - Sale,31.75,-13200,4024329,0%,-419129.0,1.0,2.0,-1.0,-15.0,NATI
1580,M,2006-02-21 16:11:26,2006-02-16,NATI,Almgren Ray,VP,S - Sale,32.0,-16000,40562,-28%,-512000.0,1.0,5.0,2.0,-14.0,NATI
1581,A,2006-02-16 15:26:12,2005-01-28,NATI,Dehne Timothy R,SVP,F - Tax,25.29,-7031,52168,-12%,-177814.0,0.0,1.0,0.0,-15.0,NATI
1582,D,2006-02-16 11:59:39,2006-02-14,NATI,Razdan Ash,Director Corp Dev& Ofc of Pres,M - OptEx,14.42,1164,69116,+2%,16786.0,0.0,1.0,0.0,-15.0,NATI
1583,D,2006-02-16 11:59:39,2006-02-14,NATI,Razdan Ash,Director Corp Dev& Ofc of Pres,S - Sale+OE,32.0,-1164,69116,-2%,-37248.0,0.0,1.0,0.0,-15.0,NATI
1584,,2006-02-16 11:21:06,2006-02-14,NATI,Truchard James J,"Pres, 10%",S - Sale,31.92,-10500,18129416,0%,-335160.0,0.0,1.0,0.0,-15.0,NATI
1585,,2006-02-16 10:29:58,2006-02-14,NATI,Kodosky Jeffrey L,Dir,S - Sale,31.88,-13200,4037529,0%,-420848.0,0.0,1.0,0.0,-15.0,NATI
1586,A,2006-02-10 19:14:24,2006-02-01,NATI,Daniels R Gary,Dir,S - Sale,32.67,-16200,3019,-84%,-529186.0,0.0,0.0,0.0,-15.0,NATI
1587,D,2006-02-10 18:28:24,2006-02-09,NATI,Finger Mark,VP,M - OptEx,14.16,15000,15445,>999%,212345.0,0.0,0.0,0.0,-15.0,NATI
1588,D,2006-02-10 18:28:24,2006-02-09,NATI,Finger Mark,VP,S - Sale+OE,32.0,-15000,15445,-49%,-480024.0,0.0,0.0,0.0,-15.0,NATI
1589,,2006-02-10 18:09:42,2006-02-09,NATI,Kodosky Jeffrey L,Dir,S - Sale,32.05,-13200,4050729,0%,-423031.0,0.0,0.0,0.0,-15.0,NATI
1590,,2006-02-10 17:54:03,2006-02-09,NATI,Truchard James J,"Pres, 10%",S - Sale,32.01,-10500,18139916,0%,-336120.0,0.0,0.0,0.0,-15.0,NATI
1591,D,2006-02-08 13:33:41,2006-02-06,NATI,Razdan Ash,Director Corp Dev& Ofc of Pres,F - Tax,32.7,-9000,69116,-12%,-294300.0,1.0,1.0,1.0,-15.0,NATI
1592,D,2006-02-08 13:33:41,2006-02-06,NATI,Razdan Ash,Director Corp Dev& Ofc of Pres,M - OptEx,25.72,20893,69116,+43%,537393.0,1.0,1.0,1.0,-15.0,NATI
1593,D,2006-02-06 17:35:56,2006-02-03,NATI,Graff John,VP,M - OptEx,5.93,16112,104568,+18%,95478.0,-3.0,-2.0,-1.0,-15.0,NATI
1594,,2006-02-02 18:29:43,2006-02-02,NATI,Truchard James J,"Pres, 10%",S - Sale,32.61,-10500,18150416,0%,-342429.0,0.0,-4.0,-1.0,-15.0,NATI
1595,,2006-02-02 18:17:20,2006-02-02,NATI,Kodosky Jeffrey L,Dir,S - Sale,32.46,-13200,4063929,0%,-428479.0,0.0,-4.0,-1.0,-15.0,NATI
1596,D,2006-02-02 16:42:51,2006-02-01,NATI,Daniels R Gary,Dir,M - OptEx,24.32,16200,3019,-123%,394017.0,0.0,-4.0,-1.0,-15.0,NATI
1597,D,2006-02-02 16:42:51,2006-02-01,NATI,Daniels R Gary,Dir,S - Sale+OE,32.67,-16200,3019,-84%,-529186.0,0.0,-4.0,-1.0,-15.0,NATI
1598,D,2006-02-01 17:42:48,2006-01-30,NATI,Porterfield Robert,VP,M - OptEx,5.93,8157,18005,+83%,48338.0,1.0,-2.0,1.0,-14.0,NATI
1599,D,2006-02-01 17:42:48,2006-01-30,NATI,Porterfield Robert,VP,S - Sale+OE,35.0,-8157,18005,-31%,-285495.0,1.0,-2.0,1.0,-14.0,NATI
1600,,2006-02-01 17:07:51,2006-01-31,NATI,Truchard James J,"Pres, 10%",S - Sale,33.14,-15110,128815,-10%,-500776.0,1.0,-2.0,1.0,-14.0,NATI
1601,D,2006-02-01 17:02:02,2006-01-30,NATI,Hugley David,"Vice Pres, GC",M - OptEx,11.68,36823,5894,-119%,429995.0,1.0,-2.0,1.0,-14.0,NATI
1602,D,2006-02-01 17:02:02,2006-01-30,NATI,Hugley David,"Vice Pres, GC",S - Sale+OE,34.5,-36823,5894,-86%,-1270408.0,1.0,-2.0,1.0,-14.0,NATI
1603,,2006-01-27 17:05:50,2006-01-26,NATI,Kodosky Jeffrey L,Dir,S - Sale,36.76,-6600,4077129,0%,-242637.0,-7.0,-9.0,-7.0,-28.0,NATI
1604,,2006-01-24 15:26:46,2006-01-23,NATI,Kodosky Jeffrey L,Dir,S - Sale,32.4,-13200,4083729,0%,-427680.0,1.0,3.0,-1.0,-21.0,NATI
1605,,2006-01-24 15:13:22,2006-01-23,NATI,Truchard James J,"Pres, 10%",S - Sale,32.4,-10500,18160916,0%,-340200.0,1.0,3.0,-1.0,-21.0,NATI
1606,,2006-01-19 16:15:41,2006-01-19,NATI,Kodosky Jeffrey L,Dir,G - Gift,0.0,-100000,4096929,-2%,-0.0,-1.0,0.0,-2.0,-23.0,NATI
1607,,2006-01-19 16:15:41,2006-01-17,NATI,Kodosky Jeffrey L,Dir,S - Sale,33.03,-13200,4096929,0%,-435980.0,-1.0,0.0,-2.0,-23.0,NATI
1608,,2006-01-19 15:34:58,2006-01-17,NATI,Truchard James J,"Pres, 10%",S - Sale,33.08,-10500,18171416,0%,-347370.0,0.0,0.0,-2.0,-23.0,NATI
1609,,2006-01-11 09:39:10,2006-01-09,NATI,Kodosky Jeffrey L,Dir,S - Sale,33.2,-13200,4210129,0%,-438240.0,-1.0,-3.0,-5.0,-23.0,NATI
1610,,2006-01-11 09:28:20,2006-01-09,NATI,Truchard James J,"Pres, 10%",S - Sale,33.2,-10500,18181916,0%,-348600.0,-1.0,-3.0,-5.0,-23.0,NATI
1611,,2006-01-05 18:05:59,2006-01-03,NATI,Kodosky Jeffrey L,Dir,S - Sale,32.3,-13200,4223329,0%,-426380.0,1.0,-1.0,-2.0,-18.0,NATI
1612,,2006-01-05 17:50:45,2006-01-03,NATI,Truchard James J,"Pres, 10%",S - Sale,32.3,-10500,18192416,0%,-339166.0,1.0,-1.0,-2.0,-18.0,NATI
1613,,2005-12-30 17:05:17,2005-12-29,NATI,Zogas Peter,SVP,G - Gift,0.0,-295,65717,0%,-0.0,3.0,6.0,3.0,-14.0,NATI
1614,,2005-12-29 18:21:56,2005-12-27,NATI,Kodosky Jeffrey L,Dir,S - Sale,32.55,-13200,4236529,0%,-429659.0,-1.0,4.0,3.0,-15.0,NATI
1615,,2005-12-29 18:08:00,2005-12-27,NATI,Truchard James J,"Pres, 10%",S - Sale,32.56,-10500,18202916,0%,-341863.0,-1.0,4.0,3.0,-15.0,NATI
1616,,2005-12-20 13:01:51,2005-12-19,NATI,Kodosky Jeffrey L,Dir,S - Sale,31.81,-13200,4249729,0%,-419874.0,1.0,2.0,2.0,-15.0,NATI
1617,,2005-12-20 12:15:03,2005-12-19,NATI,Truchard James J,"Pres, 10%",S - Sale,31.8,-10500,18213416,0%,-333938.0,1.0,2.0,2.0,-15.0,NATI
1618,,2005-12-19 13:37:10,2005-12-16,NATI,Kodosky Jeffrey L,Dir,S - Sale,31.0,-6600,4262929,0%,-204607.0,1.0,5.0,5.0,-15.0,NATI
1619,M,2005-12-12 15:06:20,2005-12-09,NATI,Kodosky Jeffrey L,Dir,S - Sale,28.13,-8236,4269529,0%,-231709.0,2.0,12.0,20.0,-4.0,NATI
1620,M,2005-12-12 13:38:53,2005-12-09,NATI,Truchard James J,"Pres, 10%",S - Sale,28.09,-21000,18223916,0%,-589944.0,2.0,12.0,20.0,-4.0,NATI
1621,,2005-12-07 17:44:08,2005-12-06,NATI,Kodosky Jeffrey L,Dir,S - Sale,27.49,-2200,4277765,0%,-60475.0,1.0,4.0,23.0,0.0,NATI
1622,,2005-12-02 17:49:37,2005-12-01,NATI,Truchard James J,"Pres, 10%",S - Sale,28.0,-10500,18244916,0%,-294013.0,-1.0,0.0,18.0,2.0,NATI
1623,,2005-12-02 16:52:15,2005-12-01,NATI,Kodosky Jeffrey L,Dir,S - Sale,28.0,-4400,4279965,0%,-123200.0,-1.0,0.0,18.0,2.0,NATI
1624,,2005-12-01 18:19:10,2005-11-30,NATI,Dehne Timothy R,SVP,S - Sale,25.5,-1787,59615,-3%,-45569.0,-1.0,-2.0,16.0,4.0,NATI
1625,,2005-11-29 16:50:48,2005-11-28,NATI,Kodosky Jeffrey L,Dir,S - Sale,25.0,-2200,4284365,0%,-55002.0,3.0,9.0,30.0,12.0,NATI
1626,,2005-11-28 13:22:06,2005-11-21,NATI,Dehne Timothy R,SVP,S - Sale,25.25,-2000,61402,-3%,-50500.0,1.0,12.0,30.0,11.0,NATI
1627,M,2005-11-04 15:27:39,2004-11-02,NATI,Roesslein Charles J,Dir,P - Purchase,24.16,1000,2000,+100%,24163.0,0.0,2.0,12.0,28.0,NATI
1628,,2005-10-20 17:15:33,2005-10-03,NATI,Zogas Peter,SVP,M - OptEx,20.94,450,66012,+1%,9425.0,-1.0,-1.0,6.0,42.0,NATI
1629,,2005-10-20 17:05:30,2005-10-03,NATI,Porterfield Robert,VP,M - OptEx,20.94,992,35537,+3%,20776.0,-1.0,-1.0,6.0,42.0,NATI
1630,,2005-10-20 16:50:27,2005-10-03,NATI,Hugley David,"Vice Pres, GC",M - OptEx,20.94,421,5894,+8%,8817.0,-1.0,-1.0,6.0,42.0,NATI
1631,,2005-10-20 16:41:31,2005-10-03,NATI,Graff John,VP,M - OptEx,20.94,354,43047,+1%,7414.0,-1.0,-1.0,6.0,42.0,NATI
1632,,2005-10-20 16:24:16,2005-10-20,NATI,Finger Mark,VP,M - OptEx,20.94,627,15445,+4%,13132.0,-1.0,-1.0,6.0,42.0,NATI
1633,,2005-10-20 16:06:33,2005-10-03,NATI,Dehne Timothy R,SVP,M - OptEx,20.94,299,63402,0%,6262.0,-1.0,-1.0,6.0,42.0,NATI
1634,,2005-10-20 15:50:59,2005-10-03,NATI,Davern Alexander M,SVP,M - OptEx,20.94,919,3756,+32%,19248.0,0.0,-1.0,6.0,42.0,NATI
1635,,2005-10-20 15:31:02,2005-10-03,NATI,Almgren Ray,VP,M - OptEx,20.99,573,56562,+1%,12030.0,0.0,-1.0,6.0,42.0,NATI
1636,,2005-09-26 16:54:06,2005-09-22,NATI,Kodosky Jeffrey L,Dir,G - Gift,0.0,-700,2836275,0%,-0.0,0.0,2.0,-2.0,34.0,NATI
1637,,2005-09-14 15:42:21,2005-09-12,NATI,Kodosky Jeffrey L,Dir,S - Sale,28.2,-6600,4287265,0%,-186122.0,-1.0,-8.0,-13.0,16.0,NATI
1638,,2005-09-07 15:33:50,2005-09-06,NATI,Kodosky Jeffrey L,Dir,S - Sale,28.31,-6600,4293865,0%,-186868.0,0.0,-2.0,-15.0,13.0,NATI
1639,,2005-09-02 13:49:18,2005-08-31,NATI,Zogas Peter,SVP,S - Sale,28.17,-15000,65562,-19%,-422513.0,-1.0,0.0,-13.0,15.0,NATI
1640,,2005-09-02 12:31:04,2005-08-31,NATI,Almgren Ray,VP,S - Sale,28.16,-15000,55989,-21%,-422400.0,-1.0,0.0,-13.0,15.0,NATI
1641,,2005-08-31 13:12:57,2005-08-31,NATI,Almgren Ray,VP,S - Sale,28.16,-4000,70898,-5%,-112644.0,1.0,1.0,-14.0,17.0,NATI
1642,D,2005-08-30 18:53:41,2005-08-29,NATI,Graff John,VP,M - OptEx,5.93,10000,42693,+31%,59259.0,1.0,1.0,-14.0,17.0,NATI
1643,D,2005-08-30 18:53:41,2005-08-29,NATI,Graff John,VP,S - Sale+OE,28.0,-10000,42693,-19%,-280000.0,1.0,1.0,-14.0,17.0,NATI
1644,,2005-08-30 18:32:00,2005-08-29,NATI,Kodosky Jeffrey L,Dir,S - Sale,28.05,-6600,4300465,0%,-185108.0,1.0,1.0,-14.0,17.0,NATI
1645,,2005-08-26 11:50:10,2005-08-24,NATI,Kodosky Jeffrey L,Dir,S - Sale,28.0,-3850,4307065,0%,-107800.0,-1.0,0.0,-14.0,18.0,NATI
1646,,2005-08-26 11:30:43,2005-08-24,NATI,Dehne Timothy R,SVP,S - Sale,28.1,-4000,63103,-6%,-112400.0,-1.0,0.0,-14.0,18.0,NATI
1647,D,2005-08-26 11:00:57,2005-08-24,NATI,Almgren Ray,VP,M - OptEx,15.31,6000,74989,+9%,91833.0,-1.0,0.0,-14.0,18.0,NATI
1648,D,2005-08-26 11:00:57,2005-08-24,NATI,Almgren Ray,VP,S - Sale+OE,28.13,-6000,74989,-7%,-168773.0,-1.0,0.0,-14.0,18.0,NATI
1649,,2005-08-24 12:15:47,2005-08-23,NATI,Kodosky Jeffrey L,Dir,S - Sale,28.0,-2750,4310915,0%,-77000.0,-1.0,1.0,-12.0,16.0,NATI
1650,,2005-08-16 16:32:30,2005-08-15,NATI,Kodosky Jeffrey L,Dir,S - Sale,28.0,-6600,4313665,0%,-184800.0,1.0,2.0,1.0,17.0,NATI
1651,,2005-08-10 11:41:13,2005-08-02,NATI,Dehne Timothy R,SVP,S - Sale,28.3,-8000,67103,-11%,-226400.0,0.0,-1.0,1.0,14.0,NATI
1652,,2005-08-09 18:43:10,2005-08-08,NATI,Kodosky Jeffrey L,Dir,S - Sale,28.3,-6600,4320265,0%,-186770.0,0.0,1.0,2.0,14.0,NATI
1653,,2005-08-04 12:30:50,2005-08-03,NATI,Porterfield Robert,VP,S - Sale,29.0,-6555,17013,-28%,-190095.0,-1.0,-7.0,-4.0,11.0,NATI
1654,,2005-08-04 12:16:51,2005-08-02,NATI,Kodosky Jeffrey L,Dir,S - Sale,28.0,-6600,4326865,0%,-184800.0,-1.0,-7.0,-4.0,11.0,NATI
1655,,2005-08-01 13:28:17,2005-07-28,NATI,Kodosky Jeffrey L,Dir,S - Sale,28.0,-6600,4333465,0%,-184800.0,2.0,2.0,4.0,22.0,NATI
1656,,2005-05-23 13:09:22,2005-05-20,NATI,Porterfield Robert,VP,S - Sale,23.06,-915,23568,-4%,-21100.0,0.0,2.0,-5.0,9.0,NATI
1657,D,2005-04-25 14:51:52,2005-04-21,NATI,Carlton Donald M,Dir,M - OptEx,6.52,1518,6223,+32%,9895.0,1.0,-2.0,5.0,8.0,NATI
1658,,2005-04-08 17:29:16,2005-04-01,NATI,Zogas Peter,SVP,M - OptEx,22.99,461,80562,+1%,10600.0,0.0,-3.0,-9.0,0.0,NATI
1659,,2005-04-08 17:20:11,2005-04-01,NATI,Porterfield Robert,VP,M - OptEx,22.99,844,24483,+4%,19406.0,0.0,-3.0,-9.0,0.0,NATI
1660,,2005-04-08 16:57:30,2005-04-01,NATI,Hugley David,"VP, GC",M - OptEx,22.99,561,5473,+11%,12899.0,0.0,-3.0,-9.0,0.0,NATI
1661,,2005-04-08 16:44:34,2005-04-01,NATI,Graff John,VP,M - OptEx,22.99,510,42693,+1%,11726.0,0.0,-3.0,-9.0,0.0,NATI
1662,,2005-04-08 16:31:29,2005-04-01,NATI,Finger Mark,VP,M - OptEx,22.99,352,14818,+2%,8093.0,0.0,-3.0,-9.0,0.0,NATI
1663,,2005-04-08 16:11:36,2005-04-01,NATI,Dehne Timothy R,SVP,M - OptEx,22.99,255,75103,0%,5863.0,0.0,-3.0,-9.0,0.0,NATI
1664,,2005-04-08 15:02:33,2005-04-01,NATI,Davern Alexander M,"CFO, SVP",M - OptEx,22.99,4,2837,0%,92.0,-1.0,-5.0,-10.0,-2.0,NATI
1665,,2005-04-08 14:40:58,2005-04-01,NATI,Almgren Ray,VP,M - OptEx,22.99,475,74989,+1%,10921.0,-1.0,-5.0,-10.0,-2.0,NATI
1666,,2005-03-29 18:05:53,2005-03-28,NATI,Kodosky Jeffrey L,Dir,S - Sale,28.11,-2640,4340065,0%,-74199.0,-1.0,-11.0,-20.0,-10.0,NATI
1667,,2005-03-22 11:58:28,2005-03-21,NATI,Kodosky Jeffrey L,Dir,S - Sale,28.4,-6600,4342705,0%,-187447.0,-1.0,-4.0,-23.0,-8.0,NATI
1668,,2005-03-16 17:44:15,2005-03-14,NATI,Kodosky Jeffrey L,Dir,S - Sale,29.42,-6600,4349305,0%,-194165.0,-1.0,-3.0,-20.0,-4.0,NATI
1669,,2005-03-16 17:31:35,2003-08-15,NATI,Kodosky Jeffrey L,Dir,S - Sale,37.78,-4400,3585271,0%,-166210.0,-1.0,-3.0,-20.0,-4.0,NATI
1670,,2005-03-16 17:00:10,2002-12-30,NATI,Kodosky Jeffrey L,Dir,S - Sale,31.74,-2200,4014271,0%,-69831.0,-1.0,-3.0,-20.0,-4.0,NATI
1671,,2005-03-09 17:36:25,2004-10-01,NATI,Truchard James J,"Pres, 10%",S - Sale,30.51,-18400,18382541,0%,-561340.0,1.0,0.0,-15.0,-2.0,NATI
1672,A,2005-03-09 17:15:47,2004-02-26,NATI,Truchard James J,"Pres, 10%",S - Sale,33.3,-5250,1714500,0%,-174825.0,1.0,0.0,-15.0,-2.0,NATI
1673,A,2005-03-08 19:11:33,2005-03-07,NATI,Kodosky Jeffrey L,Dir,S - Sale,29.0,-6600,4365804,0%,-191400.0,1.0,2.0,-14.0,-2.0,NATI
1674,,2005-03-08 18:51:19,2005-03-07,NATI,National Instruments Corp /de/,Dir,S - Sale,29.0,-6600,4365804,0%,-191400.0,1.0,2.0,-14.0,-2.0,NATI
1675,,2005-03-02 09:31:19,2005-03-01,NATI,Kodosky Jeffrey L,Dir,S - Sale,28.57,-6600,4372404,0%,-188588.0,0.0,0.0,-7.0,-2.0,NATI
1676,D,2005-03-01 12:33:05,2005-02-25,NATI,Almgren Ray,VP,M - OptEx,11.21,3243,74514,+5%,36349.0,1.0,2.0,-5.0,-2.0,NATI
1677,D,2005-03-01 12:33:05,2005-02-25,NATI,Almgren Ray,VP,S - Sale+OE,28.47,-3243,74514,-4%,-92314.0,1.0,2.0,-5.0,-2.0,NATI
1678,D,2005-03-01 10:06:42,2005-02-25,NATI,Hugley David,"VP, GC",M - OptEx,5.93,5994,4912,-554%,35520.0,1.0,2.0,-5.0,-2.0,NATI
1679,D,2005-03-01 10:06:42,2005-02-25,NATI,Hugley David,"VP, GC",S - Sale+OE,28.7,-5994,4912,-55%,-172028.0,1.0,2.0,-5.0,-2.0,NATI
1680,D,2005-02-28 16:10:40,2005-02-24,NATI,Finger Mark,VP,M - OptEx,9.63,11813,14466,+445%,113756.0,1.0,1.0,-4.0,-1.0,NATI
1681,D,2005-02-28 16:10:40,2005-02-24,NATI,Finger Mark,VP,S - Sale+OE,28.65,-11813,14466,-45%,-338468.0,1.0,1.0,-4.0,-1.0,NATI
1682,,2005-02-25 17:52:36,2005-02-24,NATI,Dehne Timothy R,SVP,S - Sale,28.6,-7050,74848,-9%,-201630.0,-1.0,1.0,-3.0,-3.0,NATI
1683,,2005-02-23 18:48:21,2005-02-22,NATI,Kodosky Jeffrey L,Dir,S - Sale,29.0,-6600,4379004,0%,-191395.0,0.0,1.0,-2.0,-2.0,NATI
1684,D,2005-02-23 18:35:53,2005-02-22,NATI,Hugley David,"VP, GC",M - OptEx,5.93,506,4406,+13%,2999.0,0.0,1.0,-2.0,-2.0,NATI
1685,D,2005-02-23 18:35:53,2005-02-22,NATI,Hugley David,"VP, GC",S - Sale+OE,29.1,-506,4406,-10%,-14725.0,0.0,1.0,-2.0,-2.0,NATI
1686,A,2005-02-18 11:57:59,2005-02-16,NATI,Porterfield Robert,VP,F - Tax,29.55,-1435,14389,-9%,-42404.0,-1.0,-1.0,-1.0,-6.0,NATI
1687,D,2005-02-18 11:50:22,2005-02-18,NATI,Porterfield Robert,VP,F - Tax,29.55,-1435,23639,-6%,-42404.0,-1.0,-1.0,-1.0,-6.0,NATI
1688,D,2005-02-18 11:50:22,2005-02-16,NATI,Porterfield Robert,VP,M - OptEx,4.58,9250,23639,+64%,42397.0,-1.0,-1.0,-1.0,-6.0,NATI
1689,,2005-02-18 10:37:41,2005-02-17,NATI,Carlton Donald M,Dir,S - Sale,28.93,-1500,4705,-24%,-43395.0,-1.0,-1.0,-1.0,-6.0,NATI
1690,,2005-02-08 12:33:30,2005-02-07,NATI,Kodosky Jeffrey L,Dir,S - Sale,28.5,-6600,4385604,0%,-188080.0,2.0,3.0,2.0,-2.0,NATI
1691,,2005-02-07 13:54:11,2005-02-04,NATI,Kodosky Jeffrey L,Dir,S - Sale,28.08,-6600,4392204,0%,-185350.0,1.0,3.0,2.0,-1.0,NATI
1692,D,2005-02-02 18:23:56,2005-02-01,NATI,Almgren Ray,VP,F - Tax,27.34,-4020,74514,-5%,-109907.0,0.0,5.0,5.0,4.0,NATI
1693,D,2005-02-02 18:23:56,2005-02-01,NATI,Almgren Ray,VP,M - OptEx,5.93,18543,74514,+33%,109884.0,0.0,5.0,5.0,4.0,NATI
1694,D,2005-02-01 18:16:07,2005-01-28,NATI,Almgren Ray,VP,M - OptEx,5.93,8321,59991,+16%,49309.0,1.0,4.0,5.0,2.0,NATI
1695,D,2005-02-01 18:01:40,2005-01-28,NATI,Dehne Timothy R,SVP,F - Tax,25.29,-7301,81898,-8%,-184642.0,1.0,4.0,5.0,2.0,NATI
1696,D,2005-02-01 18:01:40,2005-01-28,NATI,Dehne Timothy R,SVP,M - OptEx,5.93,30000,81898,+58%,177777.0,1.0,4.0,5.0,2.0,NATI
1697,D,2005-02-01 17:41:12,2005-01-28,NATI,Graff John,VP,M - OptEx,5.93,10000,42183,+31%,59259.0,1.0,4.0,5.0,2.0,NATI
1698,D,2005-02-01 16:58:09,2005-01-28,NATI,Davern Alexander M,"CFO, SVP",M - OptEx,10.53,1897,2833,+203%,19979.0,1.0,4.0,5.0,2.0,NATI
1699,D,2005-02-01 16:33:40,2005-01-28,NATI,Zogas Peter,SVP,M - OptEx,5.93,37800,80101,+89%,223999.0,1.0,4.0,5.0,2.0,NATI
1700,,2005-02-01 15:39:24,2005-01-28,NATI,Kodosky Jeffrey L,Dir,S - Sale,28.0,-6600,4398804,0%,-184800.0,0.0,5.0,6.0,2.0,NATI
1701,D,2005-01-18 18:48:25,2005-01-07,NATI,Almgren Ray,VP,F - Tax,25.52,-2226,51670,-4%,-56808.0,-2.0,-3.0,15.0,-9.0,NATI
1702,D,2005-01-18 18:48:25,2005-01-07,NATI,Almgren Ray,VP,M - OptEx,5.93,9586,51670,+23%,56806.0,-2.0,-3.0,15.0,-9.0,NATI
1703,D,2005-01-04 12:28:45,2004-12-31,NATI,Porterfield Robert,VP,F - Tax,27.5,-286,15824,-2%,-7865.0,-2.0,-4.0,4.0,-17.0,NATI
1704,D,2005-01-04 12:28:45,2004-12-31,NATI,Porterfield Robert,VP,M - OptEx,4.3,1830,15824,+13%,7862.0,-2.0,-4.0,4.0,-17.0,NATI
1705,,2004-12-29 16:53:58,2004-12-28,NATI,Truchard James J,"Pres, 10%",G - Gift,0.0,-21500,16774721,0%,-0.0,1.0,-4.0,-7.0,-21.0,NATI
1706,,2004-12-08 17:59:47,2004-12-07,NATI,Kodosky Jeffrey L,Dir,S - Sale,28.17,-6600,4405404,0%,-185940.0,-2.0,-2.0,-9.0,-23.0,NATI
1707,,2004-12-03 12:06:10,2004-12-01,NATI,Kodosky Jeffrey L,Dir,S - Sale,28.71,-6600,4412004,0%,-189495.0,1.0,-4.0,-6.0,-21.0,NATI
1708,,2004-12-01 10:42:28,2004-11-30,NATI,Zogas Peter,SVP,S - Sale,28.7,-10300,42301,-20%,-295634.0,1.0,-2.0,-4.0,-18.0,NATI
1709,M,2004-12-01 10:24:23,2004-11-29,NATI,Almgren Ray,VP,S - Sale,28.83,-4000,44310,-8%,-115305.0,1.0,-2.0,-4.0,-18.0,NATI
1710,,2004-11-29 16:22:49,2004-11-24,NATI,Kodosky Jeffrey L,Dir,S - Sale,29.61,-6600,4418604,0%,-195426.0,-2.0,-1.0,-6.0,-18.0,NATI
1711,,2004-11-29 16:06:04,2004-11-24,NATI,Truchard James J,"Pres, 10%",S - Sale,29.61,-10500,18316941,0%,-310905.0,-2.0,-1.0,-6.0,-18.0,NATI
1712,,2004-11-19 14:38:35,2004-11-18,NATI,Truchard James J,"Pres, 10%",S - Sale,29.68,-46000,18327441,0%,-1365303.0,-2.0,0.0,-11.0,-22.0,NATI
1713,,2004-11-18 17:15:15,2004-11-17,NATI,Kodosky Jeffrey L,Dir,S - Sale,29.68,-6600,4425204,0%,-195888.0,-2.0,0.0,-10.0,-22.0,NATI
1714,,2004-11-18 16:59:38,2004-11-17,NATI,Truchard James J,"Pres, 10%",S - Sale,29.69,-17000,18373441,0%,-504676.0,-2.0,0.0,-10.0,-22.0,NATI
1715,,2004-11-12 16:46:21,2004-11-10,NATI,Porterfield Robert,VP,S - Sale,28.75,-4007,14280,-22%,-115201.0,1.0,3.0,-6.0,-23.0,NATI
1716,,2004-10-18 16:20:23,2004-10-01,NATI,Zogas Peter,SVP,M - OptEx,25.73,460,52601,+1%,11836.0,-1.0,0.0,14.0,-11.0,NATI
1717,,2004-10-18 16:06:23,2004-10-01,NATI,Hugley David,"VP, GC",M - OptEx,25.73,466,4912,+10%,11990.0,-1.0,0.0,14.0,-11.0,NATI
1718,,2004-10-18 15:51:07,2004-10-01,NATI,Graff John,VP,M - OptEx,25.73,321,32183,+1%,8259.0,1.0,1.0,15.0,-11.0,NATI
1719,,2004-10-18 15:27:08,2004-10-01,NATI,Finger Mark,VP,M - OptEx,25.73,301,14466,+2%,7745.0,1.0,1.0,15.0,-11.0,NATI
1720,,2004-10-18 15:11:03,2004-10-01,NATI,Dehne Timothy R,SVP,M - OptEx,25.73,219,59199,0%,5635.0,1.0,1.0,15.0,-11.0,NATI
1721,,2004-10-18 14:53:17,2004-10-01,NATI,Davern Alexander M,"SVP, CFO",M - OptEx,25.73,370,936,+65%,9520.0,1.0,1.0,15.0,-11.0,NATI
1722,,2004-10-18 14:28:32,2004-10-01,NATI,Almgren Ray,VP,M - OptEx,25.73,401,48310,+1%,10318.0,1.0,1.0,15.0,-11.0,NATI
1723,,2004-10-05 14:59:00,2004-10-04,NATI,Kodosky Jeffrey L,Dir,S - Sale,31.31,-6600,4431804,0%,-206643.0,-14.0,-17.0,-11.0,-21.0,NATI
1724,,2004-10-05 12:22:38,2004-10-04,NATI,Truchard James J,"Pres, 10%",S - Sale,30.31,-10500,18390441,0%,-318263.0,-14.0,-17.0,-11.0,-21.0,NATI
1725,,2004-10-01 15:09:35,2004-09-30,NATI,Kodosky Jeffrey L,Dir,S - Sale,30.28,-6600,4438404,0%,-199836.0,2.0,-13.0,-9.0,-18.0,NATI
1726,,2004-10-01 14:28:26,2004-09-30,NATI,Truchard James J,"Pres, 10%",S - Sale,30.3,-160100,18400941,-1%,-4851590.0,2.0,-13.0,-9.0,-18.0,NATI
1727,M,2004-09-17 16:14:54,2004-09-16,NATI,Kodosky Jeffrey L,Dir,G - Gift,0.0,-800,2980374,0%,-0.0,2.0,1.0,-13.0,-1.0,NATI
1728,,2004-08-19 14:49:49,2004-08-18,NATI,Roesslein Charles J,Dir,P - Purchase,25.94,400,1000,+67%,10374.0,2.0,6.0,14.0,15.0,NATI
1729,M,2004-06-29 15:27:53,2004-06-25,NATI,Kodosky Jeffrey L,Dir,S - Sale,30.56,-13200,4445804,0%,-403392.0,0.0,-6.0,-9.0,-11.0,NATI
1730,,2004-06-08 15:43:49,2004-06-07,NATI,Kodosky Jeffrey L,Dir,S - Sale,30.81,-6600,4459004,0%,-203337.0,-2.0,-6.0,-9.0,-9.0,NATI
1731,,2004-06-02 11:48:12,2004-06-01,NATI,Kodosky Jeffrey L,Dir,S - Sale,31.86,-13200,4465604,0%,-420536.0,0.0,-4.0,-6.0,-10.0,NATI
1732,,2004-06-02 11:28:47,2004-06-01,NATI,Truchard James J,"Pres, 10%",S - Sale,31.86,-10500,18561041,0%,-334551.0,0.0,-4.0,-6.0,-10.0,NATI
1733,D,2004-06-01 12:36:03,2004-05-27,NATI,Zogas Peter,SVP,M - OptEx,4.3,35775,52141,+219%,153700.0,-1.0,-4.0,-5.0,-9.0,NATI
1734,D,2004-06-01 12:36:03,2004-05-27,NATI,Zogas Peter,SVP,S - Sale+OE,31.67,-4864,52141,-9%,-154054.0,-1.0,-4.0,-5.0,-9.0,NATI
1735,,2004-05-26 19:04:47,2004-05-26,NATI,Truchard James J,"Pres, 10%",S - Sale,31.57,-42000,18571541,0%,-1325940.0,1.0,1.0,-4.0,-7.0,NATI
1736,M,2004-05-26 18:43:52,2004-05-24,NATI,Kodosky Jeffrey L,Dir,S - Sale,30.95,-13200,4478804,0%,-408540.0,1.0,1.0,-4.0,-7.0,NATI
1737,,2004-05-21 10:25:38,2004-05-19,NATI,Kodosky Jeffrey L,Dir,S - Sale,29.96,-6600,4492004,0%,-197736.0,2.0,8.0,1.0,2.0,NATI
1738,,2004-05-11 15:43:00,2004-05-10,NATI,Kodosky Jeffrey L,Dir,S - Sale,30.6,-6600,4498604,0%,-201960.0,1.0,-4.0,-1.0,-5.0,NATI
1739,M,2004-05-05 10:54:44,2004-05-03,NATI,Kodosky Jeffrey L,Dir,S - Sale,30.98,-13200,4505204,0%,-408927.0,0.0,-2.0,-3.0,-12.0,NATI
1740,D,2004-05-04 18:00:54,2004-05-03,NATI,Hugley David,"VP, GC",M - OptEx,5.93,4100,4446,>999%,24296.0,0.0,-3.0,1.0,-13.0,NATI
1741,D,2004-05-04 18:00:54,2004-05-03,NATI,Hugley David,"VP, GC",S - Sale+OE,30.25,-4100,4446,-48%,-124025.0,0.0,-3.0,1.0,-13.0,NATI
1742,,2004-04-30 15:47:15,2004-04-30,NATI,Roesslein Charles J,Dir,P - Purchase,31.11,600,600,New,18665.0,-2.0,0.0,3.0,-11.0,NATI
1743,,2004-04-30 15:30:28,2004-04-29,NATI,Kodosky Jeffrey L,Dir,S - Sale,31.5,-6600,4518404,0%,-207928.0,-2.0,0.0,3.0,-11.0,NATI
1744,,2004-04-28 10:29:40,2004-04-01,NATI,Graff John,VP,M - OptEx,22.71,628,31862,+2%,14263.0,-7.0,-8.0,-8.0,-24.0,NATI
1745,M,2004-04-28 10:11:14,2004-04-26,NATI,Kodosky Jeffrey L,Dir,S - Sale,34.06,-13200,4525004,0%,-449627.0,-7.0,-8.0,-8.0,-24.0,NATI
1746,M,2004-04-27 20:10:14,2004-04-26,NATI,Truchard James J,"Pres, 10%",S - Sale,34.25,-10500,18613541,0%,-359648.0,-7.0,-12.0,-9.0,-23.0,NATI
1747,,2004-04-20 11:23:05,2004-04-19,NATI,Kodosky Jeffrey L,Dir,S - Sale,32.45,-19800,4538204,0%,-642510.0,-1.0,4.0,-10.0,-21.0,NATI
1748,,2004-04-20 10:44:22,2004-04-19,NATI,Truchard James J,"Pres, 10%",S - Sale,32.43,-10500,18624041,0%,-340561.0,-1.0,4.0,-10.0,-21.0,NATI
1749,,2004-04-19 11:47:20,2004-04-15,NATI,Kodosky Jeffrey L,Dir,S - Sale,32.67,-6600,4558004,0%,-215648.0,1.0,5.0,-10.0,-21.0,NATI
1750,,2004-04-15 16:48:33,2004-04-14,NATI,Kodosky Jeffrey L,Dir,S - Sale,33.7,-6600,4564604,0%,-222420.0,-1.0,1.0,-8.0,-19.0,NATI
1751,,2004-04-15 16:18:04,2004-04-14,NATI,Truchard James J,"Pres, 10%",S - Sale,33.7,-7280,18634541,0%,-245336.0,-1.0,1.0,-8.0,-19.0,NATI
1752,,2004-04-14 18:10:46,2004-04-13,NATI,Kodosky Jeffrey L,Dir,S - Sale,33.14,-6600,4571204,0%,-218691.0,-2.0,-3.0,-8.0,-22.0,NATI
1753,,2004-04-14 17:49:06,2004-04-13,NATI,Truchard James J,"Pres, 10%",S - Sale,33.1,-3220,18641821,0%,-106582.0,-2.0,-3.0,-8.0,-22.0,NATI
1754,D,2004-04-09 15:26:20,2004-04-07,NATI,Almgren Ray,VP,F - Tax,33.07,-2274,47909,-5%,-75201.0,0.0,-2.0,-8.0,-22.0,NATI
1755,D,2004-04-09 15:26:20,2004-04-07,NATI,Almgren Ray,VP,M - OptEx,4.3,17497,47909,+58%,75172.0,0.0,-2.0,-8.0,-22.0,NATI
1756,A,2004-04-07 16:07:45,2004-04-01,NATI,Hugley David,"VP, GC",M - OptEx,22.71,504,4446,+13%,11447.0,-1.0,0.0,-7.0,-20.0,NATI
1757,A,2004-04-07 15:52:07,2004-04-01,NATI,Finger Mark,VP,M - OptEx,22.71,331,14165,+2%,7518.0,2.0,1.0,-6.0,-18.0,NATI
1758,,2004-04-07 15:07:33,2004-04-01,NATI,Zogas Peter,SVP,M - OptEx,22.71,520,21230,+3%,11810.0,2.0,1.0,-6.0,-18.0,NATI
1759,,2004-04-07 14:50:19,2004-04-01,NATI,Ravel Mihir,VP,M - OptEx,22.71,812,4271,+23%,18442.0,2.0,1.0,-6.0,-18.0,NATI
1760,,2004-04-07 14:39:11,2004-04-01,NATI,Dehne Timothy R,SVP,M - OptEx,22.71,242,58980,0%,5496.0,2.0,1.0,-6.0,-18.0,NATI
1761,,2004-04-07 14:18:13,2004-04-01,NATI,Hugley David,"VP, General Counse1",M - OptEx,22.71,504,4446,+13%,11447.0,2.0,1.0,-6.0,-18.0,NATI
1762,,2004-04-07 14:06:30,2004-04-01,NATI,Finger Mark,VP,M - OptEx,22.71,331,14165,+2%,7518.0,2.0,1.0,-6.0,-18.0,NATI
1763,,2004-04-07 13:53:01,2004-04-01,NATI,Davern Alexander M,"SVP, CFO",M - OptEx,22.71,512,566,+948%,11629.0,2.0,1.0,-6.0,-18.0,NATI
1764,,2004-04-07 12:30:57,2004-04-01,NATI,Almgren Ray,VP,M - OptEx,22.71,439,32686,+1%,9971.0,2.0,1.0,-6.0,-18.0,NATI
1765,,2004-04-06 16:14:56,2004-04-05,NATI,Kodosky Jeffrey L,Dir,S - Sale,32.97,-19800,4577804,0%,-652776.0,2.0,0.0,-4.0,-18.0,NATI
1766,,2004-04-06 15:53:19,2004-04-05,NATI,Truchard James J,"Pres, 10%",S - Sale,33.0,-10500,18645041,0%,-346507.0,-1.0,-1.0,-5.0,-19.0,NATI
1767,,2004-04-05 11:06:17,2004-04-02,NATI,Truchard James J,"Pres, 10%",S - Sale,32.47,-31500,18655541,0%,-1022859.0,2.0,3.0,-3.0,-4.0,NATI
1768,,2004-04-05 10:54:17,2004-04-01,NATI,Kodosky Jeffrey L,Dir,S - Sale,31.75,-5120,4597604,0%,-162560.0,2.0,3.0,-3.0,-4.0,NATI
1769,,2004-04-01 14:47:51,2004-03-31,NATI,Kodosky Jeffrey L,Dir,S - Sale,31.4,-6600,4602724,0%,-207240.0,1.0,7.0,-3.0,-3.0,NATI
1770,,2004-03-30 17:28:46,2004-03-29,NATI,Kodosky Jeffrey L,Dir,S - Sale,31.46,-8080,4609324,0%,-254205.0,0.0,6.0,2.0,-6.0,NATI
1771,M,2004-03-26 09:01:32,2004-03-25,NATI,Kodosky Jeffrey L,Dir,S - Sale,30.21,-6600,4617404,0%,-199386.0,0.0,3.0,10.0,-5.0,NATI
1772,,2004-03-23 18:39:56,2004-03-22,NATI,Kodosky Jeffrey L,Dir,S - Sale,29.57,-6600,4624004,0%,-195194.0,0.0,6.0,11.0,1.0,NATI
1773,M,2004-03-16 18:27:57,2004-03-15,NATI,Kodosky Jeffrey L,Dir,S - Sale,30.93,-13200,4630604,0%,-408340.0,1.0,-4.0,8.0,-5.0,NATI
1774,,2004-03-10 17:26:16,2004-03-10,NATI,Kodosky Jeffrey L,Dir,S - Sale,31.78,-19800,4643804,0%,-629262.0,-1.0,-1.0,7.0,-11.0,NATI
1775,,2004-03-10 14:45:11,2004-03-09,NATI,Truchard James J,"Pres, 10%",S - Sale,32.85,-10500,18687041,0%,-344930.0,-2.0,-4.0,5.0,-14.0,NATI
1776,,2004-03-03 17:59:07,2004-03-02,NATI,Kodosky Jeffrey L,Dir,S - Sale,34.02,-19800,4663604,0%,-673548.0,0.0,-6.0,-8.0,-23.0,NATI
1777,,2004-03-03 17:47:04,2004-03-02,NATI,Truchard James J,"Pres, 10%",S - Sale,34.03,-10500,18697541,0%,-357315.0,0.0,-6.0,-8.0,-23.0,NATI
1778,D,2004-03-01 18:33:43,2004-02-27,NATI,Finger Mark,VP,M - OptEx,5.93,6075,13834,+78%,36000.0,-1.0,-1.0,-8.0,-22.0,NATI
1779,D,2004-03-01 18:33:43,2004-02-27,NATI,Finger Mark,VP,S - Sale+OE,34.25,-6075,13834,-31%,-208069.0,-1.0,-1.0,-8.0,-22.0,NATI
1780,D,2004-03-01 18:04:42,2004-02-27,NATI,Davern Alexander M,"SVP, CFO",M - OptEx,8.71,1906,54,-103%,16608.0,-1.0,-1.0,-8.0,-22.0,NATI
1781,D,2004-03-01 18:04:42,2004-02-27,NATI,Davern Alexander M,"SVP, CFO",S - Sale+OE,34.23,-1906,54,-97%,-65233.0,-1.0,-1.0,-8.0,-22.0,NATI
1782,D,2004-03-01 16:28:07,2004-02-27,NATI,Hugley David,"Vice Pres, GC",M - OptEx,4.3,4725,3942,-603%,20300.0,-1.0,-1.0,-8.0,-22.0,NATI
1783,D,2004-03-01 16:28:07,2004-02-27,NATI,Hugley David,"Vice Pres, GC",S - Sale+OE,33.53,-4725,3942,-55%,-158446.0,-1.0,-1.0,-8.0,-22.0,NATI
1784,M,2004-02-27 18:07:28,2004-02-26,NATI,Almgren Ray,VP,S - Sale,33.9,-8002,32247,-20%,-271265.0,0.0,-2.0,-11.0,-23.0,NATI
1785,,2004-02-27 17:23:21,2004-02-26,NATI,Kodosky Jeffrey L,Dir,S - Sale,33.12,-19800,4683404,0%,-655705.0,0.0,-2.0,-11.0,-23.0,NATI
1786,,2004-02-27 11:28:31,2004-02-26,NATI,Truchard James J,"Pres, 10%",S - Sale,33.3,-8750,18708041,0%,-291375.0,3.0,2.0,-7.0,-20.0,NATI
1787,D,2004-02-24 11:31:58,2004-02-17,NATI,Almgren Ray,VP,M - OptEx,6.44,7835,26833,+41%,50493.0,0.0,3.0,-10.0,-19.0,NATI
1788,D,2004-02-24 11:31:58,2004-02-20,NATI,Almgren Ray,VP,S - Sale+OE,50.0,-2500,26833,-9%,-125000.0,0.0,3.0,-10.0,-19.0,NATI
1789,,2004-02-18 14:35:48,2004-02-04,NATI,Kodosky Jeffrey L,Dir,G - Gift,0.0,-80000,3135470,-2%,-0.0,0.0,1.0,-5.0,-24.0,NATI
1790,,2004-02-18 14:35:48,2004-02-17,NATI,Kodosky Jeffrey L,Dir,S - Sale,49.0,-13200,3135470,0%,-646751.0,0.0,1.0,-5.0,-24.0,NATI
1791,,2004-02-18 12:31:35,2004-02-17,NATI,Truchard James J,"Pres, 10%",S - Sale,49.1,-7000,12477861,0%,-343711.0,0.0,1.0,-5.0,-24.0,NATI
1792,,2004-02-11 13:59:36,2004-02-10,NATI,Truchard James J,"Pres, 10%",S - Sale,48.21,-7000,12484861,0%,-337435.0,2.0,2.0,-4.0,-21.0,NATI
1793,,2004-02-11 13:49:12,2004-02-10,NATI,Kodosky Jeffrey L,Dir,S - Sale,48.05,-13200,3148670,0%,-634232.0,2.0,2.0,-4.0,-21.0,NATI
1794,,2004-02-04 15:23:23,2004-02-03,NATI,Truchard James J,"Pres, 10%",S - Sale,49.09,-7000,12491861,0%,-343599.0,-3.0,-1.0,5.0,-14.0,NATI
1795,,2004-02-04 15:10:49,2004-02-03,NATI,Kodosky Jeffrey L,Dir,S - Sale,48.94,-8800,3241870,0%,-430683.0,-3.0,-1.0,5.0,-14.0,NATI
1796,,2004-02-02 18:54:46,2004-02-02,NATI,Kodosky Jeffrey L,Dir,S - Sale,49.5,-4400,3250670,0%,-217800.0,0.0,-1.0,5.0,-11.0,NATI
1797,,2004-01-27 16:14:41,2004-01-26,NATI,Carlton Donald M,Dir,S - Sale,49.91,-3000,4237,-41%,-149737.0,0.0,-2.0,0.0,-25.0,NATI
1798,,2004-01-27 15:50:36,2003-01-26,NATI,Truchard James J,"Pres, 10%",S - Sale,50.0,-7000,12498861,0%,-350021.0,-1.0,-3.0,0.0,-26.0,NATI
1799,,2004-01-27 15:01:32,2004-01-26,NATI,Kodosky Jeffrey L,Dir,S - Sale,50.2,-13200,3255070,0%,-662635.0,-1.0,-3.0,0.0,-26.0,NATI
1800,,2004-01-21 15:21:17,2004-01-20,NATI,Truchard James J,"Pres, 10%",S - Sale,47.94,-7000,12505861,0%,-335545.0,-6.0,2.0,1.0,-20.0,NATI
1801,,2004-01-21 12:21:15,2004-01-20,NATI,Kodosky Jeffrey L,Dir,D - Sale to issuer,47.79,-1200,3268270,0%,-57343.0,-6.0,2.0,1.0,-20.0,NATI
1802,,2004-01-21 12:21:15,2004-01-20,NATI,Kodosky Jeffrey L,Dir,S - Sale,47.79,-12000,3268270,0%,-573432.0,-6.0,2.0,1.0,-20.0,NATI
1803,M,2004-01-15 18:07:09,2004-01-14,NATI,Kodosky Jeffrey L,Dir,S - Sale,46.25,-13200,3281470,0%,-610455.0,0.0,7.0,4.0,-13.0,NATI
1804,,2004-01-13 17:38:26,2004-01-12,NATI,Truchard James J,"Pres, 10%",S - Sale,47.7,-7000,12512861,0%,-333900.0,0.0,5.0,5.0,-11.0,NATI
1805,,2004-01-06 10:35:58,2004-01-05,NATI,Kodosky Jeffrey L,Dir,S - Sale,45.3,-13200,3294670,0%,-597991.0,1.0,5.0,4.0,-4.0,NATI
1806,,2004-01-06 10:06:56,2004-01-05,NATI,Truchard James J,"Pres, 10%",S - Sale,45.29,-7000,12519861,0%,-317044.0,1.0,5.0,4.0,-4.0,NATI
1807,,2003-12-31 18:07:21,2003-12-30,NATI,Kodosky Jeffrey L,Dir,G - Gift,0.0,-20000,3307870,-1%,-0.0,0.0,4.0,8.0,-1.0,NATI
1808,,2003-12-31 18:07:21,2003-12-30,NATI,Kodosky Jeffrey L,Dir,S - Sale,45.33,-13200,3307870,0%,-598316.0,0.0,4.0,8.0,-1.0,NATI
1809,,2003-12-31 17:45:57,2003-12-31,NATI,Zogas Peter,SVP,G - Gift,0.0,-200,13807,-1%,-0.0,0.0,4.0,8.0,-1.0,NATI
1810,,2003-12-31 12:06:12,2003-12-30,NATI,Truchard James J,"Pres, 10%",S - Sale,45.46,-7000,12526861,0%,-318207.0,0.0,4.0,8.0,-1.0,NATI
1811,,2003-12-23 16:40:03,2003-12-22,NATI,Kodosky Jeffrey L,Dir,S - Sale,44.03,-13200,3341070,0%,-581207.0,0.0,2.0,13.0,1.0,NATI
1812,,2003-12-23 16:21:43,2003-12-22,NATI,Truchard James J,"Pres, 10%",S - Sale,44.03,-7000,12533861,0%,-308216.0,0.0,2.0,13.0,1.0,NATI
1813,M,2003-12-16 18:59:01,2003-12-15,NATI,Kodosky Jeffrey L,Dir,S - Sale,44.04,-13200,3354270,0%,-581278.0,0.0,0.0,6.0,-1.0,NATI
1814,M,2003-12-16 18:31:33,2003-12-15,NATI,Truchard James J,"Pres, 10%",S - Sale,44.14,-7000,12540861,0%,-308954.0,0.0,0.0,6.0,-1.0,NATI
1815,M,2003-12-10 17:54:09,2003-12-09,NATI,Kodosky Jeffrey L,Dir,S - Sale,44.45,-13200,3367470,0%,-586777.0,4.0,3.0,8.0,5.0,NATI
1816,M,2003-12-10 17:09:38,2003-12-09,NATI,Truchard James J,"Pres, 10%",S - Sale,44.38,-7000,12547861,0%,-310626.0,4.0,3.0,8.0,5.0,NATI
1817,,2003-12-08 12:41:02,2003-12-05,NATI,Truchard James J,"Pres, 10%",S - Sale,44.57,-7000,12554861,0%,-311973.0,0.0,-1.0,6.0,3.0,NATI
1818,,2003-12-05 10:14:09,2003-12-04,NATI,Kodosky Jeffrey L,Dir,S - Sale,44.77,-13200,3380670,0%,-590953.0,-1.0,0.0,2.0,4.0,NATI
1819,D,2003-12-02 16:33:13,2003-11-20,NATI,Dehne Timothy R,SVP,F - Tax,44.98,-939,39159,-2%,-42236.0,-2.0,-2.0,-1.0,5.0,NATI
1820,D,2003-12-02 16:33:13,2003-11-20,NATI,Dehne Timothy R,SVP,M - OptEx,8.89,4750,39159,+14%,42222.0,-2.0,-2.0,-1.0,5.0,NATI
1821,,2003-12-01 12:22:50,2003-11-26,NATI,Kodosky Jeffrey L,Dir,S - Sale,45.0,-13200,3393870,0%,-594054.0,2.0,-1.0,0.0,6.0,NATI
1822,,2003-12-01 10:43:01,2003-11-26,NATI,Truchard James J,"Pres, 10%",S - Sale,45.08,-3500,11373361,0%,-157785.0,2.0,-1.0,0.0,6.0,NATI
1823,,2003-11-24 16:26:45,2003-11-24,NATI,Truchard James J,"Pres, 10%",S - Sale,44.8,-3000,95950,-3%,-134400.0,-1.0,1.0,-2.0,3.0,NATI
1824,M,2003-11-21 17:24:40,2003-11-19,NATI,Truchard James J,"Pres, 10%",S - Sale,44.72,-7200,11475811,0%,-321995.0,3.0,3.0,1.0,3.0,NATI
1825,,2003-11-21 17:15:59,2003-11-20,NATI,Kodosky Jeffrey L,Dir,S - Sale,44.36,-13200,3407070,0%,-585594.0,3.0,3.0,1.0,3.0,NATI
1826,,2003-11-14 09:59:05,2003-11-13,NATI,Dehne Timothy R,SVP,S - Sale,46.75,-1000,35348,-3%,-46750.0,-2.0,-5.0,-7.0,-5.0,NATI
1827,,2003-11-13 11:32:55,2003-11-12,NATI,Truchard James J,"Pres, 10%",S - Sale,46.02,-3500,11380361,0%,-161057.0,-1.0,-4.0,-5.0,-5.0,NATI
1828,,2003-11-13 10:22:41,2003-11-12,NATI,Kodosky Jeffrey L,Dir,S - Sale,46.02,-13200,3420270,0%,-607405.0,-1.0,-4.0,-5.0,-5.0,NATI
1829,,2003-11-12 10:11:38,2003-11-10,NATI,Almgren Ray,VP,S - Sale,45.08,-89,21498,0%,-4012.0,3.0,-1.0,-1.0,0.0,NATI
1830,D,2003-11-07 14:53:03,2003-11-06,NATI,Daniels R Gary,Dir,M - OptEx,28.15,14000,2013,-117%,394043.0,2.0,5.0,1.0,3.0,NATI
1831,D,2003-11-07 14:53:03,2003-11-06,NATI,Daniels R Gary,Dir,S - Sale+OE,44.42,-14000,2013,-87%,-621820.0,2.0,5.0,1.0,3.0,NATI
1832,M,2003-11-06 12:05:45,2003-11-04,NATI,Truchard James J,"Pres, 10%",S - Sale,44.08,-10200,11486511,0%,-449618.0,0.0,5.0,0.0,3.0,NATI
1833,,2003-11-05 12:33:21,2003-11-04,NATI,Graff John,VP,S - Sale,44.91,-1026,20823,-5%,-46078.0,0.0,2.0,1.0,5.0,NATI
1834,,2003-11-04 15:07:55,2003-11-03,NATI,Kodosky Jeffrey L,Dir,S - Sale,42.87,-13200,3433470,0%,-565884.0,2.0,4.0,4.0,10.0,NATI
1835,,2003-11-04 14:49:19,2003-11-03,NATI,Almgren Ray,VP,S - Sale,43.22,-3599,21584,-14%,-155535.0,2.0,4.0,4.0,10.0,NATI
1836,,2003-11-03 14:22:40,2003-10-31,NATI,Dehne Timothy R,SVP,S - Sale,42.48,-6000,36348,-14%,-254880.0,2.0,7.0,7.0,11.0,NATI
1837,,2003-10-29 12:27:07,2003-10-28,NATI,Kodosky Jeffrey L,Dir,S - Sale,40.86,-13200,3446670,0%,-539344.0,2.0,7.0,9.0,13.0,NATI
1838,,2003-10-29 11:44:16,2003-10-28,NATI,Truchard James J,"Pres, 10%",S - Sale,41.09,-3500,11387361,0%,-143813.0,2.0,7.0,9.0,13.0,NATI
1839,,2003-10-22 10:36:03,2003-10-21,NATI,Kodosky Jeffrey L,Dir,S - Sale,41.83,-4400,3459870,0%,-184051.0,-1.0,-1.0,7.0,21.0,NATI
1840,,2003-10-21 12:05:18,2003-10-20,NATI,Kodosky Jeffrey L,Dir,S - Sale,41.06,-8800,3464270,0%,-361302.0,2.0,-1.0,8.0,20.0,NATI
1841,,2003-10-21 11:45:02,2003-10-20,NATI,Truchard James J,"Pres, 10%",S - Sale,41.13,-3500,11390861,0%,-143942.0,2.0,-1.0,8.0,20.0,NATI
1842,,2003-10-15 16:27:44,2003-10-01,NATI,Zogas Peter,SVP,M - OptEx,29.98,344,14007,+3%,10313.0,-1.0,-1.0,10.0,16.0,NATI
1843,,2003-10-15 16:02:22,2003-10-01,NATI,Ravel Mihir,VP,M - OptEx,29.98,99,2306,+4%,2968.0,-1.0,-1.0,10.0,16.0,NATI
1844,,2003-10-15 12:45:52,2003-10-01,NATI,Hugley David,"Vice Pres, GC",M - OptEx,29.98,354,2628,+16%,10613.0,0.0,-1.0,10.0,16.0,NATI
1845,,2003-10-15 12:18:55,2003-10-01,NATI,Finger Mark,VP,M - OptEx,29.98,354,9223,+4%,10613.0,0.0,-1.0,10.0,16.0,NATI
1846,,2003-10-15 11:12:37,2003-10-01,NATI,Dehne Timothy R,SVP,M - OptEx,29.98,175,42348,0%,5246.0,0.0,-1.0,10.0,16.0,NATI
1847,,2003-10-15 10:51:16,2003-10-01,NATI,Davern Alexander M,"SVP, CFO",M - OptEx,29.98,36,36,New,1079.0,0.0,-1.0,10.0,16.0,NATI
1848,,2003-10-14 16:07:49,2003-10-01,NATI,Almgren Ray,VP,M - OptEx,29.98,313,25186,+1%,9384.0,0.0,-3.0,7.0,18.0,NATI
1849,,2003-10-14 12:31:21,2003-10-13,NATI,Kodosky Jeffrey L,Dir,S - Sale,42.45,-13200,3473070,0%,-560286.0,1.0,-2.0,7.0,19.0,NATI
1850,,2003-10-14 11:39:38,2003-10-13,NATI,Truchard James J,"Pres, 10%",S - Sale,42.44,-3500,11394361,0%,-148537.0,1.0,-2.0,7.0,19.0,NATI
1851,,2003-10-09 12:17:42,2003-10-07,NATI,Kodosky Jeffrey L,Dir,S - Sale,41.64,-13200,3486270,0%,-549704.0,3.0,4.0,9.0,23.0,NATI
1852,,2003-10-09 10:48:26,2003-10-07,NATI,Truchard James J,"Pres, 10%",S - Sale,41.41,-3500,11397861,0%,-144923.0,3.0,4.0,9.0,23.0,NATI
1853,,2003-09-30 18:18:14,2003-09-29,NATI,Kodosky Jeffrey L,Dir,S - Sale,41.29,-13200,3499470,0%,-545035.0,0.0,3.0,4.0,17.0,NATI
1854,,2003-09-30 18:06:10,2003-09-29,NATI,Truchard James J,"Pres, 10%",S - Sale,41.02,-3500,11401361,0%,-143586.0,0.0,3.0,4.0,17.0,NATI
1855,,2003-09-29 14:56:36,2003-09-26,NATI,Kodosky Jeffrey L,Dir,S - Sale,40.18,-4400,3512670,0%,-176778.0,4.0,4.0,2.0,19.0,NATI
1856,,2003-09-25 14:31:48,2003-09-23,NATI,Kodosky Jeffrey L,Dir,S - Sale,43.13,-8800,3517070,0%,-379511.0,-2.0,-5.0,-5.0,10.0,NATI
1857,,2003-09-25 13:20:18,2003-09-23,NATI,Truchard James J,"Pres, 10%",S - Sale,43.12,-3500,11404861,0%,-150912.0,-2.0,-5.0,-5.0,10.0,NATI
1858,,2003-09-17 16:44:05,2003-09-17,NATI,Kodosky Jeffrey L,Dir,S - Sale,41.85,-4400,3525870,0%,-184130.0,1.0,4.0,1.0,11.0,NATI
1859,,2003-09-17 16:12:33,2003-09-16,NATI,Kodosky Jeffrey L,Dir,S - Sale,41.63,-8800,3530270,0%,-366349.0,1.0,4.0,1.0,11.0,NATI
1860,,2003-09-16 10:35:45,2003-09-15,NATI,Truchard James J,"Pres, 10%",S - Sale,41.35,-3500,11408361,0%,-144730.0,2.0,3.0,4.0,13.0,NATI
1861,,2003-09-09 11:55:32,2003-09-08,NATI,Kodosky Jeffrey L,Dir,S - Sale,43.26,-13200,3539070,0%,-571025.0,-1.0,-5.0,-4.0,11.0,NATI
1862,,2003-09-09 10:58:56,2003-09-08,NATI,Truchard James J,"Pres, 10%",S - Sale,43.05,-3500,11411861,0%,-150668.0,-1.0,-5.0,-4.0,11.0,NATI
1863,,2003-09-03 12:30:29,2003-09-02,NATI,Truchard James J,"Pres, 10%",S - Sale,40.0,-7000,11415361,0%,-280005.0,3.0,6.0,-1.0,27.0,NATI
1864,,2003-09-03 10:47:19,2003-09-02,NATI,Kodosky Jeffrey L,Dir,S - Sale,39.83,-13200,3552270,0%,-525712.0,3.0,6.0,-1.0,27.0,NATI
1865,,2003-08-27 11:12:34,2003-08-26,NATI,Kodosky Jeffrey L,Dir,S - Sale,38.32,-8800,3565470,0%,-337207.0,0.0,8.0,6.0,30.0,NATI
1866,,2003-08-26 09:51:38,2003-08-25,NATI,Kodosky Jeffrey L,Dir,S - Sale,38.78,-4400,3574270,0%,-170649.0,-1.0,4.0,8.0,30.0,NATI
1867,A,2003-08-21 16:06:23,2003-08-21,NATI,Almgren Ray,VP,S - Sale,39.79,-5643,24873,-18%,-224544.0,-1.0,-3.0,8.0,26.0,NATI
1868,,2003-08-21 15:41:13,2003-08-20,NATI,Truchard James J,"Pres, 10%",S - Sale,40.0,-11700,11422361,0%,-468000.0,0.0,-3.0,8.0,27.0,NATI
1869,,2003-08-20 17:16:28,2003-08-19,NATI,Almgren Ray,VP,S - Sale,39.75,-5643,24873,-18%,-224321.0,0.0,-3.0,7.0,24.0,NATI
1870,,2003-08-20 11:58:00,2003-08-19,NATI,Truchard James J,"Pres, 10%",S - Sale,40.01,-2300,11434061,0%,-92021.0,-1.0,-4.0,7.0,24.0,NATI
1871,,2003-08-18 16:50:03,2003-08-18,NATI,Kodosky Jeffrey L,Dir,S - Sale,38.77,-13200,3578670,0%,-511755.0,3.0,1.0,8.0,27.0,NATI
1872,D,2003-08-12 16:59:36,2003-08-04,NATI,Carlton Donald M,Dir,M - OptEx,7.11,3037,7337,+71%,21596.0,0.0,6.0,10.0,32.0,NATI
1873,,2003-08-12 15:27:48,2003-08-11,NATI,Kodosky Jeffrey L,Dir,S - Sale,36.07,-8800,3591870,0%,-317372.0,1.0,7.0,11.0,33.0,NATI
1874,,2003-08-05 14:24:31,2003-08-04,NATI,Kodosky Jeffrey L,Dir,S - Sale,35.97,-8800,3600670,0%,-316513.0,1.0,-1.0,13.0,33.0,NATI
1875,,2003-07-31 11:15:50,2003-07-30,NATI,Kodosky Jeffrey L,Dir,S - Sale,35.45,-8800,3609470,0%,-311994.0,0.0,3.0,10.0,40.0,NATI
