,X,FilingDate,TradeDate,Ticker,InsiderName,Title,TradeType,Price,Qty,Owned,delta_Own,Value,1d,1w,1m,6m,ticker
0,,2022-01-05 16:19:57,2021-09-30,NURO,Higgins Thomas T,"SVP, CFO",A - Grant,2.92,175,22009,+1%,511.0,,,,,NURO
1,,2022-01-05 16:19:57,2021-12-31,NURO,Higgins Thomas T,"SVP, CFO",D - Sale to issuer,2.92,-1825,22009,-8%,-5329.0,,,,,NURO
2,,2021-08-27 17:17:41,2021-08-25,NURO,Higgins Thomas T,"SVP, CFO",S - Sale,10.55,-50000,23659,-68%,-527500.0,,,,,NURO
3,D,2021-08-23 17:24:00,2021-08-23,NURO,Higgins Thomas T,"SVP, CFO",M - OptEx,1.57,50000,73659,+211%,78500.0,,,,,NURO
4,,2021-08-13 16:06:16,2021-08-12,NURO,Higgins Thomas T,"SVP, CFO",S - Sale,13.56,-20000,23659,-46%,-271200.0,,,,,NURO
5,,2021-06-14 18:50:32,2021-06-10,NURO,"Topline Capital Management, LLC",See Explanation in Footnotes,P - Purchase,3.42,28238,570478,+5%,96574.0,,,,,NURO
6,,2021-06-14 18:22:18,2021-06-10,NURO,"Topline Capital Partners, LP",10%,P - Purchase,3.42,28238,570478,+5%,96574.0,,,,,NURO
7,,2021-06-04 17:01:52,2021-05-27,NURO,Higgins Thomas T,"SVP, CFO",A - Grant,2.92,42808,118755,+56%,124999.0,,,,,NURO
8,,2021-06-04 17:01:52,2021-05-27,NURO,Higgins Thomas T,"SVP, CFO",D - Sale to issuer,2.92,-7494,118755,-6%,-21882.0,,,,,NURO
9,,2020-06-11 17:12:42,2020-06-11,NURO,Gozani Shai,"Pres, CEO",P - Purchase,1.84,1000,24630,+4%,1840.0,,,,,NURO
10,,2020-05-21 15:50:37,2020-05-21,NURO,Gozani Shai,"Pres, CEO",P - Purchase,2.33,500,23630,+2%,1165.0,,,,,NURO
11,,2020-05-14 16:11:34,2020-05-14,NURO,Gozani Shai,"Pres, CEO",P - Purchase,2.18,1000,23130,+5%,2180.0,,,,,NURO
12,,2020-05-13 16:27:05,2020-05-13,NURO,Gozani Shai,"Pres, CEO",P - Purchase,2.46,250,22130,+1%,615.0,,,,,NURO
13,,2020-05-12 20:20:42,2020-05-12,NURO,Gozani Shai,"Pres, CEO",P - Purchase,2.28,500,21880,+2%,1140.0,,,,,NURO
14,,2020-05-08 16:02:23,2020-05-08,NURO,Gozani Shai,"Pres, CEO",P - Purchase,2.07,1000,21380,+5%,2070.0,,,,,NURO
15,,2020-05-07 16:33:00,2020-05-07,NURO,Gozani Shai,"Pres, CEO",P - Purchase,2.11,1000,20380,+5%,2110.0,,,,,NURO
16,,2020-05-06 17:14:56,2020-05-06,NURO,Gozani Shai,"Pres, CEO",P - Purchase,2.03,1000,19380,+5%,2030.0,,,,,NURO
17,,2020-05-06 10:39:05,2020-05-05,NURO,Gozani Shai,"Pres, CEO",P - Purchase,2.29,1000,18380,+6%,2290.0,,,,,NURO
18,,2020-04-30 17:02:21,2020-04-30,NURO,Gozani Shai,"Pres, CEO",P - Purchase,2.46,2000,17380,+13%,4920.0,,,,,NURO
19,,2018-10-29 16:05:54,2018-10-29,NURO,Gozani Shai,"Pres, CEO",S - Sale,1.18,-3760,153803,-2%,-4437.0,,,,,NURO
20,,2018-04-13 16:16:30,2018-04-13,NURO,Higgins Thomas T,"SVP, CFO",A - Grant,1.37,49978,83441,+149%,68470.0,,,,,NURO
21,,2018-04-13 16:16:11,2018-04-13,NURO,Gozani Shai,"Pres, CEO",A - Grant,1.37,80367,157563,+104%,110103.0,,,,,NURO
22,,2018-04-13 16:15:55,2018-04-13,NURO,McGillin Francis X,"SVP, Chief Commercial Officer",A - Grant,1.37,39913,48497,+465%,54681.0,,,,,NURO
23,,2018-03-02 10:50:56,2018-03-02,NURO,Gozani Shai,"Pres, CEO",P - Purchase,1.29,1000,77196,+1%,1294.0,,,,,NURO
24,,2018-02-23 10:47:46,2018-02-23,NURO,Gozani Shai,"Pres, CEO",P - Purchase,1.54,1500,76196,+2%,2310.0,,,,,NURO
25,,2018-02-21 11:22:59,2018-02-21,NURO,Gozani Shai,"Pres, CEO",P - Purchase,1.45,1000,74696,+1%,1453.0,,,,,NURO
26,,2018-02-20 16:25:26,2018-02-20,NURO,Higgins Thomas T,"SVP, CFO",P - Purchase,1.36,1500,32463,+5%,2040.0,,,,,NURO
27,,2018-02-20 11:56:09,2018-02-20,NURO,Gozani Shai,"Pres, CEO",P - Purchase,1.36,1000,73696,+1%,1363.0,,,,,NURO
28,,2018-02-13 11:06:49,2018-02-13,NURO,Gozani Shai,"Pres, CEO",P - Purchase,1.37,1500,72696,+2%,2058.0,,,,,NURO
29,,2018-02-12 16:07:45,2018-02-12,NURO,Higgins Thomas T,"SVP, CFO",P - Purchase,1.34,1000,30963,+3%,1336.0,,,,,NURO
30,,2018-02-12 10:59:36,2018-02-12,NURO,McGillin Francis X,"SVP, Chief Commercial Officer",P - Purchase,1.3,3849,8584,+81%,5000.0,,,,,NURO
31,,2018-02-12 09:59:38,2018-02-12,NURO,Higgins Thomas T,"SVP, CFO",P - Purchase,1.34,1500,29963,+5%,2010.0,,,,,NURO
32,,2018-02-09 12:29:50,2018-02-09,NURO,Gozani Shai,"Pres, CEO",P - Purchase,1.28,5000,71196,+8%,6375.0,,,,,NURO
33,,2018-02-06 16:11:29,2018-02-06,NURO,Higgins Thomas T,"SVP, CFO",P - Purchase,1.45,1000,28463,+4%,1454.0,,,,,NURO
34,,2018-02-05 13:32:26,2018-02-05,NURO,Gozani Shai,"Pres, CEO",P - Purchase,1.48,5000,66196,+8%,7380.0,,,,,NURO
35,,2018-02-01 16:16:54,2018-02-01,NURO,Higgins Thomas T,"SVP, CFO",P - Purchase,1.55,2500,27463,+10%,3884.0,,,,,NURO
36,,2018-02-01 16:16:34,2018-02-01,NURO,Gozani Shai,"Pres, CEO",P - Purchase,1.62,2000,61196,+3%,3231.0,,,,,NURO
37,,2018-01-31 16:03:11,2018-01-31,NURO,Gozani Shai,"Pres, CEO",P - Purchase,1.69,2000,59196,+3%,3390.0,,,,,NURO
38,,2018-01-29 16:35:35,2018-01-29,NURO,Gozani Shai,"Pres, CEO",P - Purchase,1.75,1000,57196,+2%,1750.0,,,,,NURO
39,,2017-12-13 16:11:03,2017-12-13,NURO,Gozani Shai,"Pres, CEO",P - Purchase,1.78,3000,56196,+6%,5327.0,,,,,NURO
40,,2017-12-12 16:22:58,2017-12-12,NURO,Gozani Shai,"Pres, CEO",P - Purchase,1.76,2000,53196,+4%,3527.0,,,,,NURO
41,,2017-12-11 16:19:20,2017-12-11,NURO,Gozani Shai,"Pres, CEO",P - Purchase,1.7,2000,51196,+4%,3391.0,,,,,NURO
42,,2017-12-08 16:14:25,2017-12-08,NURO,Gozani Shai,"Pres, CEO",P - Purchase,1.72,3000,49196,+6%,5154.0,,,,,NURO
43,,2017-12-08 16:14:08,2017-12-08,NURO,Higgins Thomas T,"SVP, CFO",P - Purchase,1.68,2000,24963,+9%,3369.0,,,,,NURO
44,,2017-12-07 16:22:56,2017-12-07,NURO,Gozani Shai,"Pres, CEO",P - Purchase,1.5,6333,46196,+16%,9506.0,,,,,NURO
45,,2017-12-07 16:22:40,2017-12-07,NURO,Higgins Thomas T,"SVP, CFO",P - Purchase,1.51,2000,22963,+10%,3026.0,,,,,NURO
46,,2017-12-01 16:23:09,2017-12-01,NURO,Gozani Shai,"Pres, CEO",P - Purchase,1.7,3000,39863,+8%,5100.0,,,,,NURO
47,,2017-11-16 16:01:52,2017-11-16,NURO,Gozani Shai,"Pres, CEO",P - Purchase,1.94,2000,36863,+6%,3887.0,,,,,NURO
48,,2017-10-25 16:43:51,2017-10-25,NURO,Gozani Shai,"Pres, CEO",P - Purchase,1.67,5000,34863,+17%,8354.0,,,,,NURO
49,,2017-10-25 16:14:25,2017-10-25,NURO,Higgins Thomas T,"SVP, CFO",P - Purchase,1.7,2500,20963,+14%,4252.0,,,,,NURO
50,,2017-10-24 17:09:59,2017-10-24,NURO,Gozani Shai,"Pres, CEO",P - Purchase,1.73,2500,29863,+9%,4331.0,,,,,NURO
51,,2017-10-23 16:13:08,2017-10-23,NURO,Higgins Thomas T,"SVP, CFO",P - Purchase,1.77,2500,18463,+16%,4420.0,,,,,NURO
52,,2017-06-21 16:16:29,2017-06-21,NURO,Higgins Thomas T,"SVP, CFO",P - Purchase,2.83,1000,15963,+7%,2834.0,,,,,NURO
53,,2017-06-16 12:58:36,2017-06-16,NURO,Gozani Shai,"Pres, CEO",P - Purchase,2.9,3500,27363,+15%,10147.0,,,,,NURO
54,,2017-06-15 16:11:56,2017-06-15,NURO,Higgins Thomas T,"SVP, CFO",P - Purchase,2.98,3500,14963,+31%,10418.0,,,,,NURO
55,,2017-06-14 15:02:18,2017-06-14,NURO,Gozani Shai,"Pres, CEO",P - Purchase,2.97,5000,23863,+27%,14870.0,,,,,NURO
56,,2017-06-14 15:01:56,2017-06-14,NURO,Higgins Thomas T,"SVP, CFO",P - Purchase,2.97,2300,11463,+25%,6823.0,,,,,NURO
57,,2016-11-01 16:45:13,2016-11-01,NURO,Gozani Shai,"Pres, CEO",P - Purchase,1.31,3000,150909,+2%,3923.0,-1.0,-6.0,-28.0,-57.0,NURO
58,,2016-10-28 16:53:59,2016-10-28,NURO,Higgins Thomas T,"SVP, CFO",P - Purchase,1.32,3000,73309,+4%,3951.0,4.0,-3.0,-22.0,-60.0,NURO
59,,2016-10-27 17:29:54,2016-10-27,NURO,Gozani Shai,"Pres, CEO",P - Purchase,1.32,6000,147909,+4%,7946.0,-1.0,-5.0,-15.0,-60.0,NURO
60,,2016-08-31 17:21:46,2016-08-31,NURO,Higgins Thomas T,"SVP, CFO",P - Purchase,1.41,1400,70309,+2%,1974.0,7.0,0.0,10.0,-56.0,NURO
61,,2016-08-19 10:00:24,2016-08-18,NURO,Gozani Shai,"Pres, CEO",P - Purchase,1.49,5000,141909,+4%,7450.0,-1.0,-5.0,4.0,-55.0,NURO
62,,2016-08-15 10:00:29,2016-08-12,NURO,Higgins Thomas T,"SVP, CFO",P - Purchase,1.45,2000,68909,+3%,2900.0,1.0,3.0,-3.0,-54.0,NURO
63,,2016-06-01 17:12:54,2016-06-01,NURO,Gozani Shai,"Pres, CEO",P - Purchase,1.71,2500,139409,+2%,4273.0,6.0,18.0,-2.0,-39.0,NURO
64,,2016-05-23 17:04:18,2016-05-23,NURO,McGillin Francis X,"SVP, Consumer",P - Purchase,1.65,1000,37886,+3%,1650.0,2.0,3.0,-1.0,-25.0,NURO
65,M,2016-05-19 17:11:32,2016-05-18,NURO,Higgins Thomas T,"SVP, CFO",P - Purchase,1.54,3200,66909,+5%,4928.0,2.0,8.0,6.0,-27.0,NURO
66,M,2016-05-19 17:08:18,2016-05-18,NURO,Gozani Shai,"Pres, CEO",P - Purchase,1.55,12000,136909,+10%,18600.0,2.0,8.0,6.0,-27.0,NURO
67,,2016-03-11 17:17:26,2016-03-10,NURO,Higgins Thomas T,"SVP, CFO",A - Grant,1.79,42335,63709,+198%,75780.0,-3.0,-4.0,5.0,-20.0,NURO
68,,2016-03-11 17:16:30,2016-03-10,NURO,Gozani Shai,"Pres, CEO",A - Grant,1.79,67910,124909,+119%,121559.0,-3.0,-4.0,5.0,-20.0,NURO
69,,2016-03-11 17:15:37,2016-03-10,NURO,McGillin Francis X,"SVP, Consumer",A - Grant,1.79,33728,36886,>999%,60373.0,-3.0,-4.0,5.0,-20.0,NURO
70,,2015-08-28 16:53:57,2015-08-28,NURO,Higgins Thomas T,"SVP, CFO",P - Purchase,0.92,4500,85494,+6%,4140.0,-2.0,-4.0,-10.0,-63.0,NURO
71,,2015-08-20 17:25:23,2015-08-20,NURO,Higgins Thomas T,"SVP, CFO",P - Purchase,0.91,5500,80994,+7%,5000.0,-4.0,-8.0,0.0,-68.0,NURO
72,,2015-08-11 16:14:17,2015-08-11,NURO,Gozani Shai,"Pres, CEO",P - Purchase,0.91,16300,227993,+8%,14893.0,8.0,0.0,-8.0,-63.0,NURO
73,,2015-08-03 12:10:14,2015-07-31,NURO,Gozani Shai,"Pres, CEO",P - Purchase,0.84,17857,211693,+9%,14939.0,0.0,5.0,13.0,-46.0,NURO
74,A,2015-07-28 17:02:50,2015-07-27,NURO,Gozani Shai,"Pres, CEO",P - Purchase,0.76,33000,193836,+21%,24981.0,1.0,4.0,13.0,-44.0,NURO
75,,2015-07-27 16:57:11,2015-07-27,NURO,Gozani Shai,"Pres, CEO",A - Grant,0.76,33000,193836,+21%,24981.0,1.0,5.0,19.0,-41.0,NURO
76,,2015-03-13 15:45:32,2015-03-13,NURO,Higgins Thomas T,"SVP, CFO",A - Grant,1.69,43064,75494,+133%,72778.0,-1.0,2.0,-15.0,-49.0,NURO
77,,2015-03-13 15:44:40,2015-03-13,NURO,Gozani Shai,"Pres, CEO",A - Grant,1.69,73783,160836,+85%,124693.0,-1.0,2.0,-15.0,-49.0,NURO
78,,2015-03-13 15:43:57,2015-03-13,NURO,McGillin Francis X,"SVP, Consumer",A - Grant,1.69,12631,12631,New,21346.0,-1.0,2.0,-15.0,-49.0,NURO
79,,2015-03-10 18:46:50,2015-03-10,NURO,Surgenor Timothy R,Dir,A - Grant,1.72,6500,7334,+779%,11180.0,1.0,1.0,-18.0,-48.0,NURO
80,,2014-04-28 16:34:47,2014-04-28,NURO,Gozani Shai,"Pres, CEO",A - Grant,2.45,14412,87053,+20%,35309.0,-3.0,0.0,-6.0,-12.0,NURO
81,,2014-04-28 16:33:19,2014-04-28,NURO,Williams Michael,"SVP of Engineering, CTO",A - Grant,2.45,6071,23265,+35%,14874.0,-3.0,0.0,-6.0,-12.0,NURO
82,,2014-04-28 16:32:04,2014-04-28,NURO,Higgins Thomas T,"SVP, CFO",A - Grant,2.45,8111,32430,+33%,19872.0,-3.0,0.0,-6.0,-12.0,NURO
83,,2014-04-28 16:30:39,2014-04-28,NURO,Daniello Guy,SVP of IT,A - Grant,2.45,5619,21171,+36%,13767.0,-3.0,0.0,-6.0,-12.0,NURO
84,,2013-12-23 16:14:34,2013-12-20,NURO,Williams Michael,"SVP of Engineering, CTO",F - Tax,3.01,-8,17194,0%,-24.0,-1.0,-6.0,-10.0,-22.0,NURO
85,,2013-12-23 16:13:31,2013-12-20,NURO,Higgins Thomas T,"SVP, CFO",F - Tax,3.01,-6,24319,0%,-18.0,-1.0,-6.0,-10.0,-22.0,NURO
86,,2013-12-23 16:12:19,2013-12-20,NURO,Gozani Shai,"Pres, CEO",F - Tax,3.01,-38,72641,0%,-114.0,-1.0,-6.0,-10.0,-22.0,NURO
87,,2013-12-23 16:11:11,2013-12-20,NURO,Daniello Guy,SVP of IT,F - Tax,3.01,-2,15552,0%,-6.0,-1.0,-6.0,-10.0,-22.0,NURO
88,,2013-05-22 11:24:55,2013-05-20,NURO,Surgenor Timothy R,Dir,A - Grant,0.27,584,834,+234%,160.0,1.0,0.0,6.0,14.0,NURO
89,,2013-05-22 11:22:13,2013-05-20,NURO,Katz Nancy E,Dir,A - Grant,0.27,584,834,+234%,160.0,1.0,0.0,6.0,14.0,NURO
90,,2013-05-22 11:20:33,2013-05-20,NURO,Hinkle Allen J,Dir,A - Grant,0.27,584,834,+234%,160.0,1.0,0.0,6.0,14.0,NURO
91,,2013-05-22 11:17:56,2013-05-20,NURO,Goodman David,Dir,A - Grant,0.27,584,834,+234%,160.0,1.0,0.0,6.0,14.0,NURO
92,,2013-04-29 17:31:41,2013-03-13,NURO,Higgins Thomas T,"SVP, CFO",F - Tax,2.22,-436,24325,-2%,-968.0,-1.0,-3.0,-5.0,-23.0,NURO
93,,2013-04-29 17:30:45,2013-03-13,NURO,Gozani Shai,"Pres, CEO",F - Tax,2.22,-1821,72679,-2%,-4043.0,-1.0,-3.0,-5.0,-23.0,NURO
94,,2013-04-29 17:29:37,2013-03-13,NURO,Daniello Guy,SVP of IT,F - Tax,2.22,-212,15554,-1%,-471.0,-1.0,-3.0,-5.0,-23.0,NURO
95,,2013-04-29 17:28:54,2013-03-13,NURO,Balachandran Krishnamurthy,"SVP, COO, Commercial",F - Tax,2.22,-361,24850,-1%,-801.0,-1.0,-3.0,-5.0,-23.0,NURO
96,,2013-04-29 17:28:01,2013-03-13,NURO,Williams Michael,"SVP of Engineering, CTO",F - Tax,2.22,-428,17202,-2%,-950.0,-1.0,-3.0,-5.0,-23.0,NURO
97,,2013-03-12 16:57:07,2013-03-12,NURO,Balachandran Krishnamurthy,"SVP, COO, Neurodiagnostics",A - Grant,2.39,18473,25211,+274%,44150.0,4.0,19.0,12.0,-25.0,NURO
98,,2013-03-12 16:56:25,2013-03-12,NURO,Daniello Guy,SVP of IT,A - Grant,2.39,11660,15766,+284%,27867.0,4.0,19.0,12.0,-25.0,NURO
99,,2013-03-12 16:55:46,2013-03-12,NURO,Williams Michael,"SVP of Engineering, CTO",A - Grant,2.39,12691,17630,+257%,30331.0,4.0,19.0,12.0,-25.0,NURO
100,,2013-03-12 16:54:57,2013-03-12,NURO,Higgins Thomas T,"SVP, CFO",A - Grant,2.39,17048,24761,+221%,40745.0,4.0,19.0,12.0,-25.0,NURO
101,,2013-03-12 16:54:14,2013-03-12,NURO,Gozani Shai,"Pres, CEO",A - Grant,2.39,32947,74500,+79%,78743.0,4.0,19.0,12.0,-25.0,NURO
102,,2012-12-21 17:26:13,2012-12-21,NURO,Williams Michael,"SVP of Engineering, CTO",F - Tax,0.62,-14,29636,0%,-9.0,0.0,-4.0,8.0,-28.0,NURO
103,,2012-12-21 17:23:27,2012-12-21,NURO,Higgins Thomas T,"SVP, CFO",F - Tax,0.62,-19,46276,0%,-12.0,0.0,-4.0,8.0,-28.0,NURO
104,,2012-12-21 17:20:54,2012-12-21,NURO,Gozani Shai,"Pres, CEO",F - Tax,0.63,-295,249319,0%,-186.0,0.0,-4.0,8.0,-28.0,NURO
105,,2012-12-21 17:18:49,2012-12-21,NURO,Daniello Guy,SVP of IT,F - Tax,0.62,-14,24636,0%,-9.0,0.0,-4.0,8.0,-28.0,NURO
106,,2012-12-21 17:14:51,2012-12-21,NURO,Balachandran Krishnamurthy,"SVP, COO, Neurodiagnostics",F - Tax,0.63,-15,40428,0%,-9.0,0.0,-4.0,8.0,-28.0,NURO
107,,2012-11-09 18:05:10,2012-11-09,NURO,Gozani Shai,"Pres, CEO",P - Purchase,0.55,26800,249713,+12%,14740.0,0.0,2.0,-15.0,-37.0,NURO
108,,2012-08-27 17:27:14,2012-08-27,NURO,Balachandran Krishnamurthy,"SVP, COO, Neurodiagnostics",P - Purchase,0.67,5000,40449,+14%,3350.0,9.0,5.0,-6.0,-35.0,NURO
109,,2012-08-21 17:13:27,2012-08-21,NURO,Higgins Thomas T,"SVP, CFO",P - Purchase,0.64,5000,46304,+12%,3200.0,0.0,1.0,0.0,-28.0,NURO
110,M,2012-08-13 18:00:11,2012-08-10,NURO,Balachandran Krishnamurthy,"SVP, COO, Neurodiagnostics",P - Purchase,0.7,5000,35449,+16%,3500.0,1.0,-4.0,-13.0,-27.0,NURO
111,,2012-08-13 16:10:35,2012-08-13,NURO,Higgins Thomas T,"SVP, CFO",P - Purchase,0.7,5000,41304,+14%,3500.0,1.0,-4.0,-13.0,-27.0,NURO
112,,2012-08-08 14:33:41,2012-08-08,NURO,Higgins Thomas T,"SVP, CFO",P - Purchase,0.7,5000,36304,+16%,3500.0,-1.0,0.0,-6.0,-30.0,NURO
113,,2012-05-31 15:30:46,2012-05-30,NURO,Surgenor Timothy R,Dir,A - Grant,0.0,1500,1500,New,0.0,3.0,0.0,-7.0,-21.0,NURO
114,,2012-05-31 15:28:55,2012-05-30,NURO,Katz Nancy E,Dir,A - Grant,0.0,1500,1500,New,0.0,3.0,0.0,-7.0,-21.0,NURO
115,,2012-05-31 15:27:46,2012-05-30,NURO,Hinkle Allen J,Dir,A - Grant,0.0,1500,1500,New,0.0,3.0,0.0,-7.0,-21.0,NURO
116,,2012-05-31 15:26:38,2012-05-30,NURO,Goodman David,Dir,A - Grant,0.0,1500,1500,New,0.0,3.0,0.0,-7.0,-21.0,NURO
117,,2012-04-04 07:22:18,2012-04-02,NURO,Gozani Shai,"Pres, CEO",F - Tax,0.79,-14,222913,0%,-11.0,1.0,-6.0,-6.0,-25.0,NURO
118,,2012-04-04 07:20:51,2012-04-02,NURO,Daniello Guy,SVP of IT,F - Tax,0.79,-5,24654,0%,-4.0,1.0,-6.0,-6.0,-25.0,NURO
119,,2012-04-04 07:19:27,2012-04-02,NURO,Williams Michael,"SVP of Engineering, CTO",F - Tax,0.79,-5,30924,0%,-4.0,1.0,-6.0,-6.0,-25.0,NURO
120,,2012-04-04 07:17:55,2012-04-02,NURO,Higgins Thomas T,"SVP, CFO",F - Tax,0.79,-2,31304,0%,-2.0,1.0,-6.0,-6.0,-25.0,NURO
121,,2012-03-13 10:05:49,2012-03-13,NURO,Williams Michael,"SVP of Engineering, CTO",A - Grant,0.0,26500,30929,+598%,0.0,0.0,7.0,3.0,-10.0,NURO
122,M,2012-03-13 10:05:49,2012-01-02,NURO,Williams Michael,"SVP of Engineering, CTO",F - Tax,1.34,-399,30929,-1%,-536.0,0.0,7.0,3.0,-10.0,NURO
123,,2012-03-13 10:04:28,2012-03-13,NURO,Higgins Thomas T,"SVP, CFO",A - Grant,0.0,26500,31306,+551%,0.0,0.0,7.0,3.0,-10.0,NURO
124,M,2012-03-13 10:04:28,2012-01-02,NURO,Higgins Thomas T,"SVP, CFO",F - Tax,1.34,-557,31306,-2%,-748.0,0.0,7.0,3.0,-10.0,NURO
125,,2012-03-13 10:02:18,2012-03-13,NURO,Gozani Shai,"Pres, CEO",A - Grant,0.0,68500,222927,+44%,0.0,0.0,7.0,3.0,-10.0,NURO
126,M,2012-03-13 10:02:18,2012-01-02,NURO,Gozani Shai,"Pres, CEO",F - Tax,1.34,-1304,222927,-1%,-1753.0,0.0,7.0,3.0,-10.0,NURO
127,,2012-03-13 10:01:02,2012-03-13,NURO,Daniello Guy,SVP of IT,A - Grant,0.0,20000,24659,+429%,0.0,0.0,7.0,3.0,-10.0,NURO
128,M,2012-03-13 10:01:02,2012-01-02,NURO,Daniello Guy,SVP of IT,F - Tax,1.34,-399,24659,-2%,-536.0,0.0,7.0,3.0,-10.0,NURO
129,,2012-03-13 09:59:57,2012-03-13,NURO,Balachandran Krishnamurthy,"SVP, COO, Neurodiagnostics",A - Grant,0.0,26500,30449,+671%,0.0,0.0,7.0,3.0,-10.0,NURO
130,,2012-03-13 09:59:57,2012-02-01,NURO,Balachandran Krishnamurthy,"SVP, COO, Neurodiagnostics",F - Tax,1.35,-605,30449,-2%,-817.0,0.0,7.0,3.0,-10.0,NURO
131,,2011-05-19 16:05:53,2011-05-18,NURO,Gozani Shai,"Pres, CEO",P - Purchase,0.47,50000,936536,+6%,23500.0,2.0,4.0,14.0,-29.0,NURO
132,D,2011-02-03 17:50:35,2011-02-01,NURO,Gozani Shai,"Pres, CEO",A - Grant,0.0,41250,886536,+5%,0.0,-4.0,-4.0,-9.0,-23.0,NURO
133,D,2011-02-03 17:49:49,2011-02-01,NURO,Daniello Guy,SVP of IT,A - Grant,0.0,12375,31153,+66%,0.0,-4.0,-4.0,-9.0,-23.0,NURO
134,D,2011-02-03 17:49:35,2011-02-01,NURO,Higgins Thomas T,"SVP , CFO",A - Grant,0.0,17325,33454,+107%,0.0,-4.0,-4.0,-9.0,-23.0,NURO
135,D,2011-02-03 17:49:04,2011-02-01,NURO,Williams Michael,SVP of Engineering,A - Grant,0.0,12375,29885,+71%,0.0,-4.0,-4.0,-9.0,-23.0,NURO
136,D,2011-02-03 17:48:20,2011-02-01,NURO,Balachandran Krishnamurthy,"SVP, GM, Int.",A - Grant,0.0,17325,27325,+173%,0.0,-4.0,-4.0,-9.0,-23.0,NURO
137,D,2011-02-03 17:48:20,2010-05-19,NURO,Balachandran Krishnamurthy,"SVP, GM, Int.",P - Purchase,1.25,10000,27325,+58%,12500.0,-4.0,-4.0,-9.0,-23.0,NURO
138,D,2011-02-02 18:48:12,2011-01-31,NURO,Christensen Walter,SVP of Global Sales,D - Sale to issuer,0.0,-11550,0,-100%,-0.0,6.0,4.0,0.0,-15.0,NURO
139,,2010-12-14 19:03:33,2010-12-14,NURO,Flynn James E,"Possible Members of 10% Group, 10%",S - Sale,0.51,-331900,1217720,-21%,-169130.0,-7.0,0.0,0.0,-18.0,NURO
140,M,2010-11-18 18:58:13,2010-11-16,NURO,Flynn James E,"Possible Members of 10% Group, 10%",S - Sale,0.58,-902647,1549620,-37%,-524994.0,5.0,0.0,-6.0,-22.0,NURO
141,,2010-11-18 11:49:52,2010-11-17,NURO,Gozani Shai,"Pres, CEO",P - Purchase,0.57,200000,845286,+31%,114000.0,6.0,6.0,0.0,-17.0,NURO
142,,2010-10-28 16:16:54,2010-10-26,NURO,Flynn James E,"Possible Members of 10% Group, 10%",S - Sale,0.59,-99000,2452267,-4%,-58410.0,-2.0,-6.0,4.0,-6.0,NURO
143,M,2010-09-28 18:16:32,2010-09-24,NURO,Flynn James E,"Possible Members of 10% Group, 10%",S - Sale,0.58,-20200,2551267,-1%,-11716.0,0.0,3.0,-7.0,-20.0,NURO
144,M,2010-09-23 17:37:37,2010-09-21,NURO,Flynn James E,"Possible Members of 10% Group, 10%",S - Sale,0.59,-53819,2571467,-2%,-31682.0,-2.0,2.0,-9.0,-19.0,NURO
145,M,2010-09-17 17:26:35,2010-09-15,NURO,Flynn James E,"Possible Members of 10% Group, 10%",S - Sale,0.59,-762500,2625286,-23%,-447500.0,-2.0,6.0,-2.0,-13.0,NURO
146,,2010-08-23 18:47:46,2010-08-19,NURO,Flynn James E,"Possible Members of 10% Group, 10%",S - Sale,0.78,-1005887,3387786,-23%,-785239.0,-4.0,0.0,-18.0,-27.0,NURO
147,,2010-06-02 17:10:09,2010-05-28,NURO,Christensen Walter,"SVP, Global Sales",P - Purchase,1.27,5000,16550,+43%,6350.0,-3.0,7.0,-2.0,-50.0,NURO
148,D,2010-04-06 20:56:09,2010-04-02,NURO,Gozani Shai,"Pres, CEO",A - Grant,0.0,20625,645286,+3%,0.0,2.0,6.0,-1.0,-63.0,NURO
149,D,2010-04-06 20:54:09,2010-04-02,NURO,Williams Michael,SVP of Engineering,A - Grant,0.0,8250,17510,+89%,0.0,2.0,6.0,-1.0,-63.0,NURO
150,D,2010-04-06 20:52:40,2010-04-02,NURO,Christensen Walter,"SVP, Global Sales",A - Grant,0.0,11550,11550,New,0.0,2.0,6.0,-1.0,-63.0,NURO
151,D,2010-04-06 20:50:39,2010-04-02,NURO,Daniello Guy,SVP of Information Tech,A - Grant,0.0,8250,18778,+78%,0.0,2.0,6.0,-1.0,-63.0,NURO
152,D,2010-04-06 20:49:54,2010-04-02,NURO,Higgins Thomas T,CFO,A - Grant,0.0,11550,16129,+252%,0.0,2.0,6.0,-1.0,-63.0,NURO
153,,2010-03-12 10:42:27,2009-03-10,NURO,Higgins Thomas T,CFO,A - Grant,0.0,4579,4579,New,0.0,-1.0,1.0,-14.0,-67.0,NURO
154,D,2009-09-11 15:35:49,2009-09-09,NURO,Flynn James E,10%,P - Purchase,2.0,2548673,4393673,+138%,5097346.0,31.0,20.0,23.0,-12.0,NURO
155,,2009-03-03 19:03:33,2009-02-27,NURO,Gozani Shai,"Pres, CEO",P - Purchase,1.3,100000,624661,+19%,129880.0,2.0,-5.0,29.0,59.0,NURO
156,D,2009-02-17 15:50:54,2009-02-12,NURO,Gozani Shai,"Pres, CEO",A - Grant,1.7,61373,524661,+13%,104334.0,1.0,-9.0,-4.0,16.0,NURO
157,,2008-03-27 16:52:01,2008-03-26,NURO,Integral Capital Management VIII LLC,10%,S - Sale,1.8,-233576,233220,-50%,-420086.0,-4.0,-1.0,-16.0,-48.0,NURO
158,,2008-03-27 16:49:39,2008-03-26,NURO,"Integral Capital Partners Viii, L.P.",10%,S - Sale,1.8,-233576,233220,-50%,-420086.0,-4.0,-1.0,-16.0,-48.0,NURO
159,,2008-03-27 16:46:34,2008-03-26,NURO,"Integral Capital Management Vii, LLC",10%,S - Sale,1.8,-446716,446035,-50%,-803419.0,-4.0,-1.0,-16.0,-48.0,NURO
160,,2008-03-27 16:43:28,2008-03-26,NURO,Integral Capital Partners VII L P,10%,S - Sale,1.8,-446716,446035,-50%,-803419.0,-4.0,-1.0,-16.0,-48.0,NURO
161,M,2008-03-26 18:04:17,2008-03-24,NURO,"Integral Capital Partners Viii, L.P.",10%,S - Sale,1.65,-21049,466796,-4%,-34815.0,3.0,3.0,-18.0,-52.0,NURO
162,M,2008-03-26 17:45:00,2008-03-24,NURO,Integral Capital Partners VII L P,10%,S - Sale,1.65,-40259,892751,-4%,-66588.0,3.0,3.0,-18.0,-52.0,NURO
163,M,2008-03-26 16:15:07,2008-03-24,NURO,"Integral Capital Management Vii, LLC",10%,S - Sale,1.65,-40259,892751,-4%,-66588.0,3.0,3.0,-18.0,-52.0,NURO
164,M,2008-03-26 15:34:50,2008-03-24,NURO,Integral Capital Management VIII LLC,10%,S - Sale,1.65,-21049,466796,-4%,-34815.0,15.0,18.0,-3.0,-37.0,NURO
165,,2008-02-15 15:43:58,2008-02-13,NURO,Integral Capital Management VIII LLC,10%,S - Sale,4.17,-3800,487845,-1%,-15847.0,-1.0,-19.0,-47.0,-65.0,NURO
166,,2008-02-15 15:37:15,2008-02-13,NURO,"Integral Capital Partners Viii, L.P.",10%,S - Sale,4.17,-3800,487845,-1%,-15847.0,-1.0,-19.0,-47.0,-65.0,NURO
167,,2008-02-15 15:30:03,2008-02-13,NURO,"Integral Capital Management Vii, LLC",10%,S - Sale,4.17,-7300,933010,-1%,-30443.0,-1.0,-19.0,-47.0,-65.0,NURO
168,,2008-02-15 15:18:11,2008-02-13,NURO,Integral Capital Partners VII L P,10%,S - Sale,4.17,-7300,933010,-1%,-30443.0,-1.0,-19.0,-47.0,-65.0,NURO
169,,2008-02-13 20:02:27,2008-02-11,NURO,"Integral Capital Absolute Return Fund, L.P.",10%,S - Sale,7.5,-10000,0,-100%,-75005.0,-12.0,-19.0,-53.0,-68.0,NURO
170,M,2008-02-13 19:56:53,2008-02-11,NURO,Integral Capital Management VIII LLC,10%,S - Sale,5.1,-8355,491645,-2%,-42602.0,-12.0,-19.0,-53.0,-68.0,NURO
171,M,2008-02-13 19:46:46,2008-02-11,NURO,"Integral Capital Partners Viii, L.P.",10%,S - Sale,5.1,-8355,491645,-2%,-42602.0,-12.0,-19.0,-53.0,-68.0,NURO
172,M,2008-02-13 18:04:22,2008-02-11,NURO,"Integral Capital Management Vii, LLC",10%,S - Sale,5.15,-14690,940310,-2%,-75694.0,-12.0,-19.0,-53.0,-68.0,NURO
173,M,2008-02-13 17:38:26,2008-02-11,NURO,Integral Capital Partners VII L P,10%,S - Sale,5.15,-14690,940310,-2%,-75694.0,-12.0,-19.0,-53.0,-68.0,NURO
174,,2008-02-13 15:04:57,2008-02-11,NURO,"Icp Absolute Return Management, LLC",10%,S - Sale,7.5,-10000,0,-100%,-75005.0,-2.0,-21.0,-55.0,-70.0,NURO
175,,2008-02-06 21:44:33,2007-12-05,NURO,"Integral Capital Management Vii, LLC",10%,P - Purchase,8.63,3000,955000,0%,25904.0,1.0,-57.0,-77.0,-83.0,NURO
176,,2008-02-06 21:19:58,2007-12-05,NURO,Integral Capital Partners VII L P,10%,P - Purchase,8.63,3000,955000,0%,25904.0,1.0,-57.0,-77.0,-83.0,NURO
177,,2008-02-06 21:05:20,2007-12-05,NURO,Integral Capital Management VIII LLC,10%,P - Purchase,8.63,3879,500000,+1%,33494.0,1.0,-57.0,-77.0,-83.0,NURO
178,,2008-02-06 21:05:20,2008-01-09,NURO,Integral Capital Management VIII LLC,10%,S - Sale,9.86,-3879,500000,-1%,-38263.0,1.0,-57.0,-77.0,-83.0,NURO
179,,2008-02-06 20:32:41,2007-12-05,NURO,"Integral Capital Partners Viii, L.P.",10%,P - Purchase,8.63,3879,500000,+1%,33494.0,1.0,-57.0,-77.0,-83.0,NURO
180,,2008-02-06 20:32:41,2008-01-09,NURO,"Integral Capital Partners Viii, L.P.",10%,S - Sale,9.86,-3879,500000,-1%,-38263.0,1.0,-57.0,-77.0,-83.0,NURO
181,,2007-04-26 16:24:16,2007-04-25,NURO,Gozani Shai,"Presdent, CEO",D - Sale to issuer,0.2,-6250,463288,-1%,-1250.0,-1.0,4.0,-5.0,-11.0,NURO
182,,2006-09-20 17:47:14,2006-09-18,NURO,Gozani Shai,"Pres, CEO",S - Sale,21.95,-15000,469538,-3%,-329229.0,-6.0,-9.0,-19.0,-59.0,NURO
183,D,2006-09-20 17:46:59,2006-09-18,NURO,Smith W Bradford,CFO,M - OptEx,9.9,3000,0,-100%,29700.0,-6.0,-9.0,-19.0,-59.0,NURO
184,D,2006-09-20 17:46:59,2006-09-18,NURO,Smith W Bradford,CFO,S - Sale+OE,21.99,-3000,0,-100%,-65960.0,-6.0,-9.0,-19.0,-59.0,NURO
185,D,2006-09-05 21:18:05,2006-08-31,NURO,Gregory Gary,COO,M - OptEx,2.25,36833,31341,-671%,82874.0,-12.0,-15.0,-25.0,-59.0,NURO
186,D,2006-09-05 21:18:05,2006-08-31,NURO,Gregory Gary,COO,S - Sale+OE,27.01,-21000,31341,-40%,-567109.0,-12.0,-15.0,-25.0,-59.0,NURO
187,,2006-08-18 17:59:57,2006-08-16,NURO,Gozani Shai,"Pres, CEO",G - Gift,0.0,-10000,499538,-2%,-0.0,1.0,-3.0,-26.0,-60.0,NURO
188,,2006-08-18 17:52:26,2006-08-18,NURO,Gozani Shai,"Pres, CEO",S - Sale,29.58,-15000,484538,-3%,-443771.0,1.0,-3.0,-26.0,-60.0,NURO
189,D,2006-08-18 17:33:56,2006-08-18,NURO,Smith W Bradford,CFO,M - OptEx,9.9,3000,0,-100%,29700.0,1.0,-3.0,-26.0,-60.0,NURO
190,D,2006-08-18 17:33:56,2006-08-18,NURO,Smith W Bradford,CFO,S - Sale+OE,29.86,-3000,0,-100%,-89581.0,1.0,-3.0,-26.0,-60.0,NURO
191,,2006-07-20 19:36:52,2006-07-18,NURO,Gozani Shai,"Pres, CEO",S - Sale,23.44,-15000,509538,-3%,-351587.0,-4.0,4.0,11.0,-52.0,NURO
192,D,2006-07-20 18:46:19,2006-07-18,NURO,Smith W Bradford,CFO,M - OptEx,9.9,3000,0,-100%,29700.0,-4.0,4.0,11.0,-52.0,NURO
193,D,2006-07-20 18:46:19,2006-07-18,NURO,Smith W Bradford,CFO,S - Sale+OE,23.89,-3000,0,-100%,-71676.0,-4.0,4.0,11.0,-52.0,NURO
194,,2006-06-20 21:04:31,2006-06-19,NURO,Gozani Shai,"Pres, CEO",S - Sale,28.22,-15000,524538,-3%,-423374.0,1.0,0.0,-3.0,-49.0,NURO
195,D,2006-06-20 18:50:57,2006-06-19,NURO,Smith W Bradford,CFO,M - OptEx,9.9,3000,0,-100%,29700.0,1.0,0.0,-3.0,-49.0,NURO
196,D,2006-06-20 18:50:57,2006-06-19,NURO,Smith W Bradford,CFO,S - Sale+OE,28.53,-3000,0,-100%,-85599.0,1.0,0.0,-3.0,-49.0,NURO
197,D,2006-05-19 17:23:24,2006-05-18,NURO,Smith W Bradford,CFO,M - OptEx,9.9,3000,0,-100%,29700.0,1.0,-1.0,-9.0,-43.0,NURO
198,D,2006-05-19 17:23:24,2006-05-18,NURO,Smith W Bradford,CFO,S - Sale+OE,33.62,-3000,0,-100%,-100846.0,1.0,-1.0,-9.0,-43.0,NURO
199,,2006-05-19 17:23:09,2006-05-18,NURO,Gozani Shai,"Pres, CEO",S - Sale,32.8,-15000,539538,-3%,-491991.0,1.0,-1.0,-9.0,-43.0,NURO
200,,2006-04-20 15:10:02,2006-04-18,NURO,Gozani Shai,"Pres, CEO",S - Sale,37.4,-15000,554538,-3%,-561006.0,0.0,0.0,-20.0,-52.0,NURO
201,D,2006-04-20 15:09:47,2006-04-18,NURO,Smith W Bradford,CFO,M - OptEx,9.9,3000,0,-100%,29700.0,0.0,0.0,-20.0,-52.0,NURO
202,D,2006-04-20 15:09:47,2006-04-18,NURO,Smith W Bradford,CFO,S - Sale+OE,37.82,-3000,0,-100%,-113471.0,0.0,0.0,-20.0,-52.0,NURO
203,,2006-03-22 14:26:23,2006-03-20,NURO,Gozani Shai,"Pres, CEO",S - Sale,36.52,-15000,569538,-3%,-547779.0,4.0,3.0,11.0,-38.0,NURO
204,D,2006-03-22 14:25:24,2006-03-20,NURO,Smith W Bradford,CFO,M - OptEx,9.9,3000,0,-100%,29700.0,4.0,3.0,11.0,-38.0,NURO
205,D,2006-03-22 14:25:24,2006-03-20,NURO,Smith W Bradford,CFO,S - Sale+OE,36.66,-3000,0,-100%,-109982.0,4.0,3.0,11.0,-38.0,NURO
206,,2006-03-01 21:21:44,2006-02-28,NURO,Gozani Shai,"Pres, CEO",G - Gift,0.0,-5000,584538,-1%,-0.0,2.0,-12.0,-1.0,-33.0,NURO
207,D,2006-03-01 20:34:40,2006-02-28,NURO,Goodman David,Dir,M - OptEx,8.0,4000,0,-100%,32000.0,2.0,-12.0,-1.0,-33.0,NURO
208,D,2006-03-01 20:34:40,2006-02-28,NURO,Goodman David,Dir,S - Sale+OE,35.06,-4000,0,-100%,-140230.0,2.0,-12.0,-1.0,-33.0,NURO
209,D,2006-03-01 20:12:24,2006-02-27,NURO,Gregory Gary,COO,M - OptEx,2.25,25000,15508,-263%,56250.0,2.0,-12.0,-1.0,-33.0,NURO
210,D,2006-03-01 20:12:24,2006-02-27,NURO,Gregory Gary,COO,S - Sale+OE,35.13,-25000,15508,-62%,-878165.0,2.0,-12.0,-1.0,-33.0,NURO
211,D,2006-02-22 11:22:59,2006-02-21,NURO,Smith W Bradford,CFO,M - OptEx,9.9,3000,0,-100%,29700.0,1.0,5.0,8.0,-12.0,NURO
212,D,2006-02-22 11:22:59,2006-02-21,NURO,Smith W Bradford,CFO,S - Sale+OE,35.17,-3000,0,-100%,-105520.0,1.0,5.0,8.0,-12.0,NURO
213,,2006-02-22 11:22:42,2006-02-21,NURO,Gozani Shai,"Pres, CEO",S - Sale,34.45,-15000,589538,-2%,-516726.0,1.0,5.0,8.0,-12.0,NURO
214,D,2006-02-16 18:32:57,2006-02-14,NURO,Smith W Bradford,CFO,M - OptEx,9.9,26000,0,-100%,257400.0,0.0,-2.0,4.0,-17.0,NURO
215,D,2006-02-16 18:32:57,2006-02-14,NURO,Smith W Bradford,CFO,S - Sale+OE,35.23,-26000,0,-100%,-916050.0,0.0,-2.0,4.0,-17.0,NURO
216,D,2006-02-08 09:58:04,2006-02-07,NURO,Lamantia Charles R,Dir,M - OptEx,9.4,5000,0,-100%,47000.0,0.0,1.0,-8.0,-15.0,NURO
217,D,2006-02-08 09:58:04,2006-02-07,NURO,Lamantia Charles R,Dir,S - Sale+OE,35.38,-5000,0,-100%,-176893.0,0.0,1.0,-8.0,-15.0,NURO
218,,2006-01-18 19:18:39,2006-01-18,NURO,Gozani Shai,"Pres, CEO",S - Sale,32.96,-15000,604538,-2%,-494331.0,1.0,0.0,10.0,-25.0,NURO
219,,2005-12-21 16:58:19,2005-12-19,NURO,Gozani Shai,"Pres, CEO",S - Sale,31.54,-15000,619538,-2%,-473168.0,-1.0,-3.0,16.0,2.0,NURO
220,D,2005-12-05 17:14:39,2005-12-01,NURO,Gregory Gary,COO,M - OptEx,2.25,12500,14754,+555%,28125.0,-4.0,-2.0,-3.0,-8.0,NURO
221,D,2005-11-30 21:12:01,2005-11-28,NURO,Goodman David,Dir,G - Gift,0.0,-1000,0,-100%,-0.0,1.0,-5.0,-13.0,-3.0,NURO
222,D,2005-11-30 21:12:01,2005-11-28,NURO,Goodman David,Dir,M - OptEx,8.0,1000,0,-100%,8000.0,1.0,-5.0,-13.0,-3.0,NURO
223,DM,2005-11-21 20:11:07,2005-11-17,NURO,Daniello Guy,SVP of Information Tech,M - OptEx,2.25,17122,1038,-106%,38525.0,2.0,-8.0,-19.0,-14.0,NURO
224,DM,2005-11-21 20:11:07,2005-11-17,NURO,Daniello Guy,SVP of Information Tech,S - Sale+OE,35.04,-17122,1038,-94%,-599880.0,2.0,-8.0,-19.0,-14.0,NURO
225,D,2005-11-14 17:27:09,2005-11-10,NURO,Williams Michael,SVP of Engineering,M - OptEx,1.69,16086,184,-101%,27142.0,-2.0,0.0,-13.0,1.0,NURO
226,D,2005-11-14 17:27:09,2005-11-10,NURO,Williams Michael,SVP of Engineering,S - Sale+OE,35.03,-16086,184,-99%,-563485.0,-2.0,0.0,-13.0,1.0,NURO
227,,2005-11-10 18:59:09,2005-11-08,NURO,Gozani Shai,"Pres, CEO",S - Sale,34.6,-50000,634538,-7%,-1730005.0,0.0,-2.0,-15.0,-1.0,NURO
228,D,2005-11-10 18:58:54,2005-11-08,NURO,Gregory Gary,COO,M - OptEx,2.25,70000,2254,-103%,157500.0,0.0,-2.0,-15.0,-1.0,NURO
229,DM,2005-11-10 18:58:54,2005-11-08,NURO,Gregory Gary,COO,S - Sale+OE,34.94,-75000,2254,-97%,-2620352.0,0.0,-2.0,-15.0,-1.0,NURO
230,,2005-08-30 14:45:11,2005-08-29,NURO,Stone Michael R,10%,S - Sale,26.42,-35000,1685688,-2%,-924553.0,0.0,9.0,8.0,45.0,NURO
231,A,2005-08-30 14:36:32,2005-08-12,NURO,Stone Michael R,10%,S - Sale,28.43,-10547,1720688,-1%,-299862.0,0.0,9.0,8.0,45.0,NURO
232,,2005-08-29 19:35:52,2005-08-29,NURO,Williams Michael,Snr VP of Engineering,S - Sale,26.38,-10000,184,-98%,-263817.0,0.0,6.0,12.0,36.0,NURO
233,,2005-08-29 13:37:49,2005-08-29,NURO,O Brien Daniel J,10%,S - Sale,26.27,-7716,1637847,0%,-202699.0,3.0,9.0,14.0,39.0,NURO
234,M,2005-08-26 17:10:36,2005-08-11,NURO,Fordyce James H,10%,S - Sale,26.94,-5779,1637847,0%,-155707.0,3.0,5.0,15.0,35.0,NURO
235,M,2005-08-26 16:59:15,2005-08-15,NURO,O Brien Daniel J,10%,S - Sale,28.99,-14570,1645563,-1%,-422361.0,3.0,5.0,15.0,35.0,NURO
236,D,2005-08-11 13:11:11,2005-08-10,NURO,Williams Michael,SVP of Engineering,M - OptEx,1.35,10000,10184,>999%,13504.0,3.0,10.0,0.0,28.0,NURO
237,D,2005-08-11 13:10:43,2005-05-21,NURO,Daniello Guy,SVP-Information Tech.,M - OptEx,0.97,7812,8850,+753%,7578.0,3.0,10.0,0.0,28.0,NURO
238,,2005-08-04 16:05:49,2005-08-02,NURO,Fordyce James H,10%,A - Grant,0.0,2931,2440778,0%,0.0,2.0,14.0,15.0,41.0,NURO
239,M,2005-08-04 16:05:30,2005-08-02,NURO,Stone Michael R,10%,A - Grant,0.0,60547,2498394,+2%,0.0,2.0,14.0,15.0,41.0,NURO
240,M,2005-08-04 16:04:38,2005-08-02,NURO,Castleman Peter M,10%,A - Grant,0.0,81773,2519620,+3%,0.0,2.0,14.0,15.0,41.0,NURO
241,M,2005-08-04 16:04:09,2005-08-02,NURO,O Brien Daniel J,10%,A - Grant,0.0,14570,2452417,+1%,0.0,2.0,14.0,15.0,41.0,NURO
242,M,2005-08-04 16:03:39,2005-08-02,NURO,Laverack William Jr,"Dir, 10%",A - Grant,0.0,60321,2498168,+2%,0.0,2.0,14.0,15.0,41.0,NURO
243,,2005-05-04 11:40:47,2005-05-03,NURO,Harris Charles E/ny,Dir,P - Purchase,12.0,25000,50000,+100%,299956.0,2.0,11.0,40.0,206.0,NURO
244,AD,2004-08-10 13:23:19,2004-07-27,NURO,"Bancboston Ventures, Inc.",10%,C - Converted deriv,0.0,935916,935916,-50%,0.0,1.0,2.0,4.0,28.0,NURO
245,AD,2004-08-10 13:01:14,2004-07-27,NURO,Fleet National Bank,10%,C - Converted deriv,0.0,762182,935916,-45%,0.0,1.0,2.0,4.0,28.0,NURO
246,AD,2004-07-30 17:47:52,2004-07-27,NURO,Harris & Harris Group Inc /ny/,10%,C - Converted deriv,0.0,1137570,1137570,-50%,0.0,0.0,-3.0,0.0,25.0,NURO
247,,2004-07-30 16:47:03,2004-07-29,NURO,Harris Charles E/ny,Dir,P - Purchase,7.68,10000,25000,+67%,76794.0,0.0,-3.0,0.0,25.0,NURO
248,,2004-07-29 16:38:38,2004-07-27,NURO,Harris & Harris Group Inc /ny/,10%,C - Converted deriv,0.0,1137570,1137570,-50%,0.0,1.0,-1.0,1.0,29.0,NURO
249,D,2004-07-28 16:18:17,2004-07-27,NURO,"Bancboston Ventures, Inc.",10%,C - Converted deriv,0.0,935916,944916,-50%,0.0,5.0,3.0,6.0,31.0,NURO
250,D,2004-07-28 09:45:00,2004-07-27,NURO,Fordyce James H,10%,C - Converted deriv,0.0,3333811,3333811,-50%,0.0,-7.0,-4.0,-1.0,24.0,NURO
251,D,2004-07-28 09:44:42,2004-07-27,NURO,O Brien Daniel J,10%,C - Converted deriv,0.0,3333811,3333811,-50%,0.0,-7.0,-4.0,-1.0,24.0,NURO
252,D,2004-07-28 09:44:11,2004-07-27,NURO,Stone Michael R,10%,C - Converted deriv,0.0,3333811,3333811,-50%,0.0,-7.0,-4.0,-1.0,24.0,NURO
253,D,2004-07-28 09:43:29,2004-07-27,NURO,Castleman Peter M,10%,C - Converted deriv,0.0,3333811,3333811,-50%,0.0,-7.0,-4.0,-1.0,24.0,NURO
254,D,2004-07-28 09:42:51,2004-07-27,NURO,Laverack William Jr,"Dir, 10%",C - Converted deriv,0.0,3333811,3333811,-50%,0.0,-7.0,-4.0,-1.0,24.0,NURO
255,D,2004-07-28 09:36:07,2004-07-27,NURO,"Whitney & Co, LLC",10%,C - Converted deriv,0.0,3333811,3333811,-50%,0.0,-7.0,-4.0,-1.0,24.0,NURO
256,D,2004-07-28 09:35:08,2004-07-27,NURO,Whitney J H Equity Partners III LLC,10%,C - Converted deriv,0.0,3333811,3333811,-50%,0.0,-7.0,-4.0,-1.0,24.0,NURO
257,D,2004-07-28 09:34:37,2004-07-27,NURO,Whitney Strategic Partners III LP,10%,C - Converted deriv,0.0,3333811,3333811,-50%,0.0,-7.0,-4.0,-1.0,24.0,NURO
258,D,2004-07-28 09:34:09,2004-07-27,NURO,Whitney J H III LP,10%,C - Converted deriv,0.0,3333811,3333811,-50%,0.0,-7.0,-4.0,-1.0,24.0,NURO
259,,2004-07-26 16:28:15,2004-07-22,NURO,Harris Charles E/ny,Dir,P - Purchase,7.97,15000,15000,New,119550.0,0.0,-2.0,-1.0,22.0,NURO
