,X,FilingDate,TradeDate,Ticker,InsiderName,Title,TradeType,Price,Qty,Owned,delta_Own,Value,1d,1w,1m,6m,ticker
0,DM,2022-03-14 16:26:31,2022-03-11,SRCL,Reuter Joseph Anthony,"EVP, Chief People Officer",F - Tax,55.44,-1019,8540,-11%,-56493.0,,,,,SRCL
1,DM,2022-03-14 16:26:31,2022-03-11,SRCL,Reuter Joseph Anthony,"EVP, Chief People Officer",M - OptEx,0.0,3354,8540,+65%,0.0,,,,,SRCL
2,D,2022-03-14 16:25:46,2022-03-11,SRCL,Zelenka Janet,"EVP, CFO, CIO",F - Tax,55.44,-1370,13531,-9%,-75953.0,,,,,SRCL
3,D,2022-03-14 16:25:46,2022-03-11,SRCL,Zelenka Janet,"EVP, CFO, CIO",M - OptEx,0.0,4674,13531,+53%,0.0,,,,,SRCL
4,D,2022-03-14 16:24:14,2022-03-11,SRCL,White Stephen Cory,"EVP, Chief Commercial Officer",F - Tax,55.44,-717,5434,-12%,-39750.0,,,,,SRCL
5,D,2022-03-14 16:24:14,2022-03-11,SRCL,White Stephen Cory,"EVP, Chief Commercial Officer",M - OptEx,0.0,2460,5434,+83%,0.0,,,,,SRCL
6,DM,2022-03-14 16:22:49,2022-03-11,SRCL,Weisman Michael,"EVP Corp Ethics, Compliance",F - Tax,55.44,-1145,8239,-12%,-63479.0,,,,,SRCL
7,DM,2022-03-14 16:22:49,2022-03-11,SRCL,Weisman Michael,"EVP Corp Ethics, Compliance",M - OptEx,0.0,3895,8239,+90%,0.0,,,,,SRCL
8,DM,2022-03-14 16:22:08,2022-03-11,SRCL,Moore Richard Michael,EVP North America Operations,F - Tax,55.44,-916,7595,-11%,-50783.0,,,,,SRCL
9,DM,2022-03-14 16:22:08,2022-03-11,SRCL,Moore Richard Michael,EVP North America Operations,M - OptEx,0.0,3125,7595,+70%,0.0,,,,,SRCL
10,DM,2022-03-14 16:20:42,2022-03-11,SRCL,Hoffman Richard J,"SVP, Chief Accounting Officer",F - Tax,55.44,-725,14281,-5%,-40194.0,,,,,SRCL
11,DM,2022-03-14 16:20:42,2022-03-11,SRCL,Hoffman Richard J,"SVP, Chief Accounting Officer",M - OptEx,0.0,2471,14281,+21%,0.0,,,,,SRCL
12,DM,2022-03-14 16:19:46,2022-03-11,SRCL,Ginnetti Daniel,EVP International,F - Tax,55.44,-2254,17773,-11%,-124962.0,,,,,SRCL
13,DM,2022-03-14 16:19:46,2022-03-11,SRCL,Ginnetti Daniel,EVP International,M - OptEx,0.0,7691,17773,+76%,0.0,,,,,SRCL
14,D,2022-03-14 16:18:36,2022-03-11,SRCL,Culotta Dominic,EVP Engineering,F - Tax,55.44,-403,5056,-7%,-22342.0,,,,,SRCL
15,D,2022-03-14 16:18:36,2022-03-11,SRCL,Culotta Dominic,EVP Engineering,M - OptEx,0.0,1680,5056,+50%,0.0,,,,,SRCL
16,DM,2022-03-14 16:17:49,2022-03-11,SRCL,Miller Cindy J,CEO,F - Tax,55.44,-9405,41055,-19%,-521413.0,,,,,SRCL
17,DM,2022-03-14 16:17:49,2022-03-11,SRCL,Miller Cindy J,CEO,M - OptEx,0.0,21844,41055,+114%,0.0,,,,,SRCL
18,D,2022-03-11 16:22:17,2022-03-09,SRCL,Hoffman Richard J,"SVP, Chief Accounting Officer",F - Tax,56.69,-279,12535,-2%,-15817.0,,,,,SRCL
19,D,2022-03-11 16:22:17,2022-03-09,SRCL,Hoffman Richard J,"SVP, Chief Accounting Officer",M - OptEx,0.0,951,12535,+8%,0.0,,,,,SRCL
20,D,2022-03-11 16:19:28,2022-03-09,SRCL,Weisman Michael,"EVP Corp Ethics, Compliance",F - Tax,56.69,-424,5489,-7%,-24037.0,,,,,SRCL
21,D,2022-03-11 16:19:28,2022-03-09,SRCL,Weisman Michael,"EVP Corp Ethics, Compliance",M - OptEx,0.0,1223,5489,+29%,0.0,,,,,SRCL
22,D,2022-03-11 16:17:51,2022-03-09,SRCL,Culotta Dominic,EVP Engineering,F - Tax,56.69,-422,3779,-10%,-23923.0,,,,,SRCL
23,D,2022-03-11 16:17:51,2022-03-09,SRCL,Culotta Dominic,EVP Engineering,M - OptEx,0.0,1472,3779,+64%,0.0,,,,,SRCL
24,D,2022-03-11 16:16:50,2022-03-09,SRCL,Reuter Joseph Anthony,"EVP, Chief People Officer",F - Tax,56.69,-504,6205,-8%,-28572.0,,,,,SRCL
25,D,2022-03-11 16:16:50,2022-03-09,SRCL,Reuter Joseph Anthony,"EVP, Chief People Officer",M - OptEx,0.0,1682,6205,+37%,0.0,,,,,SRCL
26,D,2022-03-11 16:15:57,2022-03-09,SRCL,Moore Richard Michael,EVP North America Operations,F - Tax,56.69,-491,5386,-8%,-27835.0,,,,,SRCL
27,D,2022-03-11 16:15:57,2022-03-09,SRCL,Moore Richard Michael,EVP North America Operations,M - OptEx,0.0,1682,5386,+45%,0.0,,,,,SRCL
28,D,2022-03-11 16:15:07,2022-03-09,SRCL,White Stephen Cory,"EVP, Chief Commercial Officer",F - Tax,56.69,-594,3691,-14%,-33674.0,,,,,SRCL
29,D,2022-03-11 16:15:07,2022-03-09,SRCL,White Stephen Cory,"EVP, Chief Commercial Officer",M - OptEx,0.0,1871,3691,+103%,0.0,,,,,SRCL
30,D,2022-03-11 16:14:11,2022-03-09,SRCL,Rogers Kurt,"EVP, GC",F - Tax,56.69,-655,5191,-11%,-37132.0,,,,,SRCL
31,D,2022-03-11 16:14:11,2022-03-09,SRCL,Rogers Kurt,"EVP, GC",M - OptEx,0.0,2103,5191,+68%,0.0,,,,,SRCL
32,D,2022-03-11 16:13:14,2022-03-09,SRCL,Ginnetti Daniel,EVP International,F - Tax,56.69,-653,12336,-5%,-37019.0,,,,,SRCL
33,D,2022-03-11 16:13:14,2022-03-09,SRCL,Ginnetti Daniel,EVP International,M - OptEx,0.0,2227,12336,+22%,0.0,,,,,SRCL
34,D,2022-03-11 16:12:15,2022-03-09,SRCL,Zelenka Janet,"EVP, CFO, CIO",F - Tax,56.69,-1107,10227,-10%,-62756.0,,,,,SRCL
35,D,2022-03-11 16:12:15,2022-03-09,SRCL,Zelenka Janet,"EVP, CFO, CIO",M - OptEx,0.0,3735,10227,+58%,0.0,,,,,SRCL
36,D,2022-03-11 16:11:20,2022-03-09,SRCL,Miller Cindy J,CEO,F - Tax,56.69,-2983,28616,-9%,-169106.0,,,,,SRCL
37,D,2022-03-11 16:11:20,2022-03-09,SRCL,Miller Cindy J,CEO,M - OptEx,0.0,9518,28616,+50%,0.0,,,,,SRCL
38,D,2022-03-02 16:12:55,2022-03-01,SRCL,Hoffman Richard J,"SVP, Chief Accounting Officer",F - Tax,58.25,-884,11863,-7%,-51493.0,,,,,SRCL
39,D,2022-03-02 16:12:55,2022-03-01,SRCL,Hoffman Richard J,"SVP, Chief Accounting Officer",M - OptEx,0.0,2750,11863,+30%,0.0,,,,,SRCL
40,D,2022-03-02 16:12:02,2022-03-01,SRCL,Ginnetti Daniel,EVP International,F - Tax,58.25,-412,10762,-4%,-23999.0,,,,,SRCL
41,D,2022-03-02 16:12:02,2022-03-01,SRCL,Ginnetti Daniel,EVP International,M - OptEx,0.0,1430,10762,+15%,0.0,,,,,SRCL
42,D,2022-02-17 16:24:29,2022-02-16,SRCL,Ginnetti Daniel,EVP International,F - Tax,59.95,-347,9744,-3%,-20803.0,,,,,SRCL
43,D,2022-02-17 16:24:29,2022-02-16,SRCL,Ginnetti Daniel,EVP International,M - OptEx,0.0,1000,9744,+11%,0.0,,,,,SRCL
44,D,2022-02-02 16:13:39,2022-02-01,SRCL,Moore Richard Michael,EVP North America Operations,F - Tax,59.35,-350,4195,-8%,-20773.0,,,,,SRCL
45,D,2022-02-02 16:13:39,2022-02-01,SRCL,Moore Richard Michael,EVP North America Operations,M - OptEx,0.0,1010,4195,+32%,0.0,,,,,SRCL
46,D,2022-02-02 16:13:00,2022-02-01,SRCL,Reuter Joseph Anthony,"EVP, Chief People Officer",F - Tax,59.35,-451,5027,-8%,-26767.0,,,,,SRCL
47,D,2022-02-02 16:13:00,2022-02-01,SRCL,Reuter Joseph Anthony,"EVP, Chief People Officer",M - OptEx,0.0,1263,5027,+34%,0.0,,,,,SRCL
48,D,2022-01-18 16:18:36,2022-01-14,SRCL,Murley Robert S,Dir,M - OptEx,0.0,87,5296,+2%,0.0,,,,,SRCL
49,D,2022-01-18 16:17:50,2022-01-14,SRCL,Anderson Brian P,Dir,M - OptEx,0.0,87,7711,+1%,0.0,,,,,SRCL
50,D,2021-11-03 16:15:12,2021-11-01,SRCL,Miller Cindy J,CEO,F - Tax,67.85,-1035,22081,-4%,-70225.0,,,,,SRCL
51,D,2021-11-03 16:15:12,2021-11-01,SRCL,Miller Cindy J,CEO,M - OptEx,0.0,2232,22081,+11%,0.0,,,,,SRCL
52,,2021-07-13 16:08:39,2021-07-12,SRCL,White Stephen Cory,"EVP, Chief Commercial Officer",S - Sale,70.72,-1390,2414,-37%,-98301.0,,,,,SRCL
53,D,2021-07-02 16:09:03,2021-07-01,SRCL,Zelenka Janet,"EVP, CFO, CIO",F - Tax,72.2,-2098,7599,-22%,-151476.0,,,,,SRCL
54,D,2021-07-02 16:09:03,2021-07-01,SRCL,Zelenka Janet,"EVP, CFO, CIO",M - OptEx,0.0,4732,7599,+165%,0.0,,,,,SRCL
55,D,2021-06-08 16:04:11,2021-06-07,SRCL,Ginnetti Daniel,EVP International,M - OptEx,48.59,16436,8911,-218%,798625.0,,,,,SRCL
56,D,2021-06-08 16:04:11,2021-06-07,SRCL,Ginnetti Daniel,EVP International,S - Sale+OE,76.09,-24291,8911,-73%,-1848369.0,,,,,SRCL
57,D,2021-05-24 16:12:07,2021-05-22,SRCL,Martell James J,Dir,M - OptEx,0.0,2446,2446,New,0.0,,,,,SRCL
58,D,2021-05-24 16:11:07,2021-05-22,SRCL,Hackney Jesse Joel Jr,Dir,M - OptEx,0.0,2446,5050,+94%,0.0,,,,,SRCL
59,D,2021-05-24 16:10:06,2021-05-22,SRCL,Welch James L,Dir,M - OptEx,0.0,2446,2446,New,0.0,,,,,SRCL
60,D,2021-05-24 16:09:05,2021-05-22,SRCL,Chen Thomas F,Dir,M - OptEx,0.0,2446,11918,+26%,0.0,,,,,SRCL
61,D,2021-05-24 16:08:02,2021-05-22,SRCL,Anderson Brian P,Dir,M - OptEx,0.0,2446,7624,+47%,0.0,,,,,SRCL
62,D,2021-05-03 16:34:56,2021-05-01,SRCL,Rogers Kurt,"EVP, GC",F - Tax,76.28,-831,3743,-18%,-63389.0,,,,,SRCL
63,D,2021-05-03 16:34:56,2021-05-01,SRCL,Rogers Kurt,"EVP, GC",M - OptEx,0.0,2834,3743,+312%,0.0,,,,,SRCL
64,D,2021-05-03 16:33:39,2021-05-01,SRCL,Hoffman Richard J,"SVP, Chief Accounting Officer",F - Tax,76.28,-167,9997,-2%,-12739.0,,,,,SRCL
65,D,2021-05-03 16:33:39,2021-05-01,SRCL,Hoffman Richard J,"SVP, Chief Accounting Officer",M - OptEx,0.0,567,9997,+6%,0.0,,,,,SRCL
66,D,2021-05-03 16:32:05,2021-05-02,SRCL,Miller Cindy J,CEO,F - Tax,76.28,-1260,20884,-6%,-96113.0,,,,,SRCL
67,D,2021-05-03 16:32:05,2021-05-02,SRCL,Miller Cindy J,CEO,M - OptEx,0.0,2716,20884,+15%,0.0,,,,,SRCL
68,D,2021-05-03 16:30:24,2021-05-01,SRCL,Culotta Dominic,EVP Engineering,F - Tax,76.28,-334,2729,-11%,-25478.0,,,,,SRCL
69,D,2021-05-03 16:30:24,2021-05-01,SRCL,Culotta Dominic,EVP Engineering,M - OptEx,0.0,1366,2729,+100%,0.0,,,,,SRCL
70,D,2021-05-03 16:28:29,2021-05-01,SRCL,White Stephen Cory,"EVP, Chief Commercial Officer",F - Tax,76.28,-560,3804,-13%,-42717.0,,,,,SRCL
71,D,2021-05-03 16:28:29,2021-05-01,SRCL,White Stephen Cory,"EVP, Chief Commercial Officer",M - OptEx,0.0,1950,3804,+105%,0.0,,,,,SRCL
72,D,2021-04-19 15:08:07,2021-04-16,SRCL,Weisman Michael,"EVP Corp Ethics, Compliance",F - Tax,68.89,-261,4690,-5%,-17980.0,,,,,SRCL
73,D,2021-04-19 15:08:07,2021-04-16,SRCL,Weisman Michael,"EVP Corp Ethics, Compliance",M - OptEx,0.0,885,4690,+23%,0.0,,,,,SRCL
74,DM,2021-03-15 16:34:53,2021-03-11,SRCL,Miller Cindy J,CEO,F - Tax,68.56,-7897,19428,-29%,-541451.0,,,,,SRCL
75,DM,2021-03-15 16:34:53,2021-03-11,SRCL,Miller Cindy J,CEO,M - OptEx,0.0,21844,19428,-904%,0.0,,,,,SRCL
76,DM,2021-03-15 16:28:26,2021-03-11,SRCL,Ginnetti Daniel,EVP International,F - Tax,68.56,-2258,16643,-12%,-154819.0,,,,,SRCL
77,DM,2021-03-15 16:28:26,2021-03-11,SRCL,Ginnetti Daniel,EVP International,M - OptEx,0.0,7691,16643,+86%,0.0,,,,,SRCL
78,DM,2021-03-15 16:21:32,2021-03-11,SRCL,Weisman Michael,"EVP Corp Ethics, Compliance",F - Tax,68.58,-1195,4066,-23%,-81947.0,,,,,SRCL
79,DM,2021-03-15 16:21:32,2021-03-11,SRCL,Weisman Michael,"EVP Corp Ethics, Compliance",M - OptEx,0.0,3894,4066,>999%,0.0,,,,,SRCL
80,DM,2021-03-15 15:41:26,2021-03-11,SRCL,Reuter Joseph Anthony,"EVP, Chief People Officer",F - Tax,68.61,-978,4215,-19%,-67102.0,,,,,SRCL
81,DM,2021-03-15 15:41:26,2021-03-11,SRCL,Reuter Joseph Anthony,"EVP, Chief People Officer",M - OptEx,0.0,3354,4215,+390%,0.0,,,,,SRCL
82,D,2021-03-15 14:57:25,2021-03-11,SRCL,Zelenka Janet,"EVP, CFO, CIO",F - Tax,68.67,-1380,4965,-22%,-94765.0,,,,,SRCL
83,D,2021-03-15 14:57:25,2021-03-11,SRCL,Zelenka Janet,"EVP, CFO, CIO",M - OptEx,0.0,4673,4965,>999%,0.0,,,,,SRCL
84,D,2021-03-15 14:48:45,2021-03-11,SRCL,White Stephen Cory,"EVP, Chief Commercial Officer",F - Tax,68.67,-743,2414,-24%,-51022.0,,,,,SRCL
85,D,2021-03-15 14:48:45,2021-03-11,SRCL,White Stephen Cory,"EVP, Chief Commercial Officer",M - OptEx,0.0,2459,2414,-5464%,0.0,,,,,SRCL
86,DM,2021-03-15 14:40:47,2021-03-11,SRCL,Moore Richard Michael,EVP North America Operations,F - Tax,68.62,-910,3535,-20%,-62444.0,,,,,SRCL
87,DM,2021-03-15 14:40:47,2021-03-11,SRCL,Moore Richard Michael,EVP North America Operations,M - OptEx,0.0,3126,3535,+764%,0.0,,,,,SRCL
88,DM,2021-03-15 14:34:44,2021-03-11,SRCL,Hoffman Richard J,"SVP, Chief Accounting Officer",F - Tax,68.58,-725,9597,-7%,-49723.0,,,,,SRCL
89,DM,2021-03-15 14:34:44,2021-03-11,SRCL,Hoffman Richard J,"SVP, Chief Accounting Officer",M - OptEx,0.0,2471,9597,+35%,0.0,,,,,SRCL
90,D,2021-03-15 14:28:28,2021-03-11,SRCL,Culotta Dominic,EVP Engineering,F - Tax,68.67,-462,1697,-21%,-31726.0,,,,,SRCL
91,D,2021-03-15 14:28:28,2021-03-11,SRCL,Culotta Dominic,EVP Engineering,M - OptEx,0.0,1680,1697,>999%,0.0,,,,,SRCL
92,D,2021-03-02 15:29:00,2021-03-01,SRCL,Hoffman Richard J,"SVP, Chief Accounting Officer",F - Tax,66.51,-872,7851,-10%,-57997.0,,,,,SRCL
93,D,2021-03-02 15:29:00,2021-03-01,SRCL,Hoffman Richard J,"SVP, Chief Accounting Officer",M - OptEx,0.0,2750,7851,+54%,0.0,,,,,SRCL
94,D,2021-03-02 15:19:48,2021-03-01,SRCL,Ginnetti Daniel,EVP International,F - Tax,66.51,-1122,11210,-9%,-74624.0,,,,,SRCL
95,D,2021-03-02 15:19:48,2021-03-01,SRCL,Ginnetti Daniel,EVP International,M - OptEx,0.0,3813,11210,+52%,0.0,,,,,SRCL
96,D,2021-02-17 12:48:36,2021-02-16,SRCL,Ginnetti Daniel,EVP International,F - Tax,68.67,-318,8519,-4%,-21837.0,,,,,SRCL
97,D,2021-02-17 12:48:36,2021-02-16,SRCL,Ginnetti Daniel,EVP International,M - OptEx,0.0,1000,8519,+13%,0.0,,,,,SRCL
98,D,2021-02-08 09:58:31,2021-02-05,SRCL,Ginnetti Daniel,EVP International,F - Tax,68.95,-206,7837,-3%,-14204.0,,,,,SRCL
99,D,2021-02-08 09:58:31,2021-02-05,SRCL,Ginnetti Daniel,EVP International,M - OptEx,0.0,595,7837,+8%,0.0,,,,,SRCL
100,D,2021-02-02 11:36:44,2021-02-01,SRCL,Reuter Joseph Anthony,"EVP, Chief People Officer",F - Tax,66.77,-437,1839,-19%,-29178.0,,,,,SRCL
101,D,2021-02-02 11:36:44,2021-02-01,SRCL,Reuter Joseph Anthony,"EVP, Chief People Officer",M - OptEx,0.0,1262,1839,+219%,0.0,,,,,SRCL
102,D,2021-02-02 11:27:57,2021-02-01,SRCL,Moore Richard Michael,EVP North America Operations,F - Tax,66.77,-350,1319,-21%,-23370.0,,,,,SRCL
103,D,2021-02-02 11:27:57,2021-02-01,SRCL,Moore Richard Michael,EVP North America Operations,M - OptEx,0.0,1010,1319,+327%,0.0,,,,,SRCL
104,D,2021-01-19 09:16:11,2021-01-15,SRCL,Murley Robert S,Dir,M - OptEx,0.0,87,5209,+2%,0.0,,,,,SRCL
105,D,2021-01-19 09:13:22,2021-01-15,SRCL,Anderson Brian P,Dir,M - OptEx,0.0,87,5178,+2%,0.0,,,,,SRCL
106,D,2020-11-02 13:43:49,2020-11-01,SRCL,Miller Cindy J,CEO,F - Tax,62.3,-989,5481,-15%,-61615.0,,,,,SRCL
107,D,2020-11-02 13:43:49,2020-11-01,SRCL,Miller Cindy J,CEO,M - OptEx,0.0,2232,5481,+69%,0.0,,,,,SRCL
108,D,2020-09-14 10:55:07,2020-09-11,SRCL,Hoffman Richard J,"SVP, Chief Accounting Officer",F - Tax,61.26,-286,5973,-5%,-17520.0,,,,,SRCL
109,D,2020-09-14 10:55:07,2020-09-11,SRCL,Hoffman Richard J,"SVP, Chief Accounting Officer",M - OptEx,0.0,973,5973,+19%,0.0,,,,,SRCL
110,,2020-08-07 21:09:27,2020-08-06,SRCL,Ginnetti Daniel,EVP International,S - Sale,64.8,-6238,7364,-46%,-404222.0,,,,,SRCL
111,D,2020-07-02 14:33:24,2020-07-01,SRCL,Zelenka Janet,"EVP, CFO, CIO",F - Tax,54.96,-694,1672,-29%,-38142.0,,,,,SRCL
112,D,2020-07-02 14:33:24,2020-07-01,SRCL,Zelenka Janet,"EVP, CFO, CIO",M - OptEx,0.0,2366,1672,-341%,0.0,,,,,SRCL
113,A,2020-06-19 12:07:35,2020-06-16,SRCL,Ginnetti Daniel,EVP International,G - Gift,0.0,-286,13497,-2%,-0.0,,,,,SRCL
114,,2020-06-11 12:20:38,2020-06-10,SRCL,Ginnetti Daniel,EVP International,G - Gift,0.0,-286,13497,-2%,-0.0,,,,,SRCL
115,,2020-06-09 09:30:12,2020-06-08,SRCL,Stahl David W.,"EVP, CIO",S - Sale,63.47,-1000,1711,-37%,-63474.0,,,,,SRCL
116,D,2020-05-26 13:53:27,2020-05-22,SRCL,Murley Robert S,Dir,M - OptEx,0.0,3645,5122,+247%,0.0,,,,,SRCL
117,D,2020-05-26 12:36:52,2020-05-22,SRCL,Chen Thomas F,Dir,M - OptEx,0.0,2604,9472,+38%,0.0,,,,,SRCL
118,D,2020-05-26 12:23:44,2020-05-22,SRCL,Hackney Jesse Joel Jr,Dir,M - OptEx,0.0,2604,2604,New,0.0,,,,,SRCL
119,D,2020-05-26 12:09:25,2020-05-22,SRCL,Murley Robert S,Dir,M - OptEx,0.0,3645,5122,+247%,0.0,,,,,SRCL
120,D,2020-05-26 11:33:51,2020-05-22,SRCL,Anderson Brian P,Dir,M - OptEx,0.0,2604,5091,+105%,0.0,,,,,SRCL
121,D,2020-05-04 10:06:22,2020-05-01,SRCL,Hoffman Richard J,"SVP, Chief Accounting Officer",F - Tax,46.31,-167,5286,-3%,-7734.0,,,,,SRCL
122,D,2020-05-04 10:06:22,2020-05-01,SRCL,Hoffman Richard J,"SVP, Chief Accounting Officer",M - OptEx,0.0,567,5286,+12%,0.0,,,,,SRCL
123,D,2020-05-04 10:05:05,2020-05-01,SRCL,White Stephen Cory,"EVP, Chief Commercial Officer",F - Tax,46.31,-277,698,-28%,-12828.0,,,,,SRCL
124,D,2020-05-04 10:05:05,2020-05-01,SRCL,White Stephen Cory,"EVP, Chief Commercial Officer",M - OptEx,0.0,975,698,-352%,0.0,,,,,SRCL
125,D,2020-05-04 10:03:10,2020-05-01,SRCL,Culotta Dominic,EVP Engineering,F - Tax,46.31,-203,479,-30%,-9401.0,,,,,SRCL
126,D,2020-05-04 10:03:10,2020-05-01,SRCL,Culotta Dominic,EVP Engineering,M - OptEx,0.0,682,479,-336%,0.0,,,,,SRCL
127,D,2020-05-04 10:02:00,2020-05-01,SRCL,Miller Cindy J,CEO,F - Tax,46.31,-398,4238,-9%,-18431.0,,,,,SRCL
128,D,2020-05-04 10:02:00,2020-05-01,SRCL,Miller Cindy J,CEO,M - OptEx,0.0,1358,4238,+47%,0.0,,,,,SRCL
129,D,2020-04-17 16:05:27,2020-04-16,SRCL,Weisman Michael,"EVP Corp Ethics, Compliance",F - Tax,47.8,-95,1367,-6%,-4541.0,,,,,SRCL
130,D,2020-04-17 16:05:27,2020-04-16,SRCL,Weisman Michael,"EVP Corp Ethics, Compliance",M - OptEx,0.0,332,1367,+32%,0.0,,,,,SRCL
131,D,2020-04-17 16:04:46,2020-04-16,SRCL,Stahl David W.,"EVP, CIO",F - Tax,47.8,-114,2711,-4%,-5449.0,,,,,SRCL
132,D,2020-04-17 16:04:46,2020-04-16,SRCL,Stahl David W.,"EVP, CIO",M - OptEx,0.0,387,2711,+17%,0.0,,,,,SRCL
133,DM,2020-03-13 11:18:09,2020-03-11,SRCL,Hoffman Richard J,"SVP, Chief Accounting Officer",F - Tax,50.16,-645,4886,-12%,-32354.0,,,,,SRCL
134,DM,2020-03-13 11:18:09,2020-03-11,SRCL,Hoffman Richard J,"SVP, Chief Accounting Officer",M - OptEx,0.0,2223,4886,+83%,0.0,,,,,SRCL
135,D,2020-03-13 10:24:23,2020-03-12,SRCL,Miller Cindy J,CEO,F - Tax,49.06,-700,3278,-18%,-34342.0,,,,,SRCL
136,D,2020-03-13 10:24:23,2020-03-12,SRCL,Miller Cindy J,CEO,M - OptEx,0.0,2401,3278,+274%,0.0,,,,,SRCL
137,D,2020-03-13 10:22:39,2020-03-12,SRCL,Weisman Michael,"EVP Corp Ethics, Compliance",F - Tax,49.06,-396,1130,-26%,-19428.0,,,,,SRCL
138,D,2020-03-13 10:22:39,2020-03-12,SRCL,Weisman Michael,"EVP Corp Ethics, Compliance",M - OptEx,0.0,1143,1130,-8792%,0.0,,,,,SRCL
139,D,2020-03-13 10:21:00,2020-03-12,SRCL,Stahl David W.,"EVP, CIO",F - Tax,49.06,-349,2438,-13%,-17122.0,,,,,SRCL
140,D,2020-03-13 10:21:00,2020-03-12,SRCL,Stahl David W.,"EVP, CIO",M - OptEx,0.0,1143,2438,+88%,0.0,,,,,SRCL
141,D,2020-03-13 10:19:09,2020-03-12,SRCL,Ginnetti Daniel,EVP International,F - Tax,49.06,-698,13783,-5%,-34244.0,,,,,SRCL
142,D,2020-03-13 10:19:09,2020-03-12,SRCL,Ginnetti Daniel,EVP International,M - OptEx,0.0,2382,13783,+21%,0.0,,,,,SRCL
143,AD,2020-03-04 09:02:41,2020-03-01,SRCL,Hoffman Richard J,"SVP, Chief Accounting Officer",F - Tax,57.43,-325,3308,-9%,-18665.0,,,,,SRCL
144,AD,2020-03-04 09:02:41,2020-03-01,SRCL,Hoffman Richard J,"SVP, Chief Accounting Officer",M - OptEx,0.0,982,3308,+42%,0.0,,,,,SRCL
145,D,2020-03-02 12:23:32,2020-02-28,SRCL,Hoffman Richard J,"SVP, Chief Accounting Officer",F - Tax,57.43,-272,2651,-9%,-15621.0,,,,,SRCL
146,D,2020-03-02 12:23:32,2020-02-28,SRCL,Hoffman Richard J,"SVP, Chief Accounting Officer",M - OptEx,0.0,785,2651,+42%,0.0,,,,,SRCL
147,D,2020-03-02 12:10:46,2020-02-28,SRCL,Stahl David W.,"EVP, CIO",F - Tax,57.43,-209,1644,-11%,-12003.0,,,,,SRCL
148,D,2020-03-02 12:10:46,2020-02-28,SRCL,Stahl David W.,"EVP, CIO",M - OptEx,0.0,604,1644,+58%,0.0,,,,,SRCL
149,D,2020-03-02 11:59:35,2020-02-28,SRCL,Ginnetti Daniel,EVP International,F - Tax,57.43,-419,12099,-3%,-24063.0,,,,,SRCL
150,D,2020-03-02 11:59:35,2020-02-28,SRCL,Ginnetti Daniel,EVP International,M - OptEx,0.0,1430,12099,+13%,0.0,,,,,SRCL
151,D,2020-02-18 13:56:17,2020-02-14,SRCL,Stahl David W.,"EVP, CIO",F - Tax,64.48,-94,1249,-7%,-6061.0,,,,,SRCL
152,D,2020-02-18 13:56:17,2020-02-14,SRCL,Stahl David W.,"EVP, CIO",M - OptEx,0.0,270,1249,+28%,0.0,,,,,SRCL
153,D,2020-02-18 13:48:58,2020-02-14,SRCL,Ginnetti Daniel,EVP International,F - Tax,64.48,-346,11088,-3%,-22310.0,,,,,SRCL
154,D,2020-02-18 13:48:58,2020-02-14,SRCL,Ginnetti Daniel,EVP International,M - OptEx,0.0,1000,11088,+10%,0.0,,,,,SRCL
155,D,2020-02-06 09:34:54,2020-02-05,SRCL,Ginnetti Daniel,EVP International,F - Tax,64.95,-196,10434,-2%,-12730.0,,,,,SRCL
156,D,2020-02-06 09:34:54,2020-02-05,SRCL,Ginnetti Daniel,EVP International,M - OptEx,0.0,595,10434,+6%,0.0,,,,,SRCL
157,D,2020-02-04 09:59:24,2020-02-03,SRCL,Ginnetti Daniel,EVP International,M - OptEx,51.55,6000,10035,+149%,309300.0,,,,,SRCL
158,D,2020-02-04 09:59:24,2020-02-03,SRCL,Ginnetti Daniel,EVP International,S - Sale+OE,62.65,-6000,10035,-37%,-375900.0,,,,,SRCL
159,D,2020-02-03 16:01:08,2020-01-31,SRCL,Moore Richard Michael,EVP North America Operations,F - Tax,62.68,-350,659,-35%,-21938.0,,,,,SRCL
160,D,2020-02-03 16:01:08,2020-01-31,SRCL,Moore Richard Michael,EVP North America Operations,M - OptEx,0.0,1009,659,-288%,0.0,,,,,SRCL
161,D,2020-02-03 16:00:39,2020-01-31,SRCL,Reuter Joseph Anthony,"EVP, Chief People Officer",F - Tax,62.68,-437,825,-35%,-27391.0,,,,,SRCL
162,D,2020-02-03 16:00:39,2020-01-31,SRCL,Reuter Joseph Anthony,"EVP, Chief People Officer",M - OptEx,0.0,1262,825,-289%,0.0,,,,,SRCL
163,D,2020-01-17 16:24:31,2020-01-16,SRCL,Murley Robert S,Dir,M - OptEx,0.0,87,1477,+6%,0.0,,,,,SRCL
164,D,2020-01-17 16:24:08,2020-01-16,SRCL,Anderson Brian P,Dir,M - OptEx,0.0,87,2487,+4%,0.0,,,,,SRCL
165,D,2019-11-04 16:07:43,2019-11-01,SRCL,Miller Cindy J,CEO,F - Tax,58.64,-654,1577,-29%,-38351.0,,,,,SRCL
166,D,2019-11-04 16:07:43,2019-11-01,SRCL,Miller Cindy J,CEO,M - OptEx,0.0,2231,1577,-341%,0.0,,,,,SRCL
167,D,2019-11-01 16:10:59,2019-10-31,SRCL,Ginnetti Daniel,EVP International,M - OptEx,51.55,6000,9943,+152%,309300.0,,,,,SRCL
168,D,2019-11-01 16:10:59,2019-10-31,SRCL,Ginnetti Daniel,EVP International,S - Sale+OE,55.47,-6000,9943,-38%,-332820.0,,,,,SRCL
169,D,2019-09-09 16:38:58,2019-09-06,SRCL,Stahl David W.,"EVP, CIO",F - Tax,45.98,-18,1073,-2%,-828.0,,,,,SRCL
170,D,2019-09-09 16:38:58,2019-09-06,SRCL,Stahl David W.,"EVP, CIO",M - OptEx,0.0,60,1073,+6%,0.0,,,,,SRCL
171,D,2019-07-25 16:47:08,2019-07-24,SRCL,Rogers Kurt,"EVP, GC",F - Tax,47.24,-242,1740,-12%,-11432.0,,,,,SRCL
172,D,2019-07-25 16:47:08,2019-07-24,SRCL,Rogers Kurt,"EVP, GC",M - OptEx,0.0,824,1740,+90%,0.0,,,,,SRCL
173,D,2019-06-20 16:11:03,2019-06-19,SRCL,Priestly Kay G,Dir,M - OptEx,0.0,1831,1831,New,0.0,,,,,SRCL
174,D,2019-06-20 16:10:29,2019-06-19,SRCL,Hagen Veronica M,Dir,M - OptEx,0.0,1831,1831,New,0.0,,,,,SRCL
175,D,2019-05-24 16:03:45,2019-05-23,SRCL,Bleil Lynn Dorsey,Dir,M - OptEx,0.0,1970,2465,+398%,0.0,,,,,SRCL
176,D,2019-05-24 16:02:30,2019-05-23,SRCL,Anderson Brian P,Dir,M - OptEx,0.0,1970,2400,+458%,0.0,,,,,SRCL
177,D,2019-05-24 16:01:20,2019-05-23,SRCL,Chen Thomas F,Dir,M - OptEx,0.0,1970,6868,+40%,0.0,,,,,SRCL
178,D,2019-05-02 10:25:09,2019-05-01,SRCL,Hoffman Richard J,"SVP, Chief Accounting Officer",F - Tax,56.95,-167,1766,-9%,-9511.0,,,,,SRCL
179,D,2019-05-02 10:25:09,2019-05-01,SRCL,Hoffman Richard J,"SVP, Chief Accounting Officer",M - OptEx,0.0,567,1766,+47%,0.0,,,,,SRCL
180,D,2019-04-17 16:07:15,2019-04-16,SRCL,Weisman Michael,"EVP Corp Ethics, Compliance",F - Tax,56.69,-187,383,-33%,-10601.0,,,,,SRCL
181,D,2019-04-17 16:07:15,2019-04-16,SRCL,Weisman Michael,"EVP Corp Ethics, Compliance",M - OptEx,0.0,570,383,-305%,0.0,,,,,SRCL
182,D,2019-04-17 16:06:49,2019-04-16,SRCL,Stahl David W.,"EVP, CIO",F - Tax,56.69,-204,1031,-17%,-11565.0,,,,,SRCL
183,D,2019-04-17 16:06:49,2019-04-16,SRCL,Stahl David W.,"EVP, CIO",M - OptEx,0.0,664,1031,+181%,0.0,,,,,SRCL
184,DM,2019-04-10 16:11:42,2019-04-08,SRCL,Miller Mark C,Dir,M - OptEx,51.52,260314,193818,-391%,13412187.0,,,,,SRCL
185,DM,2019-04-10 16:11:42,2019-04-08,SRCL,Miller Mark C,Dir,S - Sale+OE,57.18,-260314,193818,-57%,-14884962.0,,,,,SRCL
186,D,2019-03-12 16:01:16,2019-03-11,SRCL,Hoffman Richard J,"SVP, Chief Accounting Officer",F - Tax,48.0,-355,1366,-21%,-17040.0,,,,,SRCL
187,D,2019-03-12 16:01:16,2019-03-11,SRCL,Hoffman Richard J,"SVP, Chief Accounting Officer",M - OptEx,0.0,1208,1366,+765%,0.0,,,,,SRCL
188,D,2019-03-06 16:49:24,2019-03-04,SRCL,Rogers Kurt,"EVP, GC",F - Tax,50.13,-172,1158,-13%,-8622.0,,,,,SRCL
189,D,2019-03-06 16:49:24,2019-03-04,SRCL,Rogers Kurt,"EVP, GC",M - OptEx,0.0,519,1158,+81%,0.0,,,,,SRCL
190,D,2019-03-06 16:48:28,2019-03-04,SRCL,Ginnetti Daniel,CFO,F - Tax,50.13,-511,9943,-5%,-25616.0,,,,,SRCL
191,D,2019-03-06 16:48:28,2019-03-04,SRCL,Ginnetti Daniel,CFO,M - OptEx,0.0,1741,9943,+21%,0.0,,,,,SRCL
192,D,2019-03-06 16:47:52,2019-03-04,SRCL,Alutto Charles A,"Pres, CEO",F - Tax,50.13,-1369,13100,-9%,-68628.0,,,,,SRCL
193,D,2019-03-06 16:47:52,2019-03-04,SRCL,Alutto Charles A,"Pres, CEO",M - OptEx,0.0,4669,13100,+55%,0.0,,,,,SRCL
194,D,2019-03-04 13:35:22,2019-03-01,SRCL,Rogers Kurt,"EVP, GC",F - Tax,51.63,-251,811,-24%,-12959.0,,,,,SRCL
195,D,2019-03-04 13:35:22,2019-03-01,SRCL,Rogers Kurt,"EVP, GC",M - OptEx,0.0,724,811,+832%,0.0,,,,,SRCL
196,D,2019-03-04 13:33:00,2019-03-01,SRCL,Hoffman Richard J,"SVP, Chief Accounting Officer",F - Tax,51.63,-272,513,-35%,-14043.0,,,,,SRCL
197,D,2019-03-04 13:33:00,2019-03-01,SRCL,Hoffman Richard J,"SVP, Chief Accounting Officer",M - OptEx,0.0,785,513,-289%,0.0,,,,,SRCL
198,D,2019-03-04 13:31:54,2019-03-01,SRCL,Stahl David W.,"EVP, CIO",F - Tax,51.63,-209,571,-27%,-10791.0,,,,,SRCL
199,D,2019-03-04 13:31:54,2019-03-01,SRCL,Stahl David W.,"EVP, CIO",M - OptEx,0.0,604,571,-1830%,0.0,,,,,SRCL
200,D,2019-03-04 13:30:48,2019-03-01,SRCL,Ginnetti Daniel,CFO,F - Tax,51.63,-408,8713,-4%,-21065.0,,,,,SRCL
201,D,2019-03-04 13:30:48,2019-03-01,SRCL,Ginnetti Daniel,CFO,M - OptEx,0.0,1430,8713,+20%,0.0,,,,,SRCL
202,D,2019-03-04 13:28:35,2019-03-01,SRCL,Alutto Charles A,"Pres, CEO",F - Tax,51.63,-1121,9800,-10%,-57877.0,,,,,SRCL
203,D,2019-03-04 13:28:35,2019-03-01,SRCL,Alutto Charles A,"Pres, CEO",M - OptEx,0.0,3825,9800,+64%,0.0,,,,,SRCL
204,D,2019-02-19 11:24:24,2019-02-16,SRCL,Stahl David W.,"EVP, CIO",F - Tax,45.56,-94,176,-35%,-4283.0,,,,,SRCL
205,D,2019-02-19 11:24:24,2019-02-16,SRCL,Stahl David W.,"EVP, CIO",M - OptEx,0.0,270,176,-287%,0.0,,,,,SRCL
206,D,2019-02-19 11:22:35,2019-02-16,SRCL,Miller Mark C,Dir,F - Tax,45.56,-374,193818,0%,-17039.0,,,,,SRCL
207,D,2019-02-19 11:22:35,2019-02-16,SRCL,Miller Mark C,Dir,M - OptEx,0.0,1079,193818,+1%,0.0,,,,,SRCL
208,D,2019-02-19 10:30:07,2019-02-16,SRCL,Ginnetti Daniel,CFO,F - Tax,45.56,-346,7691,-4%,-15764.0,,,,,SRCL
209,D,2019-02-19 10:30:07,2019-02-16,SRCL,Ginnetti Daniel,CFO,M - OptEx,0.0,999,7691,+15%,0.0,,,,,SRCL
210,D,2019-02-19 09:54:55,2019-02-16,SRCL,Alutto Charles A,"Pres, CEO",F - Tax,45.56,-798,7096,-10%,-36357.0,,,,,SRCL
211,D,2019-02-19 09:54:55,2019-02-16,SRCL,Alutto Charles A,"Pres, CEO",M - OptEx,0.0,2691,7096,+61%,0.0,,,,,SRCL
212,D,2019-02-06 16:07:02,2019-02-05,SRCL,Ginnetti Daniel,CFO,F - Tax,45.0,-206,7038,-3%,-9270.0,,,,,SRCL
213,D,2019-02-06 16:07:02,2019-02-05,SRCL,Ginnetti Daniel,CFO,M - OptEx,0.0,594,7038,+9%,0.0,,,,,SRCL
214,D,2019-02-06 16:05:41,2019-02-05,SRCL,Guice Robert,"EVP, Intl",F - Tax,45.0,-143,555,-20%,-6435.0,,,,,SRCL
215,D,2019-02-06 16:05:41,2019-02-05,SRCL,Guice Robert,"EVP, Intl",M - OptEx,0.0,302,555,+119%,0.0,,,,,SRCL
216,D,2019-02-06 16:04:36,2019-02-05,SRCL,Alutto Charles A,"Pres, CEO",F - Tax,45.0,-478,5203,-8%,-21510.0,,,,,SRCL
217,D,2019-02-06 16:04:36,2019-02-05,SRCL,Alutto Charles A,"Pres, CEO",M - OptEx,0.0,1405,5203,+37%,0.0,,,,,SRCL
218,D,2019-02-06 16:00:53,2019-02-05,SRCL,Miller Mark C,Dir,F - Tax,45.0,-94,193113,0%,-4230.0,,,,,SRCL
219,D,2019-02-06 16:00:53,2019-02-05,SRCL,Miller Mark C,Dir,M - OptEx,0.0,270,193113,0%,0.0,,,,,SRCL
220,D,2019-01-17 16:34:13,2019-01-16,SRCL,Anderson Brian P,Dir,M - OptEx,0.0,87,430,+25%,0.0,,,,,SRCL
221,D,2019-01-17 16:17:10,2019-01-16,SRCL,Murley Robert S,Dir,M - OptEx,0.0,87,1390,+7%,0.0,,,,,SRCL
222,M,2018-09-14 17:01:43,2017-01-24,SRCL,Anderson Brian P,Dir,P - Purchase,73.76,360,343,-2118%,26555.0,,,,,SRCL
223,M,2018-09-14 17:01:43,2017-05-30,SRCL,Anderson Brian P,Dir,S - Sale,70.18,-320,343,-48%,-22457.0,,,,,SRCL
224,D,2018-08-13 16:04:01,2018-08-12,SRCL,Abdulmassih Ruth-Ellen,EVP,F - Tax,61.47,-52,1959,-3%,-3196.0,,,,,SRCL
225,D,2018-08-13 16:04:01,2018-08-12,SRCL,Abdulmassih Ruth-Ellen,EVP,M - OptEx,0.0,150,1959,+8%,0.0,,,,,SRCL
226,D,2018-08-03 16:16:29,2018-08-01,SRCL,Ginnetti Daniel,CFO,M - OptEx,46.83,5000,6490,+336%,234150.0,,,,,SRCL
227,D,2018-08-03 16:16:29,2018-08-01,SRCL,Ginnetti Daniel,CFO,S - Sale+OE,70.0,-5000,6490,-44%,-350000.0,,,,,SRCL
228,D,2018-07-30 16:01:45,2018-07-27,SRCL,Ginnetti Daniel,CFO,M - OptEx,46.83,5000,6490,+336%,234150.0,,,,,SRCL
229,D,2018-07-30 16:01:45,2018-07-27,SRCL,Ginnetti Daniel,CFO,S - Sale+OE,70.75,-5000,6490,-44%,-353750.0,,,,,SRCL
230,D,2018-07-25 16:01:34,2018-07-24,SRCL,Rogers Kurt,"EVP, GC",F - Tax,69.15,-141,338,-29%,-9750.0,,,,,SRCL
231,D,2018-07-25 16:01:34,2018-07-24,SRCL,Rogers Kurt,"EVP, GC",M - OptEx,0.0,479,338,-340%,0.0,,,,,SRCL
232,DM,2018-07-05 16:01:18,2018-07-03,SRCL,Miller Mark C,Dir,M - OptEx,46.83,65314,192937,+51%,3058655.0,,,,,SRCL
233,DM,2018-07-05 16:01:18,2018-07-03,SRCL,Miller Mark C,Dir,S - Sale+OE,65.08,-65314,192937,-25%,-4250703.0,,,,,SRCL
234,D,2018-07-03 14:13:23,2018-07-02,SRCL,Miller Mark C,Dir,M - OptEx,46.83,95227,192937,+97%,4459480.0,,,,,SRCL
235,D,2018-07-03 14:13:23,2018-07-02,SRCL,Miller Mark C,Dir,S - Sale+OE,65.05,-95227,192937,-33%,-6194593.0,,,,,SRCL
236,D,2018-05-30 11:11:05,2018-05-29,SRCL,Alutto Charles A,"Pres, CEO",M - OptEx,54.59,13000,4026,-145%,709670.0,,,,,SRCL
237,D,2018-05-30 11:11:05,2018-05-29,SRCL,Alutto Charles A,"Pres, CEO",S - Sale+OE,62.68,-13000,4026,-76%,-814808.0,,,,,SRCL
238,D,2018-05-25 16:04:41,2018-05-24,SRCL,Brown Thomas D,Dir,M - OptEx,0.0,1506,3001,+101%,0.0,,,,,SRCL
239,D,2018-05-24 16:51:01,2018-05-23,SRCL,Patience John,Dir,M - OptEx,58.82,7105,151110,+5%,417916.0,,,,,SRCL
240,D,2018-05-24 16:51:01,2018-05-23,SRCL,Patience John,Dir,S - Sale+OE,63.15,-6624,151110,-4%,-418281.0,,,,,SRCL
241,D,2018-05-24 12:52:24,2018-05-22,SRCL,Alutto Charles A,"Pres, CEO",M - OptEx,54.59,14000,4026,-140%,764260.0,,,,,SRCL
242,D,2018-05-24 12:52:24,2018-05-22,SRCL,Alutto Charles A,"Pres, CEO",S - Sale+OE,64.02,-14000,4026,-78%,-896333.0,,,,,SRCL
243,D,2018-05-17 16:08:09,2018-05-16,SRCL,Brown Thomas D,Dir,M - OptEx,58.82,14210,1495,-112%,835832.0,,,,,SRCL
244,D,2018-05-17 16:08:09,2018-05-16,SRCL,Brown Thomas D,Dir,S - Sale+OE,63.37,-13210,1495,-90%,-837118.0,,,,,SRCL
245,D,2018-05-08 16:03:05,2018-05-07,SRCL,Miller Mark C,Dir,M - OptEx,49.08,4074,192937,+2%,199938.0,,,,,SRCL
246,D,2018-05-02 17:19:19,2018-05-01,SRCL,Hoffman Richard J,"SVP, Chief Accounting Officer",F - Tax,58.69,-194,372,-34%,-11386.0,,,,,SRCL
247,D,2018-05-02 17:19:19,2018-05-01,SRCL,Hoffman Richard J,"SVP, Chief Accounting Officer",M - OptEx,0.0,566,372,-292%,0.0,,,,,SRCL
248,,2018-03-01 15:52:13,2018-03-01,SRCL,Schuler Jack W,Dir,P - Purchase,62.59,10000,682602,+1%,625910.0,,,,,SRCL
249,D,2018-02-20 16:08:19,2018-02-16,SRCL,Miller Mark C,Dir,F - Tax,76.02,-374,188863,0%,-28431.0,,,,,SRCL
250,D,2018-02-20 16:08:19,2018-02-16,SRCL,Miller Mark C,Dir,M - OptEx,0.0,1079,188863,+1%,0.0,,,,,SRCL
251,D,2018-02-20 16:07:38,2018-02-16,SRCL,Guice Robert,"EVP, Intl",F - Tax,76.02,-212,396,-35%,-16116.0,,,,,SRCL
252,D,2018-02-20 16:07:38,2018-02-16,SRCL,Guice Robert,"EVP, Intl",M - OptEx,0.0,449,396,-847%,0.0,,,,,SRCL
253,D,2018-02-20 16:06:47,2018-02-16,SRCL,Ginnetti Daniel,CFO,F - Tax,76.02,-346,6400,-5%,-26303.0,,,,,SRCL
254,D,2018-02-20 16:06:47,2018-02-16,SRCL,Ginnetti Daniel,CFO,M - OptEx,0.0,999,6400,+18%,0.0,,,,,SRCL
255,D,2018-02-20 16:06:05,2018-02-16,SRCL,Frank Brenda R,"EVP, Chief People Officer",F - Tax,76.02,-204,694,-23%,-15508.0,,,,,SRCL
256,D,2018-02-20 16:06:05,2018-02-16,SRCL,Frank Brenda R,"EVP, Chief People Officer",M - OptEx,0.0,519,694,+297%,0.0,,,,,SRCL
257,D,2018-02-20 16:04:42,2018-02-16,SRCL,Arnold Brent,"EVP, COO",F - Tax,76.02,-346,3923,-8%,-26303.0,,,,,SRCL
258,D,2018-02-20 16:04:42,2018-02-16,SRCL,Arnold Brent,"EVP, COO",M - OptEx,0.0,999,3923,+34%,0.0,,,,,SRCL
259,D,2018-02-20 16:03:36,2018-02-16,SRCL,Alutto Charles A,"Pres, CEO",F - Tax,76.02,-817,4026,-17%,-62108.0,,,,,SRCL
260,D,2018-02-20 16:03:36,2018-02-16,SRCL,Alutto Charles A,"Pres, CEO",M - OptEx,0.0,2691,4026,+202%,0.0,,,,,SRCL
261,D,2018-02-20 16:02:18,2018-02-16,SRCL,Abdulmassih Ruth-Ellen,EVP,F - Tax,76.02,-196,1771,-10%,-14900.0,,,,,SRCL
262,D,2018-02-20 16:02:18,2018-02-16,SRCL,Abdulmassih Ruth-Ellen,EVP,M - OptEx,0.0,479,1771,+37%,0.0,,,,,SRCL
263,D,2018-02-07 16:22:08,2018-02-05,SRCL,Guice Robert,"EVP, Intl",F - Tax,70.72,-143,159,-47%,-10113.0,,,,,SRCL
264,D,2018-02-07 16:22:08,2018-02-05,SRCL,Guice Robert,"EVP, Intl",M - OptEx,0.0,302,159,-211%,0.0,,,,,SRCL
265,D,2018-02-06 16:18:26,2018-02-05,SRCL,Miller Mark C,Dir,F - Tax,70.72,-94,188158,0%,-6648.0,,,,,SRCL
266,D,2018-02-06 16:18:26,2018-02-05,SRCL,Miller Mark C,Dir,M - OptEx,0.0,270,188158,0%,0.0,,,,,SRCL
267,D,2018-02-06 16:17:33,2018-02-05,SRCL,Ginnetti Daniel,CFO,F - Tax,70.72,-295,5747,-5%,-20862.0,,,,,SRCL
268,D,2018-02-06 16:17:33,2018-02-05,SRCL,Ginnetti Daniel,CFO,M - OptEx,0.0,594,5747,+12%,0.0,,,,,SRCL
269,D,2018-02-06 16:15:47,2018-02-05,SRCL,Frank Brenda R,"EVP, Chief People Officer",F - Tax,70.72,-72,379,-16%,-5092.0,,,,,SRCL
270,D,2018-02-06 16:15:47,2018-02-05,SRCL,Frank Brenda R,"EVP, Chief People Officer",M - OptEx,0.0,183,379,+93%,0.0,,,,,SRCL
271,D,2018-02-06 16:14:57,2018-02-05,SRCL,Arnold Brent,"EVP, COO",F - Tax,70.72,-206,3270,-6%,-14568.0,,,,,SRCL
272,D,2018-02-06 16:14:57,2018-02-05,SRCL,Arnold Brent,"EVP, COO",M - OptEx,0.0,594,3270,+22%,0.0,,,,,SRCL
273,D,2018-02-06 16:14:03,2018-02-05,SRCL,Alutto Charles A,"Pres, CEO",F - Tax,70.72,-670,2152,-24%,-47382.0,,,,,SRCL
274,D,2018-02-06 16:14:03,2018-02-05,SRCL,Alutto Charles A,"Pres, CEO",M - OptEx,0.0,1405,2152,+188%,0.0,,,,,SRCL
275,D,2018-02-06 16:12:15,2018-02-05,SRCL,Abdulmassih Ruth-Ellen,EVP,F - Tax,70.72,-58,1488,-4%,-4102.0,,,,,SRCL
276,D,2018-02-06 16:12:15,2018-02-05,SRCL,Abdulmassih Ruth-Ellen,EVP,M - OptEx,0.0,140,1488,+10%,0.0,,,,,SRCL
277,D,2018-01-17 16:06:04,2018-01-16,SRCL,Anderson Brian P,Dir,M - OptEx,0.0,86,303,+40%,0.0,,,,,SRCL
278,D,2018-01-17 16:02:44,2018-01-16,SRCL,Murley Robert S,Dir,M - OptEx,0.0,86,1303,+7%,0.0,,,,,SRCL
279,D,2018-01-03 16:24:45,2018-01-02,SRCL,Miller Mark C,Dir,M - OptEx,53.15,1881,187982,+1%,99975.0,,,,,SRCL
280,,2017-12-21 17:19:24,2017-02-28,SRCL,Alutto Charles A,"Pres, CEO",G - Gift,0.0,-125,1254,-9%,-0.0,,,,,SRCL
281,D,2017-12-05 16:04:49,2017-12-04,SRCL,Miller Mark C,Dir,M - OptEx,53.15,19753,186101,+12%,1049872.0,,,,,SRCL
282,D,2017-12-05 16:04:49,2017-12-04,SRCL,Miller Mark C,Dir,S - Sale+OE,67.43,-19753,186101,-10%,-1331852.0,,,,,SRCL
283,D,2017-11-28 16:16:04,2017-11-27,SRCL,Miller Mark C,Dir,M - OptEx,53.15,19753,186101,+12%,1049872.0,,,,,SRCL
284,D,2017-11-28 16:16:04,2017-11-27,SRCL,Miller Mark C,Dir,S - Sale+OE,63.33,-19753,186101,-10%,-1251017.0,,,,,SRCL
285,D,2017-11-14 16:57:48,2017-11-13,SRCL,Miller Mark C,Dir,M - OptEx,53.15,19753,186101,+12%,1049872.0,,,,,SRCL
286,D,2017-11-14 16:57:48,2017-11-13,SRCL,Miller Mark C,Dir,S - Sale+OE,64.03,-19753,186101,-10%,-1264755.0,,,,,SRCL
287,D,2017-10-31 16:02:16,2017-10-30,SRCL,Miller Mark C,Dir,M - OptEx,53.15,19753,185823,+12%,1049872.0,,,,,SRCL
288,D,2017-10-31 16:02:16,2017-10-30,SRCL,Miller Mark C,Dir,S - Sale+OE,70.52,-19753,185823,-10%,-1392885.0,,,,,SRCL
289,D,2017-05-26 16:45:47,2017-05-25,SRCL,Brown Thomas D,Dir,M - OptEx,0.0,495,495,New,0.0,,,,,SRCL
290,D,2017-05-26 16:44:49,2017-05-25,SRCL,Zafirovski Mike S,Dir,M - OptEx,0.0,495,3415,+17%,0.0,,,,,SRCL
291,D,2017-05-26 16:43:34,2017-05-25,SRCL,Schuler Jack W,Dir,M - OptEx,0.0,495,672602,0%,0.0,,,,,SRCL
292,D,2017-05-26 16:42:07,2017-05-25,SRCL,Murley Robert S,Dir,M - OptEx,0.0,217,1217,+22%,0.0,,,,,SRCL
293,D,2017-05-26 16:40:46,2017-05-25,SRCL,Chen Thomas F,Dir,M - OptEx,0.0,495,495,New,0.0,,,,,SRCL
294,D,2017-05-26 16:39:43,2017-05-25,SRCL,Bleil Lynn Dorsey,Dir,M - OptEx,0.0,495,495,New,0.0,,,,,SRCL
295,D,2017-05-26 16:38:26,2017-05-25,SRCL,Anderson Brian P,Dir,M - OptEx,0.0,217,217,New,0.0,,,,,SRCL
296,D,2017-05-26 16:36:49,2017-05-25,SRCL,Patience John,Dir,M - OptEx,0.0,495,150629,0%,0.0,,,,,SRCL
297,,2017-02-24 16:08:22,2017-02-23,SRCL,Zafirovski Mike S,Dir,P - Purchase,85.67,2920,2920,New,250150.0,1.0,-1.0,-1.0,,SRCL
298,D,2017-02-15 16:41:55,2017-02-13,SRCL,Ginnetti Daniel,CFO,F - Tax,78.19,-1149,5285,-18%,-89840.0,8.0,10.0,8.0,,SRCL
299,D,2017-02-15 16:41:55,2017-02-13,SRCL,Ginnetti Daniel,CFO,M - OptEx,0.0,2500,5285,+90%,0.0,8.0,10.0,8.0,,SRCL
300,D,2017-02-15 16:40:29,2017-02-13,SRCL,Arnold Brent,"EVP, COO",F - Tax,78.19,-770,2719,-22%,-60206.0,8.0,10.0,8.0,,SRCL
301,D,2017-02-15 16:40:29,2017-02-13,SRCL,Arnold Brent,"EVP, COO",M - OptEx,0.0,2500,2719,>999%,0.0,8.0,10.0,8.0,,SRCL
302,D,2017-02-06 18:21:34,2017-02-05,SRCL,Schetz John P,"EVP, GC",F - Tax,73.71,-79,184,-30%,-5823.0,-1.0,2.0,8.0,,SRCL
303,D,2017-02-06 18:21:34,2017-02-05,SRCL,Schetz John P,"EVP, GC",M - OptEx,0.0,216,184,-675%,0.0,-1.0,2.0,8.0,,SRCL
304,D,2017-02-06 18:21:24,2017-02-05,SRCL,Miller Mark C,Dir,F - Tax,73.71,-99,185823,0%,-7297.0,-1.0,2.0,8.0,,SRCL
305,D,2017-02-06 18:21:24,2017-02-05,SRCL,Miller Mark C,Dir,M - OptEx,0.0,270,185823,0%,0.0,-1.0,2.0,8.0,,SRCL
306,D,2017-02-06 18:21:13,2017-02-05,SRCL,Ginnetti Daniel,CFO,F - Tax,73.71,-303,3934,-7%,-22334.0,-1.0,2.0,8.0,,SRCL
307,D,2017-02-06 18:21:13,2017-02-05,SRCL,Ginnetti Daniel,CFO,M - OptEx,0.0,594,3934,+18%,0.0,-1.0,2.0,8.0,,SRCL
308,D,2017-02-06 18:21:04,2017-02-05,SRCL,Frank Brenda R,"EVP, Chief People Officer",F - Tax,73.71,-78,105,-43%,-5749.0,-1.0,2.0,8.0,,SRCL
309,D,2017-02-06 18:21:04,2017-02-05,SRCL,Frank Brenda R,"EVP, Chief People Officer",M - OptEx,0.0,183,105,-235%,0.0,-1.0,2.0,8.0,,SRCL
310,D,2017-02-06 18:20:54,2017-02-05,SRCL,Collins Michael J,EVP,F - Tax,73.71,-150,9154,-2%,-11057.0,-1.0,2.0,8.0,,SRCL
311,D,2017-02-06 18:20:54,2017-02-05,SRCL,Collins Michael J,EVP,M - OptEx,0.0,410,9154,+5%,0.0,-1.0,2.0,8.0,,SRCL
312,D,2017-02-06 18:20:43,2017-02-05,SRCL,Arnold Brent,"EVP, COO",F - Tax,73.71,-217,989,-18%,-15995.0,-1.0,2.0,8.0,,SRCL
313,D,2017-02-06 18:20:43,2017-02-05,SRCL,Arnold Brent,"EVP, COO",M - OptEx,0.0,594,989,+150%,0.0,-1.0,2.0,8.0,,SRCL
314,D,2017-02-06 18:20:32,2017-02-05,SRCL,Alutto Charles A,"Pres, CEO",F - Tax,73.71,-621,1379,-31%,-45774.0,-1.0,2.0,8.0,,SRCL
315,D,2017-02-06 18:20:32,2017-02-05,SRCL,Alutto Charles A,"Pres, CEO",M - OptEx,0.0,1405,1379,-5404%,0.0,-1.0,2.0,8.0,,SRCL
316,,2017-02-03 16:31:42,2017-02-01,SRCL,Murley Robert S,Dir,P - Purchase,76.22,1000,1000,New,76218.0,2.0,3.0,8.0,,SRCL
317,,2016-12-21 17:16:58,2016-12-14,SRCL,Schuler Jack W,Dir,G - Gift,0.0,-2864,672107,0%,-0.0,1.0,-1.0,4.0,,SRCL
318,M,2016-12-21 17:16:45,2016-09-12,SRCL,Miller Mark C,Dir,G - Gift,0.0,-23836,185613,-11%,-0.0,1.0,-1.0,4.0,,SRCL
319,,2016-12-21 17:16:28,2016-02-18,SRCL,Ginnetti Daniel,CFO,G - Gift,0.0,-176,3567,-5%,-0.0,1.0,-1.0,4.0,,SRCL
320,,2016-12-21 17:16:14,2016-03-30,SRCL,Alutto Charles A,"Pres, CEO",G - Gift,0.0,-45,519,-8%,-0.0,1.0,-1.0,4.0,,SRCL
321,D,2016-12-14 16:05:20,2016-12-13,SRCL,Miller Mark C,Dir,M - OptEx,38.57,6677,209449,+3%,257499.0,3.0,2.0,6.0,,SRCL
322,D,2016-12-14 16:05:20,2016-12-13,SRCL,Miller Mark C,Dir,S - Sale+OE,76.23,-6677,209449,-3%,-508989.0,3.0,2.0,6.0,,SRCL
323,D,2016-12-08 15:57:49,2016-12-06,SRCL,Miller Mark C,Dir,M - OptEx,38.57,6677,209449,+3%,257499.0,2.0,5.0,10.0,,SRCL
324,D,2016-12-08 15:57:49,2016-12-06,SRCL,Miller Mark C,Dir,S - Sale+OE,71.89,-6677,209449,-3%,-479992.0,2.0,5.0,10.0,,SRCL
325,D,2016-09-16 16:04:03,2016-09-14,SRCL,Schetz John P,"EVP, GC",M - OptEx,50.86,930,0,-100%,47297.0,-4.0,-2.0,-7.0,4.0,SRCL
326,D,2016-09-16 16:04:03,2016-09-14,SRCL,Schetz John P,"EVP, GC",S - Sale+OE,81.85,-1398,0,-100%,-114431.0,-4.0,-2.0,-7.0,4.0,SRCL
327,D,2016-08-19 15:23:24,2016-08-17,SRCL,Dammeyer Rodney F,Dir,M - OptEx,56.7,10188,9130,-963%,577660.0,0.0,0.0,-8.0,0.0,SRCL
328,D,2016-08-19 15:23:24,2016-08-17,SRCL,Dammeyer Rodney F,Dir,S - Sale+OE,85.5,-10188,9130,-53%,-871085.0,0.0,0.0,-8.0,0.0,SRCL
329,D,2016-07-11 16:27:03,2016-07-08,SRCL,Miller Mark C,Dir,M - OptEx,53.15,34835,209449,+20%,1851480.0,1.0,1.0,-14.0,-24.0,SRCL
330,D,2016-07-11 16:27:03,2016-07-08,SRCL,Miller Mark C,Dir,S - Sale+OE,104.52,-34835,209449,-14%,-3641055.0,1.0,1.0,-14.0,-24.0,SRCL
331,A,2016-07-08 12:31:54,2016-07-01,SRCL,Miller Mark C,Dir,M - OptEx,41.32,24665,209449,+13%,1019245.0,3.0,4.0,-12.0,-24.0,SRCL
332,A,2016-07-08 12:31:54,2016-07-01,SRCL,Miller Mark C,Dir,S - Sale,104.55,-24665,209449,-11%,-2578812.0,3.0,4.0,-12.0,-24.0,SRCL
333,D,2016-07-06 15:59:00,2016-07-01,SRCL,Miller Mark C,Dir,M - OptEx,41.32,24665,209449,+13%,1019245.0,0.0,3.0,-14.0,-26.0,SRCL
334,D,2016-07-06 15:59:00,2016-07-01,SRCL,Miller Mark C,Dir,S - Sale+OE,104.55,-24665,209449,-11%,-2578812.0,0.0,3.0,-14.0,-26.0,SRCL
335,D,2016-06-17 16:19:16,2016-06-16,SRCL,Miller Mark C,Dir,F - Tax,102.89,-971,209407,0%,-99906.0,0.0,2.0,4.0,-25.0,SRCL
336,DM,2016-06-17 16:19:16,2016-06-15,SRCL,Miller Mark C,Dir,M - OptEx,38.57,27592,209407,+15%,1064085.0,0.0,2.0,4.0,-25.0,SRCL
337,D,2016-06-17 16:19:16,2016-06-15,SRCL,Miller Mark C,Dir,S - Sale+OE,101.12,-25000,209407,-11%,-2527948.0,0.0,2.0,4.0,-25.0,SRCL
338,DM,2016-02-23 16:01:12,2016-02-19,SRCL,Ginnetti Daniel,CFO,M - OptEx,50.58,17184,3687,-127%,869252.0,1.0,1.0,10.0,-24.0,SRCL
339,DM,2016-02-23 16:01:12,2016-02-19,SRCL,Ginnetti Daniel,CFO,S - Sale+OE,110.67,-17184,3687,-82%,-1901730.0,1.0,1.0,10.0,-24.0,SRCL
340,M,2015-12-23 13:33:45,2015-06-23,SRCL,Schuler Jack W,Dir,G - Gift,0.0,-78738,674971,-10%,-0.0,1.0,2.0,-2.0,-14.0,SRCL
341,,2015-12-23 11:03:50,2015-08-04,SRCL,Arnold Brent,"EVP, COO",G - Gift,0.0,-75,432,-15%,-0.0,1.0,2.0,-2.0,-14.0,SRCL
342,,2015-12-22 16:23:02,2015-03-30,SRCL,Miller Mark C,Exec COB,G - Gift,0.0,-1073,207738,-1%,-0.0,1.0,3.0,-1.0,-15.0,SRCL
343,,2015-12-22 16:14:05,2015-03-24,SRCL,Alutto Charles A,"Pres, CEO",G - Gift,0.0,-38,460,-8%,-0.0,1.0,3.0,-1.0,-15.0,SRCL
344,D,2015-12-15 16:00:14,2015-12-11,SRCL,Schetz John P,"EVP, GC",M - OptEx,61.17,1190,383,-147%,72789.0,0.0,0.0,-2.0,-15.0,SRCL
345,D,2015-12-15 16:00:14,2015-12-11,SRCL,Schetz John P,"EVP, GC",S - Sale+OE,116.34,-1190,383,-76%,-138445.0,0.0,0.0,-2.0,-15.0,SRCL
346,D,2015-12-14 17:10:01,2015-12-10,SRCL,Patience John,Dir,M - OptEx,42.21,11672,150134,+8%,492700.0,1.0,0.0,-1.0,-14.0,SRCL
347,M,2015-08-19 16:06:32,2015-08-17,SRCL,Dammeyer Rodney F,Dir,S - Sale,147.44,-8500,9130,-48%,-1253258.0,-1.0,-8.0,-7.0,-25.0,SRCL
348,DM,2015-08-11 16:32:09,2015-08-07,SRCL,Schetz John P,"Sr Counsel M, A",M - OptEx,88.61,1699,383,-129%,150553.0,0.0,2.0,-6.0,-27.0,SRCL
349,DM,2015-08-11 16:32:09,2015-08-07,SRCL,Schetz John P,"Sr Counsel M, A",S - Sale+OE,142.58,-1699,383,-82%,-242241.0,0.0,2.0,-6.0,-27.0,SRCL
350,M,2015-08-07 16:06:56,2015-08-05,SRCL,Dammeyer Rodney F,Dir,S - Sale,142.66,-9000,17630,-34%,-1283927.0,1.0,1.0,-1.0,-22.0,SRCL
351,D,2015-08-03 14:57:19,2015-07-30,SRCL,Arnold Brent,"EVP, COO",M - OptEx,46.83,5000,507,-111%,234150.0,0.0,1.0,0.0,-14.0,SRCL
352,D,2015-08-03 14:57:19,2015-07-30,SRCL,Arnold Brent,"EVP, COO",S - Sale+OE,139.31,-5000,507,-91%,-696523.0,0.0,1.0,0.0,-14.0,SRCL
353,D,2015-07-30 16:18:56,2015-07-29,SRCL,Ginnetti Daniel,CFO,M - OptEx,53.15,5000,3639,-367%,265750.0,0.0,2.0,1.0,-17.0,SRCL
354,D,2015-07-30 16:18:56,2015-07-29,SRCL,Ginnetti Daniel,CFO,S - Sale+OE,139.81,-5000,3639,-58%,-699051.0,0.0,2.0,1.0,-17.0,SRCL
355,D,2015-06-04 17:52:32,2015-06-03,SRCL,Schetz John P,"Sr Counsel M, A",M - OptEx,75.67,2150,352,-120%,162680.0,0.0,0.0,-2.0,-12.0,SRCL
356,D,2015-06-04 17:52:32,2015-06-03,SRCL,Schetz John P,"Sr Counsel M, A",S - Sale+OE,137.47,-2150,352,-86%,-295563.0,0.0,0.0,-2.0,-12.0,SRCL
357,D,2015-04-01 17:00:56,2015-03-30,SRCL,Dammeyer Rodney F,Dir,M - OptEx,58.82,7105,33735,+27%,417916.0,1.0,1.0,-4.0,0.0,SRCL
358,D,2015-02-23 16:42:52,2015-02-20,SRCL,Collins Michael J,EVP,M - OptEx,70.24,25000,8670,-153%,1755898.0,0.0,0.0,4.0,9.0,SRCL
359,D,2015-02-23 16:42:52,2015-02-20,SRCL,Collins Michael J,EVP,S - Sale+OE,133.87,-25000,8670,-74%,-3346683.0,0.0,0.0,4.0,9.0,SRCL
360,D,2015-02-18 16:34:10,2015-02-17,SRCL,Ginnetti Daniel,CFO,M - OptEx,38.57,5000,3595,-356%,192825.0,0.0,0.0,4.0,9.0,SRCL
361,D,2015-02-18 16:34:10,2015-02-17,SRCL,Ginnetti Daniel,CFO,S - Sale+OE,132.86,-5000,3595,-58%,-664315.0,0.0,0.0,4.0,9.0,SRCL
362,D,2015-02-18 16:34:02,2015-02-17,SRCL,Arnold Brent,"EVP, COO",M - OptEx,46.83,4000,463,-113%,187320.0,0.0,0.0,4.0,9.0,SRCL
363,D,2015-02-18 16:34:02,2015-02-17,SRCL,Arnold Brent,"EVP, COO",S - Sale+OE,132.91,-4000,463,-90%,-531623.0,0.0,0.0,4.0,9.0,SRCL
364,D,2015-02-13 18:26:22,2015-02-12,SRCL,Alutto Charles A,"Pres, CEO",M - OptEx,53.15,9000,454,-105%,478350.0,1.0,3.0,6.0,11.0,SRCL
365,D,2015-02-13 18:26:22,2015-02-12,SRCL,Alutto Charles A,"Pres, CEO",S - Sale+OE,132.02,-9000,454,-95%,-1188209.0,1.0,3.0,6.0,11.0,SRCL
366,,2014-12-31 08:25:32,2014-12-30,SRCL,Dammeyer Rodney F,Dir,S - Sale,132.6,-9500,26630,-26%,-1259701.0,-1.0,-1.0,-1.0,2.0,SRCL
367,M,2014-12-23 16:34:29,2014-02-20,SRCL,Schuler Jack W,Dir,G - Gift,0.0,-3400,1263849,0%,-0.0,0.0,-1.0,1.0,2.0,SRCL
368,M,2014-12-23 16:06:10,2014-10-27,SRCL,Miller Mark C,Exec COB,G - Gift,0.0,-14800,208718,-7%,-0.0,0.0,-1.0,1.0,2.0,SRCL
369,,2014-12-23 16:06:10,2014-12-19,SRCL,Miller Mark C,Exec COB,S - Sale,132.62,-10335,208718,-5%,-1370628.0,0.0,-1.0,1.0,2.0,SRCL
370,,2014-12-18 15:24:00,2014-10-30,SRCL,Arnold Brent,"EVP, Pres",G - Gift,0.0,-90,414,-18%,-0.0,3.0,4.0,4.0,7.0,SRCL
371,,2014-12-18 12:26:52,2014-02-27,SRCL,Alutto Charles A,"Pres, CEO",G - Gift,0.0,-45,354,-11%,-0.0,3.0,4.0,4.0,7.0,SRCL
372,D,2014-12-11 16:07:42,2014-12-10,SRCL,Patience John,Dir,M - OptEx,29.7,10124,138462,+8%,300682.0,-2.0,-2.0,1.0,4.0,SRCL
373,D,2014-12-11 16:07:42,2014-12-10,SRCL,Patience John,Dir,S - Sale+OE,130.75,-65124,138462,-32%,-8514714.0,-2.0,-2.0,1.0,4.0,SRCL
374,D,2014-11-25 16:04:40,2014-11-21,SRCL,Miller Mark C,Exec COB,F - Tax,126.98,-788,233853,0%,-100060.0,-1.0,1.0,4.0,7.0,SRCL
375,D,2014-11-25 16:04:40,2014-11-21,SRCL,Miller Mark C,Exec COB,M - OptEx,29.54,3384,233853,+1%,99963.0,-1.0,1.0,4.0,7.0,SRCL
376,D,2014-11-06 16:11:53,2014-11-04,SRCL,Dammeyer Rodney F,Dir,M - OptEx,49.64,9142,36130,+34%,453763.0,0.0,0.0,3.0,5.0,SRCL
377,D,2014-11-06 16:11:53,2014-11-04,SRCL,Dammeyer Rodney F,Dir,S - Sale+OE,125.97,-9142,36130,-20%,-1151618.0,0.0,0.0,3.0,5.0,SRCL
378,D,2014-11-04 16:03:48,2014-10-31,SRCL,Ginnetti Daniel,CFO,M - OptEx,38.57,5000,3546,-344%,192825.0,1.0,1.0,4.0,5.0,SRCL
379,D,2014-11-04 16:03:48,2014-10-31,SRCL,Ginnetti Daniel,CFO,S - Sale+OE,125.05,-5000,3546,-59%,-625267.0,1.0,1.0,4.0,5.0,SRCL
380,D,2014-11-03 16:04:38,2014-10-30,SRCL,Arnold Brent,"EVP, Pres",M - OptEx,53.15,1750,504,-140%,93013.0,-1.0,1.0,3.0,5.0,SRCL
381,D,2014-11-03 16:04:38,2014-10-30,SRCL,Arnold Brent,"EVP, Pres",S - Sale+OE,123.61,-1750,504,-78%,-216312.0,-1.0,1.0,3.0,5.0,SRCL
382,DM,2014-10-29 17:20:17,2014-10-27,SRCL,Kogler Richard T,"EVP, COO",M - OptEx,85.0,25000,5771,-130%,2125000.0,1.0,2.0,4.0,9.0,SRCL
383,DM,2014-10-29 17:20:17,2014-10-27,SRCL,Kogler Richard T,"EVP, COO",S - Sale+OE,123.51,-26437,5771,-82%,-3265349.0,1.0,2.0,4.0,9.0,SRCL
384,D,2014-10-29 17:01:52,2014-10-27,SRCL,Arnold Brent,"EVP, Pres",M - OptEx,53.15,3000,504,-120%,159450.0,1.0,2.0,4.0,9.0,SRCL
385,D,2014-10-29 17:01:52,2014-10-27,SRCL,Arnold Brent,"EVP, Pres",S - Sale+OE,123.06,-3000,504,-86%,-369184.0,1.0,2.0,4.0,9.0,SRCL
386,D,2014-10-28 17:07:38,2014-10-27,SRCL,Miller Mark C,Exec COB,M - OptEx,38.57,40000,231257,+21%,1542600.0,-1.0,2.0,4.0,8.0,SRCL
387,D,2014-10-28 17:07:38,2014-10-27,SRCL,Miller Mark C,Exec COB,S - Sale+OE,122.61,-40000,231257,-15%,-4904216.0,-1.0,2.0,4.0,8.0,SRCL
388,D,2014-08-20 16:07:25,2014-08-18,SRCL,Collins Michael J,EVP,M - OptEx,49.41,21981,8621,-165%,1086010.0,0.0,-1.0,-2.0,12.0,SRCL
389,D,2014-08-20 16:07:25,2014-08-18,SRCL,Collins Michael J,EVP,S - Sale+OE,118.7,-21727,8621,-72%,-2578991.0,0.0,-1.0,-2.0,12.0,SRCL
390,DM,2014-08-20 16:05:38,2014-08-18,SRCL,Alutto Charles A,"Pres, CEO",M - OptEx,43.87,16500,450,-103%,723833.0,0.0,-1.0,-2.0,12.0,SRCL
391,DM,2014-08-20 16:05:38,2014-08-18,SRCL,Alutto Charles A,"Pres, CEO",S - Sale+OE,119.33,-16500,450,-97%,-1968974.0,0.0,-1.0,-2.0,12.0,SRCL
392,DM,2014-07-31 15:48:56,2014-07-29,SRCL,Ten Brink Frank Jm,"EVP, CFO",M - OptEx,61.98,47135,27568,-241%,2921482.0,-2.0,-2.0,-1.0,11.0,SRCL
393,D,2014-07-31 15:48:56,2014-07-29,SRCL,Ten Brink Frank Jm,"EVP, CFO",S - Sale+OE,118.84,-45000,27568,-62%,-5347728.0,-2.0,-2.0,-1.0,11.0,SRCL
394,DM,2014-07-31 15:48:47,2014-07-29,SRCL,Kogler Richard T,"EVP, COO",M - OptEx,77.56,19016,7157,-160%,1474957.0,-2.0,-2.0,-1.0,11.0,SRCL
395,D,2014-07-31 15:48:47,2014-07-29,SRCL,Kogler Richard T,"EVP, COO",S - Sale+OE,119.35,-15000,7157,-68%,-1790207.0,-2.0,-2.0,-1.0,11.0,SRCL
396,D,2014-06-11 16:01:10,2014-06-10,SRCL,Hall William K,Dir,M - OptEx,53.74,16466,9000,-221%,884813.0,0.0,2.0,3.0,14.0,SRCL
397,D,2014-06-11 16:01:10,2014-06-10,SRCL,Hall William K,Dir,S - Sale+OE,115.69,-16466,9000,-65%,-1904950.0,0.0,2.0,3.0,14.0,SRCL
398,,2014-05-02 13:24:49,2014-04-30,SRCL,Kogler Richard T,"EVP, COO",S - Sale,116.12,-8750,3141,-74%,-1016006.0,0.0,-2.0,-1.0,6.0,SRCL
399,DM,2014-05-01 16:21:55,2014-04-29,SRCL,Ten Brink Frank Jm,"EVP, CFO",M - OptEx,51.55,30000,25433,-657%,1546500.0,0.0,-1.0,-1.0,7.0,SRCL
400,DM,2014-05-01 16:21:55,2014-04-29,SRCL,Ten Brink Frank Jm,"EVP, CFO",S - Sale+OE,116.09,-30000,25433,-54%,-3482743.0,0.0,-1.0,-1.0,7.0,SRCL
401,DM,2014-02-18 16:04:03,2014-02-13,SRCL,Ten Brink Frank Jm,"EVP, CFO",M - OptEx,53.15,16574,25433,+187%,880908.0,-1.0,-1.0,-1.0,2.0,SRCL
402,DM,2014-02-18 16:04:03,2014-02-13,SRCL,Ten Brink Frank Jm,"EVP, CFO",S - Sale+OE,116.18,-16574,25433,-39%,-1925542.0,-1.0,-1.0,-1.0,2.0,SRCL
403,DM,2014-02-18 16:03:53,2014-02-13,SRCL,Kogler Richard T,"EVP, COO",M - OptEx,51.56,14958,11891,-488%,771247.0,-1.0,-1.0,-1.0,2.0,SRCL
404,DM,2014-02-18 16:03:53,2014-02-13,SRCL,Kogler Richard T,"EVP, COO",S - Sale+OE,116.18,-14958,11891,-56%,-1737806.0,-1.0,-1.0,-1.0,2.0,SRCL
405,D,2014-02-14 16:07:23,2013-12-23,SRCL,Dammeyer Rodney F,Dir,M - OptEx,43.33,11258,56130,+25%,487809.0,0.0,-2.0,-1.0,2.0,SRCL
406,,2014-02-14 16:06:54,2014-02-13,SRCL,Dammeyer Rodney F,Dir,S - Sale,115.76,-20000,36130,-36%,-2315100.0,0.0,-2.0,-1.0,2.0,SRCL
407,DM,2014-02-13 16:42:31,2014-02-11,SRCL,Ten Brink Frank Jm,"EVP, CFO",M - OptEx,47.29,10202,25433,+67%,482418.0,1.0,0.0,-1.0,2.0,SRCL
408,DM,2014-02-13 16:42:31,2014-02-11,SRCL,Ten Brink Frank Jm,"EVP, CFO",S - Sale+OE,116.04,-10202,25433,-29%,-1183805.0,1.0,0.0,-1.0,2.0,SRCL
409,DM,2014-02-13 16:42:18,2014-02-11,SRCL,Kogler Richard T,"EVP, COO",M - OptEx,46.9,9608,11891,+421%,450618.0,1.0,0.0,-1.0,2.0,SRCL
410,DM,2014-02-13 16:42:18,2014-02-11,SRCL,Kogler Richard T,"EVP, COO",S - Sale+OE,116.04,-9608,11891,-45%,-1114880.0,1.0,0.0,-1.0,2.0,SRCL
411,,2013-12-31 15:16:05,2013-12-31,SRCL,Schuler Jack W,Dir,G - Gift,0.0,-900,1267249,0%,-0.0,0.0,0.0,1.0,3.0,SRCL
412,,2013-12-30 16:01:23,2013-12-24,SRCL,Schuler Jack W,Dir,G - Gift,0.0,-18630,1268149,-1%,-0.0,0.0,-1.0,0.0,2.0,SRCL
413,D,2013-12-24 12:56:11,2013-12-20,SRCL,Schuler Jack W,Dir,F - Tax,113.69,-11459,1286779,-1%,-1302774.0,1.0,1.0,2.0,4.0,SRCL
414,D,2013-12-24 12:56:11,2013-12-20,SRCL,Schuler Jack W,Dir,M - OptEx,55.27,23571,1286779,+2%,1302729.0,1.0,1.0,2.0,4.0,SRCL
415,D,2013-12-24 12:56:11,2013-12-20,SRCL,Schuler Jack W,Dir,S - Sale+OE,96.4,-6452,1286779,0%,-621973.0,1.0,1.0,2.0,4.0,SRCL
416,D,2013-12-24 12:56:05,2013-12-23,SRCL,Ten Brink Frank Jm,"EVP, CFO",M - OptEx,53.15,1881,25400,+8%,99975.0,1.0,1.0,2.0,4.0,SRCL
417,D,2013-12-24 12:55:59,2013-12-23,SRCL,Dammeyer Rodney F,Dir,M - OptEx,43.33,11258,56130,+25%,487809.0,1.0,1.0,2.0,4.0,SRCL
418,,2013-12-19 16:14:14,2013-12-06,SRCL,Miller Mark C,Exec COB,G - Gift,0.0,-430,231206,0%,-0.0,-1.0,1.0,4.0,4.0,SRCL
419,DM,2013-12-11 16:03:03,2013-12-09,SRCL,Miller Mark C,Exec COB,M - OptEx,29.78,52538,231206,+29%,1564608.0,0.0,0.0,1.0,0.0,SRCL
420,DM,2013-12-11 16:03:03,2013-12-09,SRCL,Miller Mark C,Exec COB,S - Sale+OE,115.68,-52538,231206,-19%,-6077794.0,0.0,0.0,1.0,0.0,SRCL
421,D,2013-12-04 16:34:57,2013-12-03,SRCL,Patience John,Dir,A - Grant,24.01,6000,193462,+3%,144030.0,1.0,0.0,0.0,0.0,SRCL
422,,2013-11-15 16:18:20,2013-11-14,SRCL,Miller Mark C,Exec COB,S - Sale,117.5,-13000,231636,-5%,-1527452.0,0.0,0.0,-3.0,-5.0,SRCL
423,D,2013-11-08 08:28:36,2013-11-05,SRCL,Kogler Richard T,"EVP, COO",M - OptEx,53.15,5430,11858,+84%,288605.0,1.0,2.0,1.0,-1.0,SRCL
424,D,2013-11-08 08:28:36,2013-11-05,SRCL,Kogler Richard T,"EVP, COO",S - Sale+OE,116.48,-5430,11858,-31%,-632467.0,1.0,2.0,1.0,-1.0,SRCL
425,D,2013-11-08 08:28:24,2013-11-05,SRCL,Ten Brink Frank Jm,"EVP, CFO",M - OptEx,53.15,11587,23519,+97%,615849.0,1.0,2.0,1.0,-1.0,SRCL
426,D,2013-11-08 08:28:24,2013-11-05,SRCL,Ten Brink Frank Jm,"EVP, CFO",S - Sale+OE,116.48,-11587,23519,-33%,-1349612.0,1.0,2.0,1.0,-1.0,SRCL
427,DM,2013-11-05 16:17:47,2013-11-01,SRCL,Ten Brink Frank Jm,"EVP, CFO",M - OptEx,52.75,18274,23519,+348%,963937.0,0.0,-1.0,-1.0,-1.0,SRCL
428,DM,2013-11-05 16:17:47,2013-11-01,SRCL,Ten Brink Frank Jm,"EVP, CFO",S - Sale+OE,116.68,-18274,23519,-44%,-2132197.0,0.0,-1.0,-1.0,-1.0,SRCL
429,DM,2013-11-05 16:17:37,2013-11-01,SRCL,Kogler Richard T,"EVP, COO",M - OptEx,53.15,9002,11858,+315%,478456.0,0.0,-1.0,-1.0,-1.0,SRCL
430,DM,2013-11-05 16:17:37,2013-11-01,SRCL,Kogler Richard T,"EVP, COO",S - Sale+OE,116.66,-9002,11858,-43%,-1050125.0,0.0,-1.0,-1.0,-1.0,SRCL
431,D,2013-10-30 16:13:58,2013-10-28,SRCL,Kogler Richard T,"EVP, COO",M - OptEx,53.15,68,11858,+1%,3614.0,1.0,1.0,3.0,0.0,SRCL
432,D,2013-10-30 16:13:58,2013-10-28,SRCL,Kogler Richard T,"EVP, COO",S - Sale+OE,117.02,-68,11858,-1%,-7957.0,1.0,1.0,3.0,0.0,SRCL
433,D,2013-10-30 16:13:35,2013-10-28,SRCL,Ten Brink Frank Jm,"EVP, CFO",M - OptEx,51.55,139,23519,+1%,7165.0,1.0,1.0,3.0,0.0,SRCL
434,D,2013-10-30 16:13:35,2013-10-28,SRCL,Ten Brink Frank Jm,"EVP, CFO",S - Sale+OE,117.02,-139,23519,-1%,-16266.0,1.0,1.0,3.0,0.0,SRCL
435,M,2013-08-14 17:57:12,2013-08-12,SRCL,Miller Mark C,Exec COB,S - Sale,117.14,-28088,244636,-10%,-3290219.0,-2.0,-1.0,-2.0,-1.0,SRCL
436,,2013-08-06 16:06:25,2013-08-02,SRCL,Dammeyer Rodney F,Dir,S - Sale,116.73,-4110,44872,-8%,-479768.0,0.0,0.0,-3.0,0.0,SRCL
437,D,2013-08-05 16:02:29,2013-08-01,SRCL,Ten Brink Frank Jm,"EVP, CFO",M - OptEx,46.85,38359,23519,-258%,1796984.0,0.0,0.0,-5.0,-1.0,SRCL
438,D,2013-08-05 16:02:29,2013-08-01,SRCL,Ten Brink Frank Jm,"EVP, CFO",S - Sale+OE,116.35,-45859,23519,-66%,-5335860.0,0.0,0.0,-5.0,-1.0,SRCL
439,,2013-08-05 16:02:12,2013-08-01,SRCL,Kogler Richard T,"EVP, COO",S - Sale,116.57,-5000,11858,-30%,-582835.0,0.0,0.0,-5.0,-1.0,SRCL
440,D,2013-08-01 16:08:14,2013-07-31,SRCL,Collins Michael J,EVP,M - OptEx,53.15,30119,8264,-138%,1600825.0,0.0,0.0,-3.0,1.0,SRCL
441,D,2013-08-01 16:08:14,2013-07-31,SRCL,Collins Michael J,EVP,S - Sale+OE,116.25,-30119,8264,-78%,-3501334.0,0.0,0.0,-3.0,1.0,SRCL
442,D,2013-07-31 16:10:10,2013-07-30,SRCL,Spaeth Ronald G,Dir,M - OptEx,58.82,4000,0,-100%,235280.0,1.0,1.0,-3.0,0.0,SRCL
443,D,2013-07-31 16:10:10,2013-07-30,SRCL,Spaeth Ronald G,Dir,S - Sale+OE,115.52,-4000,0,-100%,-462088.0,1.0,1.0,-3.0,0.0,SRCL
444,D,2013-07-31 16:09:50,2013-07-30,SRCL,Hall William K,Dir,M - OptEx,49.61,17529,9000,-206%,869588.0,1.0,1.0,-3.0,0.0,SRCL
445,D,2013-07-31 16:09:50,2013-07-30,SRCL,Hall William K,Dir,S - Sale+OE,115.62,-12529,9000,-58%,-1448557.0,1.0,1.0,-3.0,0.0,SRCL
446,D,2013-07-31 16:09:38,2013-07-29,SRCL,Collins Michael J,EVP,M - OptEx,53.15,1881,8264,+29%,99975.0,1.0,1.0,-3.0,0.0,SRCL
447,D,2013-07-31 16:09:38,2013-07-30,SRCL,Collins Michael J,EVP,S - Sale+OE,116.25,-380,8264,-4%,-44175.0,1.0,1.0,-3.0,0.0,SRCL
448,DM,2013-07-31 16:09:27,2013-07-29,SRCL,Kogler Richard T,"EVP, COO",M - OptEx,51.58,30000,16858,-228%,1547270.0,1.0,1.0,-3.0,0.0,SRCL
449,DM,2013-07-31 16:09:27,2013-07-29,SRCL,Kogler Richard T,"EVP, COO",S - Sale+OE,116.0,-30000,16858,-64%,-3479922.0,1.0,1.0,-3.0,0.0,SRCL
450,,2013-07-12 16:13:00,2013-06-13,SRCL,Schuler Jack W,Dir,S - Sale,105.75,-1892,1281119,0%,-200073.0,-1.0,0.0,0.0,-1.0,SRCL
451,D,2013-07-02 16:20:18,2013-06-28,SRCL,Lord Jonathan T Md,Dir,M - OptEx,23.59,6040,100,-102%,142453.0,0.0,3.0,5.0,4.0,SRCL
452,D,2013-07-02 16:20:18,2013-06-28,SRCL,Lord Jonathan T Md,Dir,S - Sale+OE,110.0,-6040,100,-98%,-664400.0,0.0,3.0,5.0,4.0,SRCL
453,,2013-06-10 16:04:24,2013-06-07,SRCL,Patience John,Dir,S - Sale,108.2,-45500,187462,-20%,-4923290.0,-2.0,-2.0,5.0,7.0,SRCL
454,M,2013-05-01 16:15:51,2013-04-29,SRCL,Miller Mark C,Exec COB,S - Sale,108.14,-100000,272724,-27%,-10813540.0,0.0,3.0,2.0,8.0,SRCL
455,D,2013-04-29 17:05:32,2013-04-26,SRCL,Kogler Richard T,"EVP, COO",M - OptEx,53.15,30000,16796,-227%,1594500.0,0.0,1.0,2.0,6.0,SRCL
456,D,2013-04-29 17:05:32,2013-04-26,SRCL,Kogler Richard T,"EVP, COO",S - Sale+OE,108.21,-30000,16796,-64%,-3246159.0,0.0,1.0,2.0,6.0,SRCL
457,D,2013-04-29 17:05:07,2013-04-26,SRCL,Ten Brink Frank Jm,"EVP, CFO",M - OptEx,41.76,30000,30957,>999%,1252758.0,0.0,1.0,2.0,6.0,SRCL
458,D,2013-04-29 17:05:07,2013-04-26,SRCL,Ten Brink Frank Jm,"EVP, CFO",S - Sale+OE,108.21,-30000,30957,-49%,-3246159.0,0.0,1.0,2.0,6.0,SRCL
459,D,2013-04-29 17:04:54,2013-04-26,SRCL,Collins Michael J,"Pres, Recall, Return Mgt",M - OptEx,49.17,24200,6701,-138%,1189926.0,0.0,1.0,2.0,6.0,SRCL
460,D,2013-04-29 17:04:54,2013-04-26,SRCL,Collins Michael J,"Pres, Recall, Return Mgt",S - Sale+OE,108.01,-24200,6701,-78%,-2613760.0,0.0,1.0,2.0,6.0,SRCL
461,D,2013-04-29 17:04:45,2013-04-26,SRCL,Alutto Charles A,"Pres, CEO",M - OptEx,38.24,14000,285,-102%,535398.0,0.0,1.0,2.0,6.0,SRCL
462,D,2013-04-29 17:04:45,2013-04-26,SRCL,Alutto Charles A,"Pres, CEO",S - Sale+OE,107.95,-14000,285,-98%,-1511310.0,0.0,1.0,2.0,6.0,SRCL
463,,2013-03-27 16:24:00,2013-03-25,SRCL,Schuler Jack W,Dir,S - Sale,103.93,-1880,1283011,0%,-195385.0,1.0,0.0,3.0,9.0,SRCL
464,,2013-03-06 16:17:10,2013-03-05,SRCL,Miller Mark C,Exec COB,S - Sale,98.13,-20000,372724,-5%,-1962600.0,0.0,1.0,8.0,14.0,SRCL
465,DM,2013-02-15 16:23:29,2013-02-13,SRCL,Kogler Richard T,"EVP, COO",M - OptEx,48.81,20000,16796,-624%,976248.0,0.0,-1.0,4.0,18.0,SRCL
466,DM,2013-02-15 16:23:29,2013-02-13,SRCL,Kogler Richard T,"EVP, COO",S - Sale+OE,96.53,-20000,16796,-54%,-1930593.0,0.0,-1.0,4.0,18.0,SRCL
467,DM,2013-02-15 16:23:06,2013-02-13,SRCL,Ten Brink Frank Jm,CFO,M - OptEx,38.57,15000,30957,+94%,578475.0,0.0,-1.0,4.0,18.0,SRCL
468,DM,2013-02-15 16:23:06,2013-02-13,SRCL,Ten Brink Frank Jm,CFO,S - Sale+OE,96.52,-15000,30957,-33%,-1447818.0,0.0,-1.0,4.0,18.0,SRCL
469,,2013-02-12 16:11:09,2013-02-08,SRCL,Miller Mark C,Exec COB,S - Sale,97.6,-20000,392724,-5%,-1952010.0,0.0,0.0,4.0,22.0,SRCL
470,M,2012-12-31 08:28:47,2012-10-31,SRCL,Miller Mark C,"COB, CEO",G - Gift,0.0,-12800,412724,-3%,-0.0,2.0,4.0,3.0,21.0,SRCL
471,M,2012-12-14 16:33:26,2012-12-12,SRCL,Schuler Jack W,Dir,S - Sale,93.74,-198442,1704856,-10%,-18601118.0,0.0,-1.0,1.0,17.0,SRCL
472,D,2012-12-14 16:06:47,2012-12-13,SRCL,Dammeyer Rodney F,Dir,M - OptEx,32.88,7748,48982,+19%,254716.0,0.0,-1.0,1.0,17.0,SRCL
473,DM,2012-12-13 16:25:07,2012-12-11,SRCL,Miller Mark C,"COB, CEO",M - OptEx,27.26,100000,425524,+31%,2726022.0,0.0,-1.0,1.0,14.0,SRCL
474,DM,2012-12-13 16:25:07,2012-12-11,SRCL,Miller Mark C,"COB, CEO",S - Sale+OE,94.55,-100000,425524,-19%,-9454768.0,0.0,-1.0,1.0,14.0,SRCL
475,D,2012-12-07 16:10:28,2012-12-06,SRCL,Kogler Richard T,"EVP, COO",F - Tax,94.36,-2935,16758,-15%,-276947.0,1.0,-1.0,1.0,15.0,SRCL
476,D,2012-12-07 16:10:28,2012-12-06,SRCL,Kogler Richard T,"EVP, COO",M - OptEx,29.66,9332,16758,+126%,276776.0,1.0,-1.0,1.0,15.0,SRCL
477,D,2012-12-04 16:04:34,2012-11-30,SRCL,Collins Michael J,"Pres, Recall, Return Mgt",M - OptEx,42.04,35660,6638,-123%,1499203.0,1.0,2.0,2.0,15.0,SRCL
478,D,2012-12-04 16:04:34,2012-11-30,SRCL,Collins Michael J,"Pres, Recall, Return Mgt",S - Sale+OE,93.64,-35660,6638,-84%,-3339023.0,1.0,2.0,2.0,15.0,SRCL
479,DM,2012-11-28 16:26:12,2012-11-26,SRCL,Patience John,Dir,M - OptEx,21.8,20348,232962,+10%,443617.0,1.0,1.0,-1.0,18.0,SRCL
480,DM,2012-11-28 16:26:12,2012-11-26,SRCL,Patience John,Dir,S - Sale+OE,92.87,-20348,232962,-8%,-1889689.0,1.0,1.0,-1.0,18.0,SRCL
481,D,2012-11-20 18:34:11,2012-11-16,SRCL,Dammeyer Rodney F,Dir,G - Gift,0.0,-5250,41234,-11%,-0.0,1.0,3.0,2.0,23.0,SRCL
482,DM,2012-11-20 18:34:11,2012-11-16,SRCL,Dammeyer Rodney F,Dir,M - OptEx,23.78,18350,41234,+80%,436391.0,1.0,3.0,2.0,23.0,SRCL
483,D,2012-11-20 18:34:11,2012-11-16,SRCL,Dammeyer Rodney F,Dir,S - Sale+OE,89.99,-8726,41234,-17%,-785218.0,1.0,3.0,2.0,23.0,SRCL
484,D,2012-11-08 16:13:17,2012-11-06,SRCL,Miller Mark C,"COB, CEO",M - OptEx,22.9,50000,425524,+13%,1145000.0,0.0,-2.0,2.0,20.0,SRCL
485,DM,2012-11-08 16:13:17,2012-11-06,SRCL,Miller Mark C,"COB, CEO",S - Sale+OE,94.49,-66534,425524,-14%,-6286658.0,0.0,-2.0,2.0,20.0,SRCL
486,DM,2012-11-07 16:03:20,2012-11-05,SRCL,Kogler Richard T,"EVP, COO",M - OptEx,49.61,20000,10361,-207%,992291.0,-2.0,-2.0,1.0,18.0,SRCL
487,DM,2012-11-07 16:03:20,2012-11-05,SRCL,Kogler Richard T,"EVP, COO",S - Sale+OE,94.63,-20000,10361,-66%,-1892630.0,-2.0,-2.0,1.0,18.0,SRCL
488,DM,2012-11-07 16:02:51,2012-11-05,SRCL,Ten Brink Frank Jm,CFO,M - OptEx,38.57,10000,30919,+48%,385650.0,-2.0,-2.0,1.0,18.0,SRCL
489,DM,2012-11-07 16:02:51,2012-11-05,SRCL,Ten Brink Frank Jm,CFO,S - Sale+OE,94.63,-20000,30919,-39%,-1892653.0,-2.0,-2.0,1.0,18.0,SRCL
490,,2012-10-19 16:09:44,2012-10-19,SRCL,Dammeyer Rodney F,Dir,G - Gift,0.0,-50500,36860,-370%,-0.0,0.0,4.0,-1.0,18.0,SRCL
491,D,2012-10-02 16:49:07,2012-09-28,SRCL,Brown Thomas D,Dir,M - OptEx,58.82,7105,0,-100%,417916.0,0.0,0.0,5.0,14.0,SRCL
492,D,2012-10-02 16:49:07,2012-09-28,SRCL,Brown Thomas D,Dir,S - Sale+OE,90.26,-7105,0,-100%,-641290.0,0.0,0.0,5.0,14.0,SRCL
493,DM,2012-09-24 16:31:21,2012-09-20,SRCL,Hall William K,Dir,M - OptEx,33.04,30518,4000,-115%,1008233.0,-1.0,-2.0,0.0,14.0,SRCL
494,DM,2012-09-24 16:31:21,2012-09-20,SRCL,Hall William K,Dir,S - Sale+OE,91.49,-30518,4000,-88%,-2792079.0,-1.0,-2.0,0.0,14.0,SRCL
495,M,2012-09-13 16:05:01,2012-09-11,SRCL,Schuler Jack W,Dir,S - Sale,93.15,-100000,1903298,-5%,-9315000.0,0.0,0.0,-3.0,8.0,SRCL
496,D,2012-09-10 16:05:25,2012-09-06,SRCL,Alutto Charles A,"Pres, Stericycle USA",M - OptEx,29.54,24000,222,-101%,708960.0,0.0,0.0,-2.0,8.0,SRCL
497,D,2012-09-10 16:05:25,2012-09-06,SRCL,Alutto Charles A,"Pres, Stericycle USA",S - Sale+OE,93.49,-24000,222,-99%,-2243662.0,0.0,0.0,-2.0,8.0,SRCL
498,D,2012-08-29 16:18:34,2012-08-27,SRCL,Miller Mark C,"COB, CEO",M - OptEx,22.9,50000,442058,+13%,1145000.0,-1.0,0.0,-3.0,6.0,SRCL
499,D,2012-08-29 16:18:34,2012-08-27,SRCL,Miller Mark C,"COB, CEO",S - Sale+OE,91.19,-50000,442058,-10%,-4559360.0,-1.0,0.0,-3.0,6.0,SRCL
500,D,2012-08-10 16:00:59,2012-08-08,SRCL,Spaeth Ronald G,Dir,M - OptEx,49.76,7033,0,-100%,349962.0,0.0,2.0,4.0,7.0,SRCL
501,D,2012-08-10 16:00:59,2012-08-08,SRCL,Spaeth Ronald G,Dir,S - Sale+OE,89.43,-7033,0,-100%,-628994.0,0.0,2.0,4.0,7.0,SRCL
502,D,2012-08-01 16:51:00,2012-07-31,SRCL,Miller Mark C,"COB, CEO",M - OptEx,22.9,1300,442058,0%,29770.0,-2.0,-2.0,1.0,4.0,SRCL
503,DM,2012-08-01 16:51:00,2012-07-31,SRCL,Miller Mark C,"COB, CEO",S - Sale+OE,93.92,-51300,442058,-10%,-4818035.0,-2.0,-2.0,1.0,4.0,SRCL
504,D,2012-08-01 16:48:59,2012-07-30,SRCL,Ten Brink Frank Jm,CFO,M - OptEx,29.54,24292,40919,+146%,717586.0,-2.0,-2.0,1.0,4.0,SRCL
505,D,2012-08-01 16:48:59,2012-07-30,SRCL,Ten Brink Frank Jm,CFO,S - Sale+OE,93.87,-24292,40919,-37%,-2280203.0,-2.0,-2.0,1.0,4.0,SRCL
506,D,2012-08-01 16:44:50,2012-07-30,SRCL,Kogler Richard T,"EVP, COO",M - OptEx,46.83,30000,10361,-153%,1404900.0,-2.0,-2.0,1.0,4.0,SRCL
507,D,2012-08-01 16:44:50,2012-07-30,SRCL,Kogler Richard T,"EVP, COO",S - Sale+OE,93.87,-30000,10361,-74%,-2815992.0,-2.0,-2.0,1.0,4.0,SRCL
508,,2012-06-20 16:23:37,2012-06-19,SRCL,Miller Mark C,"COB, CEO",S - Sale,91.16,-50000,491987,-9%,-4557825.0,-2.0,-2.0,4.0,2.0,SRCL
509,D,2012-06-11 16:10:28,2012-06-08,SRCL,Collins Michael J,Pres RMS,M - OptEx,36.74,10715,6563,-258%,393661.0,0.0,0.0,7.0,8.0,SRCL
510,D,2012-06-11 16:10:28,2012-06-08,SRCL,Collins Michael J,Pres RMS,S - Sale+OE,87.0,-11103,6563,-63%,-965961.0,0.0,0.0,7.0,8.0,SRCL
511,DM,2012-06-08 16:00:24,2012-06-06,SRCL,Collins Michael J,Pres RMS,M - OptEx,34.87,37425,6951,-123%,1305130.0,0.0,1.0,6.0,8.0,SRCL
512,DM,2012-06-08 16:00:24,2012-06-06,SRCL,Collins Michael J,Pres RMS,S - Sale+OE,87.0,-37425,6951,-84%,-3256083.0,0.0,1.0,6.0,8.0,SRCL
513,D,2012-06-08 15:57:55,2012-06-07,SRCL,Dammeyer Rodney F,Dir,M - OptEx,20.5,11622,36860,+46%,238251.0,2.0,2.0,8.0,10.0,SRCL
514,D,2012-06-08 15:57:55,2012-06-07,SRCL,Dammeyer Rodney F,Dir,S - Sale+OE,86.01,-11622,36860,-24%,-999608.0,2.0,2.0,8.0,10.0,SRCL
515,D,2012-05-25 14:30:55,2012-05-24,SRCL,Kogler Richard T,"EVP, COO",F - Tax,86.8,-1295,10286,-11%,-112406.0,-1.0,-1.0,2.0,7.0,SRCL
516,DM,2012-05-25 14:30:55,2012-05-23,SRCL,Kogler Richard T,"EVP, COO",M - OptEx,36.26,34726,10286,-142%,1259151.0,-1.0,-1.0,2.0,7.0,SRCL
517,D,2012-05-25 14:30:55,2012-05-23,SRCL,Kogler Richard T,"EVP, COO",S - Sale+OE,85.1,-29726,10286,-74%,-2529680.0,-1.0,-1.0,2.0,7.0,SRCL
518,,2012-05-25 14:30:23,2012-05-23,SRCL,Ten Brink Frank Jm,CFO,S - Sale,85.35,-34226,40844,-46%,-2921251.0,-1.0,-1.0,2.0,7.0,SRCL
519,,2012-05-03 16:02:42,2012-05-01,SRCL,Ten Brink Frank Jm,CFO,S - Sale,87.91,-774,75070,-1%,-68044.0,-2.0,-4.0,-1.0,11.0,SRCL
520,D,2012-05-03 16:02:14,2012-05-01,SRCL,Kogler Richard T,"EVP, COO",M - OptEx,38.57,773,6581,+13%,29811.0,-2.0,-4.0,-1.0,11.0,SRCL
521,D,2012-05-03 16:02:14,2012-05-01,SRCL,Kogler Richard T,"EVP, COO",S - Sale+OE,87.91,-773,6581,-11%,-67956.0,-2.0,-4.0,-1.0,11.0,SRCL
522,M,2012-05-02 16:38:19,2012-04-30,SRCL,Miller Mark C,"COB, CEO",S - Sale,87.46,-199293,541987,-27%,-17429507.0,-1.0,-3.0,0.0,8.0,SRCL
523,D,2012-05-01 16:49:51,2012-04-30,SRCL,Ten Brink Frank Jm,CFO,F - Tax,86.6,-5259,75844,-6%,-455429.0,0.0,-3.0,-1.0,8.0,SRCL
524,D,2012-05-01 16:49:51,2012-04-30,SRCL,Ten Brink Frank Jm,CFO,M - OptEx,26.28,17332,75844,+30%,455461.0,0.0,-3.0,-1.0,8.0,SRCL
525,D,2012-04-17 08:42:59,2012-04-16,SRCL,Lord Jonathan T Md,Dir,M - OptEx,23.59,7000,100,-101%,165095.0,1.0,1.0,-5.0,4.0,SRCL
526,D,2012-04-17 08:42:59,2012-04-16,SRCL,Lord Jonathan T Md,Dir,S - Sale+OE,86.84,-7000,100,-99%,-607880.0,1.0,1.0,-5.0,4.0,SRCL
527,M,2012-03-19 17:41:47,2012-03-15,SRCL,Patience John,Dir,S - Sale,86.5,-4722,232962,-2%,-408436.0,-2.0,-2.0,0.0,7.0,SRCL
528,M,2012-03-15 17:06:36,2012-03-13,SRCL,Patience John,Dir,S - Sale,87.33,-52278,236144,-18%,-4565221.0,1.0,-1.0,0.0,8.0,SRCL
529,,2012-03-14 16:37:00,2012-03-12,SRCL,Miller Mark C,"COB, CEO",S - Sale,87.95,-5441,315827,-2%,-478559.0,-1.0,-2.0,0.0,7.0,SRCL
530,,2012-03-09 17:54:27,2012-03-09,SRCL,Miller Mark C,"COB, CEO",S - Sale,87.95,-26264,746721,-3%,-2309929.0,0.0,-2.0,-3.0,7.0,SRCL
531,D,2012-03-09 16:27:59,2012-03-09,SRCL,Lord Jonathan T Md,Dir,M - OptEx,23.59,10000,100,-101%,235850.0,0.0,-2.0,-3.0,7.0,SRCL
532,D,2012-03-09 16:27:59,2012-03-09,SRCL,Lord Jonathan T Md,Dir,S - Sale+OE,87.02,-10000,100,-99%,-870162.0,0.0,-2.0,-3.0,7.0,SRCL
533,DM,2012-02-23 08:01:40,2012-02-21,SRCL,Kogler Richard T,"EVP, COO",M - OptEx,37.34,15000,6581,-178%,560055.0,2.0,-1.0,-3.0,3.0,SRCL
534,DM,2012-02-23 08:01:40,2012-02-21,SRCL,Kogler Richard T,"EVP, COO",S - Sale+OE,88.01,-25000,6581,-79%,-2200353.0,2.0,-1.0,-3.0,3.0,SRCL
535,,2012-02-21 08:13:45,2012-02-17,SRCL,Ten Brink Frank Jm,CFO,S - Sale,88.14,-20000,63771,-24%,-1762800.0,0.0,0.0,-3.0,4.0,SRCL
536,D,2012-02-21 07:31:32,2012-02-16,SRCL,Brown Thomas D,Dir,M - OptEx,22.11,5000,0,-100%,110550.0,0.0,0.0,-3.0,4.0,SRCL
537,D,2012-02-21 07:31:32,2012-02-16,SRCL,Brown Thomas D,Dir,S - Sale+OE,87.54,-5000,0,-100%,-437711.0,0.0,0.0,-3.0,4.0,SRCL
538,M,2011-12-29 07:36:20,2011-01-26,SRCL,Schuler Jack W,Dir,G - Gift,0.0,-68824,2003298,-3%,-0.0,0.0,-2.0,6.0,14.0,SRCL
539,,2011-12-21 16:18:57,2011-12-20,SRCL,Lord Jonathan T Md,Dir,S - Sale,78.16,-3900,100,-98%,-304824.0,0.0,0.0,7.0,13.0,SRCL
540,,2011-09-02 08:10:23,2011-08-31,SRCL,Miller Mark C,"COB, CEO",S - Sale,88.08,-24245,772985,-3%,-2135500.0,-3.0,-6.0,-8.0,1.0,SRCL
541,D,2011-08-08 16:16:38,2011-08-05,SRCL,Ten Brink Frank Jm,CFO,M - OptEx,17.53,4488,83729,+6%,78652.0,6.0,7.0,11.0,15.0,SRCL
542,,2011-06-02 16:12:47,2011-06-01,SRCL,Dammeyer Rodney F,Dir,S - Sale,88.78,-10000,36860,-21%,-887770.0,-2.0,-3.0,2.0,-12.0,SRCL
543,DM,2011-05-12 16:37:18,2011-05-11,SRCL,Kogler Richard T,"EVP, COO",M - OptEx,29.54,20000,16467,-566%,590800.0,-1.0,-1.0,-10.0,-13.0,SRCL
544,DM,2011-05-12 16:37:18,2011-05-11,SRCL,Kogler Richard T,"EVP, COO",S - Sale+OE,92.0,-20000,16467,-55%,-1839911.0,-1.0,-1.0,-10.0,-13.0,SRCL
545,M,2011-05-11 16:02:58,2011-05-09,SRCL,Schuler Jack W,Dir,S - Sale,91.28,-98064,2072122,-5%,-8951142.0,2.0,0.0,-6.0,-11.0,SRCL
546,,2011-05-09 16:03:02,2011-05-06,SRCL,Schuler Jack W,Dir,S - Sale,90.46,-55000,2170186,-2%,-4975163.0,1.0,2.0,-6.0,-10.0,SRCL
547,D,2011-05-09 16:02:29,2011-05-06,SRCL,Ten Brink Frank Jm,CFO,M - OptEx,29.54,15000,79169,+23%,443100.0,1.0,2.0,-6.0,-10.0,SRCL
548,D,2011-05-09 16:02:29,2011-05-06,SRCL,Ten Brink Frank Jm,CFO,S - Sale+OE,90.26,-15000,79169,-16%,-1353897.0,1.0,2.0,-6.0,-10.0,SRCL
549,,2011-05-09 16:01:56,2011-05-06,SRCL,Miller Mark C,"COB, CEO",S - Sale,90.54,-51000,797230,-6%,-4617571.0,1.0,2.0,-6.0,-10.0,SRCL
550,D,2011-05-09 16:01:20,2011-05-06,SRCL,Alutto Charles A,"Pres, Stericycle USA",M - OptEx,27.05,5594,0,-100%,151343.0,1.0,2.0,-6.0,-10.0,SRCL
551,D,2011-05-09 16:01:20,2011-05-06,SRCL,Alutto Charles A,"Pres, Stericycle USA",S - Sale+OE,90.8,-5594,0,-100%,-507939.0,1.0,2.0,-6.0,-10.0,SRCL
552,D,2011-05-04 16:28:17,2011-05-02,SRCL,Alutto Charles A,"Pres, USA",M - OptEx,22.9,9406,0,-100%,215397.0,0.0,2.0,-2.0,-7.0,SRCL
553,D,2011-05-04 16:28:17,2011-05-02,SRCL,Alutto Charles A,"Pres, USA",S - Sale+OE,91.67,-9406,0,-100%,-862218.0,0.0,2.0,-2.0,-7.0,SRCL
554,M,2011-05-04 16:27:39,2011-05-02,SRCL,Miller Mark C,"COB, CEO",S - Sale,91.57,-67600,848230,-7%,-6189915.0,0.0,2.0,-2.0,-7.0,SRCL
555,,2011-05-03 16:17:43,2011-05-02,SRCL,Dammeyer Rodney F,Dir,S - Sale,90.92,-10000,46860,-18%,-909244.0,0.0,1.0,-3.0,-6.0,SRCL
556,D,2011-02-16 16:01:40,2011-02-15,SRCL,Ten Brink Frank Jm,CFO,M - OptEx,29.54,5324,79169,+7%,157271.0,1.0,-1.0,0.0,-6.0,SRCL
557,D,2011-02-16 16:01:40,2011-02-15,SRCL,Ten Brink Frank Jm,CFO,S - Sale+OE,85.03,-5324,79169,-6%,-452675.0,1.0,-1.0,0.0,-6.0,SRCL
558,,2011-02-11 08:03:56,2011-02-10,SRCL,Collins Michael J,Pres-Pharma Svcs,S - Sale,84.58,-6152,6804,-47%,-520348.0,0.0,2.0,4.0,-6.0,SRCL
559,DM,2011-02-09 16:39:30,2011-02-08,SRCL,Miller Mark C,"COB, CEO",S - Sale+OE,84.96,-55259,915830,-6%,-4694840.0,0.0,1.0,2.0,-7.0,SRCL
560,M,2010-12-28 08:19:55,2010-12-14,SRCL,Schuler Jack W,Dir,G - Gift,0.0,-22947,2225186,-1%,-0.0,0.0,2.0,-1.0,8.0,SRCL
561,D,2010-12-16 08:42:58,2010-12-15,SRCL,Ten Brink Frank Jm,CFO,F - Tax,79.64,-1509,79121,-2%,-120177.0,-1.0,0.0,-2.0,8.0,SRCL
562,D,2010-12-16 08:42:58,2010-12-15,SRCL,Ten Brink Frank Jm,CFO,M - OptEx,13.69,8776,79121,+12%,120100.0,-1.0,0.0,-2.0,8.0,SRCL
563,,2010-12-14 16:04:24,2010-12-13,SRCL,Schuler Jack W,Dir,S - Sale,79.29,-40000,2248133,-2%,-3171552.0,-1.0,-1.0,-3.0,7.0,SRCL
564,D,2010-12-13 16:11:57,2010-12-10,SRCL,Kogler Richard T,"EVP, COO",F - Tax,78.59,-2979,16419,-15%,-234120.0,1.0,-1.0,-3.0,7.0,SRCL
565,D,2010-12-13 16:11:57,2010-12-10,SRCL,Kogler Richard T,"EVP, COO",M - OptEx,16.72,13990,16419,+576%,233962.0,1.0,-1.0,-3.0,7.0,SRCL
566,D,2010-12-08 16:10:15,2010-12-06,SRCL,Schuler Jack W,Dir,F - Tax,77.38,-9130,2288133,0%,-706479.0,1.0,4.0,2.0,10.0,SRCL
567,D,2010-12-08 16:10:15,2010-12-01,SRCL,Schuler Jack W,Dir,G - Gift,0.0,-9800,2288133,0%,-0.0,1.0,4.0,2.0,10.0,SRCL
568,D,2010-12-08 16:10:15,2010-12-06,SRCL,Schuler Jack W,Dir,M - OptEx,38.87,18172,2288133,+1%,706387.0,1.0,4.0,2.0,10.0,SRCL
569,D,2010-12-08 16:10:15,2010-12-07,SRCL,Schuler Jack W,Dir,S - Sale+OE,77.78,-18172,2288133,-1%,-1413451.0,1.0,4.0,2.0,10.0,SRCL
570,,2010-12-06 08:19:43,2010-12-03,SRCL,Miller Mark C,"COB, CEO",G - Gift,0.0,-17760,970999,-2%,-0.0,0.0,2.0,3.0,11.0,SRCL
571,,2010-12-06 08:19:43,2010-12-02,SRCL,Miller Mark C,"COB, CEO",S - Sale,76.95,-100000,970999,-9%,-7694563.0,0.0,2.0,3.0,11.0,SRCL
572,,2010-11-09 16:06:17,2010-11-09,SRCL,Miller Mark C,"COB, CEO",G - Gift,0.0,-5700,1088759,-1%,-0.0,0.0,0.0,8.0,28.0,SRCL
573,M,2010-11-09 16:06:17,2010-11-05,SRCL,Miller Mark C,"COB, CEO",S - Sale,72.52,-76000,1088759,-7%,-5511678.0,0.0,0.0,8.0,28.0,SRCL
574,D,2010-11-09 16:05:32,2010-11-08,SRCL,Collins Michael J,Pres-Pharma Svcs,M - OptEx,32.21,6152,12866,+92%,198125.0,0.0,0.0,8.0,28.0,SRCL
575,D,2010-11-04 17:01:40,2010-11-03,SRCL,Collins Michael J,Pres-Pharma Svcs,M - OptEx,32.21,43448,6714,-118%,1399243.0,0.0,-1.0,6.0,23.0,SRCL
576,D,2010-11-04 17:01:40,2010-11-03,SRCL,Collins Michael J,Pres-Pharma Svcs,S - Sale+OE,72.07,-43448,6714,-87%,-3131197.0,0.0,-1.0,6.0,23.0,SRCL
577,DM,2010-11-04 16:51:45,2010-11-02,SRCL,Kogler Richard T,"EVP, COO",M - OptEx,27.58,32007,5408,-120%,882858.0,0.0,-1.0,6.0,23.0,SRCL
578,DM,2010-11-04 16:51:45,2010-11-02,SRCL,Kogler Richard T,"EVP, COO",S - Sale+OE,72.39,-32007,5408,-86%,-2317047.0,0.0,-1.0,6.0,23.0,SRCL
579,DM,2010-11-04 16:51:22,2010-11-02,SRCL,Ten Brink Frank Jm,CFO,M - OptEx,23.43,33392,71854,+87%,782352.0,0.0,-1.0,6.0,23.0,SRCL
580,DM,2010-11-04 16:51:22,2010-11-02,SRCL,Ten Brink Frank Jm,CFO,S - Sale+OE,72.39,-33392,71854,-32%,-2417099.0,0.0,-1.0,6.0,23.0,SRCL
581,D,2010-11-03 07:43:22,2010-11-01,SRCL,Patience John,Dir,F - Tax,71.48,-9919,289962,-3%,-709010.0,0.0,-1.0,7.0,24.0,SRCL
582,D,2010-11-03 07:43:22,2010-11-01,SRCL,Patience John,Dir,M - OptEx,13.19,53756,289962,+23%,708919.0,0.0,-1.0,7.0,24.0,SRCL
583,,2010-10-12 08:27:48,2010-10-07,SRCL,Dammeyer Rodney F,Dir,G - Gift,0.0,-20000,56860,-26%,-0.0,0.0,2.0,1.0,27.0,SRCL
584,,2010-09-03 08:14:17,2010-09-03,SRCL,Miller Mark C,"COB, CEO",G - Gift,0.0,-52000,1170459,-4%,-0.0,0.0,4.0,5.0,29.0,SRCL
585,M,2010-09-03 08:14:17,2010-09-01,SRCL,Miller Mark C,"COB, CEO",S - Sale,66.54,-100000,1170459,-8%,-6654293.0,0.0,4.0,5.0,29.0,SRCL
586,DM,2010-08-16 16:05:49,2010-08-12,SRCL,Kogler Richard T,COO,M - OptEx,22.9,3850,5408,+247%,88165.0,2.0,0.0,6.0,29.0,SRCL
587,DM,2010-08-16 16:05:49,2010-08-12,SRCL,Kogler Richard T,COO,S - Sale+OE,64.7,-3850,5408,-42%,-249095.0,2.0,0.0,6.0,29.0,SRCL
588,DM,2010-08-16 16:05:15,2010-08-12,SRCL,Ten Brink Frank Jm,CFO,M - OptEx,22.9,3850,71854,+6%,88165.0,2.0,0.0,6.0,29.0,SRCL
589,DM,2010-08-16 16:05:15,2010-08-12,SRCL,Ten Brink Frank Jm,CFO,S - Sale+OE,64.7,-3850,71854,-5%,-249095.0,2.0,0.0,6.0,29.0,SRCL
590,DM,2010-08-11 16:06:50,2010-08-09,SRCL,Kogler Richard T,COO,M - OptEx,22.8,31150,5408,-121%,710175.0,1.0,5.0,7.0,33.0,SRCL
591,DM,2010-08-11 16:06:50,2010-08-09,SRCL,Kogler Richard T,COO,S - Sale+OE,65.01,-31150,5408,-85%,-2024999.0,1.0,5.0,7.0,33.0,SRCL
592,DM,2010-08-11 16:06:18,2010-08-09,SRCL,Ten Brink Frank Jm,CFO,M - OptEx,22.71,31150,71854,+77%,707513.0,1.0,5.0,7.0,33.0,SRCL
593,DM,2010-08-11 16:06:18,2010-08-09,SRCL,Ten Brink Frank Jm,CFO,S - Sale+OE,65.01,-31150,71854,-30%,-2024999.0,1.0,5.0,7.0,33.0,SRCL
594,D,2010-06-07 16:22:28,2010-06-03,SRCL,Kogler Richard T,COO,M - OptEx,22.57,25000,5408,-128%,564218.0,3.0,11.0,11.0,34.0,SRCL
595,D,2010-06-07 16:22:28,2010-06-03,SRCL,Kogler Richard T,COO,S - Sale+OE,59.88,-25000,5408,-82%,-1496918.0,3.0,11.0,11.0,34.0,SRCL
596,D,2010-06-07 16:22:00,2010-06-03,SRCL,Ten Brink Frank Jm,CFO,M - OptEx,22.11,23284,71748,+48%,514809.0,3.0,11.0,11.0,34.0,SRCL
597,D,2010-06-07 16:22:00,2010-06-03,SRCL,Ten Brink Frank Jm,CFO,S - Sale+OE,59.88,-23284,71748,-25%,-1394169.0,3.0,11.0,11.0,34.0,SRCL
598,M,2010-06-03 16:49:10,2010-06-01,SRCL,Schuler Jack W,Dir,S - Sale,59.09,-347825,2675686,-12%,-20552288.0,-3.0,3.0,9.0,23.0,SRCL
599,,2010-05-19 16:18:18,2010-05-18,SRCL,Miller Mark C,"COB, Pres, CEO",S - Sale,58.32,-100000,1322353,-7%,-5832170.0,-2.0,-3.0,12.0,22.0,SRCL
600,A,2010-05-14 16:00:26,2010-05-12,SRCL,Foss Richard L,EVP International,S - Sale,57.93,-20800,1840,-92%,-1204944.0,1.0,0.0,12.0,26.0,SRCL
601,,2010-05-12 07:48:31,2010-05-10,SRCL,Foss Richard L,EVP International,S - Sale,57.35,-20800,1840,-92%,-1192880.0,0.0,1.0,10.0,24.0,SRCL
602,D,2010-05-05 08:00:42,2010-05-03,SRCL,Miller Mark C,"COB, Pres, CEO",F - Tax,58.61,-144443,1422353,-9%,-8465804.0,0.0,0.0,4.0,24.0,SRCL
603,D,2010-05-05 08:00:42,2010-05-03,SRCL,Miller Mark C,"COB, Pres, CEO",M - OptEx,20.8,243734,1422353,+21%,5070651.0,0.0,0.0,4.0,24.0,SRCL
604,D,2010-05-05 08:00:42,2010-05-03,SRCL,Miller Mark C,"COB, Pres, CEO",S - Sale+OE,58.82,-150000,1422353,-10%,-8822885.0,0.0,0.0,4.0,24.0,SRCL
605,D,2010-05-05 08:00:19,2010-05-03,SRCL,Kogler Richard T,COO,M - OptEx,22.11,35000,5408,-118%,773850.0,0.0,0.0,4.0,24.0,SRCL
606,D,2010-05-05 08:00:19,2010-05-03,SRCL,Kogler Richard T,COO,S - Sale+OE,58.92,-35000,5408,-87%,-2062218.0,0.0,0.0,4.0,24.0,SRCL
607,D,2010-05-05 07:59:49,2010-05-03,SRCL,Ten Brink Frank Jm,CFO,M - OptEx,22.11,35000,71748,+95%,773850.0,0.0,0.0,4.0,24.0,SRCL
608,D,2010-05-05 07:59:49,2010-05-03,SRCL,Ten Brink Frank Jm,CFO,S - Sale+OE,58.92,-35000,71748,-33%,-2062218.0,0.0,0.0,4.0,24.0,SRCL
609,,2010-02-11 10:37:33,2010-02-10,SRCL,Lord Jonathan T Md,Dir,P - Purchase,51.15,2000,4000,+100%,102300.0,1.0,4.0,6.0,24.0,SRCL
610,,2009-12-28 08:11:11,2009-12-24,SRCL,Dammeyer Rodney F,Dir,P - Purchase,55.66,360,76860,0%,20036.0,0.0,-1.0,-4.0,19.0,SRCL
611,M,2009-12-23 17:18:29,2009-12-22,SRCL,Ten Brink Frank Jm,CFO,S - Sale,55.7,-14094,71695,-16%,-785052.0,0.0,-1.0,-3.0,16.0,SRCL
612,DM,2009-12-23 17:18:06,2009-12-21,SRCL,Collins Michael J,Pres-Pharma Svcs,M - OptEx,32.21,48213,6493,-116%,1552700.0,0.0,-1.0,-3.0,16.0,SRCL
613,D,2009-12-23 17:18:06,2009-12-21,SRCL,Collins Michael J,Pres-Pharma Svcs,S - Sale+OE,55.55,-42061,6493,-87%,-2336409.0,0.0,-1.0,-3.0,16.0,SRCL
614,D,2009-12-18 17:25:04,2009-12-16,SRCL,Collins Michael J,Pres-Pharma Svcs,M - OptEx,32.21,1387,341,-133%,44668.0,1.0,1.0,0.0,18.0,SRCL
615,D,2009-12-18 17:25:04,2009-12-16,SRCL,Collins Michael J,Pres-Pharma Svcs,S - Sale+OE,56.57,-1387,341,-80%,-78463.0,1.0,1.0,0.0,18.0,SRCL
616,D,2009-12-18 17:24:47,2009-12-16,SRCL,Ten Brink Frank Jm,CFO,F - Tax,56.06,-12734,85789,-13%,-713868.0,1.0,1.0,0.0,18.0,SRCL
617,D,2009-12-18 17:24:47,2009-12-16,SRCL,Ten Brink Frank Jm,CFO,M - OptEx,9.68,72148,85789,+529%,698139.0,1.0,1.0,0.0,18.0,SRCL
618,DM,2009-12-18 17:24:47,2009-12-16,SRCL,Ten Brink Frank Jm,CFO,S - Sale+OE,56.12,-59307,85789,-41%,-3328011.0,1.0,1.0,0.0,18.0,SRCL
619,D,2009-12-09 16:09:52,2009-12-07,SRCL,Miller Mark C,"COB, Pres, CEO",F - Tax,58.1,-9097,1472947,-1%,-528536.0,0.0,-2.0,-4.0,9.0,SRCL
620,DM,2009-12-09 16:09:52,2009-12-07,SRCL,Miller Mark C,"COB, Pres, CEO",M - OptEx,12.46,314410,1472947,+27%,3917241.0,0.0,-2.0,-4.0,9.0,SRCL
621,DM,2009-12-09 16:09:52,2009-12-08,SRCL,Miller Mark C,"COB, Pres, CEO",S - Sale+OE,57.72,-261417,1472947,-15%,-15088082.0,0.0,-2.0,-4.0,9.0,SRCL
622,D,2009-12-02 08:58:45,2009-12-01,SRCL,Ten Brink Frank Jm,CFO,M - OptEx,17.53,15000,85682,+21%,262875.0,0.0,3.0,-1.0,7.0,SRCL
623,D,2009-12-02 08:58:45,2009-12-01,SRCL,Ten Brink Frank Jm,CFO,S - Sale+OE,55.56,-15000,85682,-15%,-833409.0,0.0,3.0,-1.0,7.0,SRCL
624,D,2009-12-02 08:58:16,2009-12-01,SRCL,Kogler Richard T,COO,M - OptEx,17.53,14000,5408,-163%,245350.0,0.0,3.0,-1.0,7.0,SRCL
625,D,2009-12-02 08:58:16,2009-12-01,SRCL,Kogler Richard T,COO,S - Sale+OE,55.75,-15000,5408,-74%,-836300.0,0.0,3.0,-1.0,7.0,SRCL
626,,2009-11-18 09:22:37,2009-11-17,SRCL,Ten Brink Frank Jm,CFO,G - Gift,0.0,-3650,85682,-4%,-0.0,-1.0,-1.0,0.0,3.0,SRCL
627,,2009-10-30 16:07:01,2009-10-30,SRCL,Dammeyer Rodney F,Dir,P - Purchase,53.19,250,76500,0%,13297.0,1.0,3.0,4.0,12.0,SRCL
628,,2009-10-07 16:20:08,2009-10-07,SRCL,Dammeyer Rodney F,Dir,P - Purchase,48.25,5000,76250,+7%,241244.0,1.0,1.0,10.0,13.0,SRCL
629,,2009-09-22 16:11:12,2009-09-22,SRCL,Ten Brink Frank Jm,CFO,G - Gift,0.0,-210,89332,0%,-0.0,-1.0,1.0,9.0,17.0,SRCL
630,,2009-09-18 16:31:47,2009-09-18,SRCL,Dammeyer Rodney F,Dir,P - Purchase,47.96,1050,71250,+1%,50362.0,1.0,-1.0,9.0,16.0,SRCL
631,,2009-09-08 14:26:16,2009-09-04,SRCL,Dammeyer Rodney F,Dir,P - Purchase,49.53,1200,70200,+2%,59437.0,0.0,-1.0,-2.0,10.0,SRCL
632,,2009-08-20 16:18:49,2009-08-20,SRCL,Dammeyer Rodney F,Dir,P - Purchase,50.05,2500,69000,+4%,125122.0,3.0,0.0,-4.0,8.0,SRCL
633,,2009-08-18 16:38:44,2009-08-18,SRCL,Dammeyer Rodney F,Dir,P - Purchase,49.27,2500,66500,+4%,123175.0,0.0,4.0,-3.0,7.0,SRCL
634,D,2009-08-03 16:29:14,2009-07-31,SRCL,Kogler Richard T,COO,M - OptEx,16.08,11000,6408,-240%,176900.0,0.0,-1.0,-4.0,3.0,SRCL
635,D,2009-08-03 16:29:14,2009-07-31,SRCL,Kogler Richard T,COO,S - Sale+OE,51.44,-11000,6408,-63%,-565862.0,0.0,-1.0,-4.0,3.0,SRCL
636,D,2009-08-03 16:28:31,2009-07-31,SRCL,Ten Brink Frank Jm,CFO,M - OptEx,17.53,12500,89542,+16%,219063.0,0.0,-1.0,-4.0,3.0,SRCL
637,D,2009-08-03 16:28:31,2009-07-31,SRCL,Ten Brink Frank Jm,CFO,S - Sale+OE,51.44,-12500,89542,-12%,-643025.0,0.0,-1.0,-4.0,3.0,SRCL
638,D,2009-06-02 08:22:35,2009-06-01,SRCL,Ten Brink Frank Jm,CFO,M - OptEx,17.53,20200,89428,+29%,354005.0,-1.0,-3.0,1.0,6.0,SRCL
639,D,2009-06-02 08:22:35,2009-06-01,SRCL,Ten Brink Frank Jm,CFO,S - Sale+OE,50.19,-20200,89428,-18%,-1013828.0,-1.0,-3.0,1.0,6.0,SRCL
640,,2009-05-29 08:37:02,2009-05-28,SRCL,Ten Brink Frank Jm,CFO,G - Gift,0.0,-50,89428,0%,-0.0,0.0,1.0,2.0,10.0,SRCL
641,M,2009-03-17 16:12:58,2009-03-13,SRCL,Schuler Jack W,Dir,S - Sale,48.43,-314971,3146715,-9%,-15252938.0,-1.0,-1.0,6.0,1.0,SRCL
642,D,2009-02-13 10:52:18,2009-02-12,SRCL,Ten Brink Frank Jm,CFO,F - Tax,46.82,-171,89478,0%,-8006.0,-1.0,3.0,2.0,7.0,SRCL
643,D,2009-02-13 10:52:18,2009-02-12,SRCL,Ten Brink Frank Jm,CFO,M - OptEx,3.19,4852,89478,+6%,15466.0,-1.0,3.0,2.0,7.0,SRCL
644,D,2009-02-11 10:00:49,2009-02-10,SRCL,Ten Brink Frank Jm,CFO,G - Gift,0.0,-50,84797,0%,-0.0,0.0,0.0,8.0,7.0,SRCL
645,,2009-01-15 16:02:49,2009-01-15,SRCL,Dammeyer Rodney F,Dir,P - Purchase,48.64,20000,64000,+45%,972822.0,5.0,1.0,-3.0,5.0,SRCL
646,,2009-01-15 16:02:11,2009-01-14,SRCL,Patience John,Dir,P - Purchase,46.28,1000,246125,0%,46275.0,5.0,1.0,-3.0,5.0,SRCL
647,,2008-12-16 09:34:48,2008-11-18,SRCL,Ten Brink Frank Jm,CFO,G - Gift,0.0,-100,84794,0%,-0.0,5.0,-1.0,-7.0,-4.0,SRCL
648,,2008-12-09 16:18:37,2008-12-08,SRCL,Dammeyer Rodney F,Dir,G - Gift,0.0,-30000,44000,-41%,-0.0,1.0,-1.0,-2.0,-7.0,SRCL
649,,2008-12-04 16:28:42,2008-12-03,SRCL,Miller Mark C,"COB, Pres, CEO",G - Gift,0.0,-380000,1729967,+28%,-0.0,4.0,4.0,2.0,-2.0,SRCL
650,D,2008-11-20 09:14:31,2008-11-19,SRCL,Schuler Jack W,Dir,F - Tax,59.24,-23357,3602686,-1%,-1383669.0,-7.0,-6.0,-11.0,-15.0,SRCL
651,D,2008-11-20 09:14:31,2008-11-19,SRCL,Schuler Jack W,Dir,M - OptEx,16.52,83728,3602686,+2%,1383561.0,-7.0,-6.0,-11.0,-15.0,SRCL
652,,2008-11-18 16:14:09,2008-11-18,SRCL,Ten Brink Frank Jm,CFO,S - Sale,60.67,-5000,84894,-6%,-303353.0,-3.0,-8.0,-11.0,-16.0,SRCL
653,,2008-11-18 16:13:40,2008-11-18,SRCL,Kogler Richard T,COO,S - Sale,60.81,-3000,6408,-32%,-182420.0,-3.0,-8.0,-11.0,-16.0,SRCL
654,D,2008-11-14 16:13:19,2008-11-13,SRCL,Miller Mark C,"COB, Pres",F - Tax,58.72,-38372,1729967,-2%,-2253204.0,1.0,-5.0,-10.0,-9.0,SRCL
655,D,2008-11-14 16:13:19,2008-11-13,SRCL,Miller Mark C,"COB, Pres",M - OptEx,7.6,81144,1729967,+5%,616816.0,1.0,-5.0,-10.0,-9.0,SRCL
656,,2008-10-10 11:47:27,2008-10-10,SRCL,Miller Mark C,"COB, Pres",P - Purchase,49.6,20000,1687195,+1%,991936.0,1.0,12.0,15.0,2.0,SRCL
657,,2008-10-08 08:14:27,2008-10-07,SRCL,Foss Richard L,"Exec Vice Pres, International",P - Purchase,53.97,1800,22297,+9%,97143.0,-3.0,2.0,6.0,-2.0,SRCL
658,,2008-08-20 16:08:02,2008-08-19,SRCL,Kogler Richard T,COO,S - Sale,60.76,-3000,9408,-24%,-182295.0,-1.0,-2.0,7.0,-22.0,SRCL
659,D,2008-08-20 16:07:28,2008-08-19,SRCL,Ten Brink Frank Jm,CFO,M - OptEx,16.73,9934,89894,+12%,166159.0,-1.0,-2.0,7.0,-22.0,SRCL
660,D,2008-08-20 16:07:28,2008-08-19,SRCL,Ten Brink Frank Jm,CFO,S - Sale+OE,60.32,-9934,89894,-10%,-599229.0,-1.0,-2.0,7.0,-22.0,SRCL
661,D,2008-08-14 17:28:23,2008-08-14,SRCL,Sacranie Shan,EVP Intl Business Development,M - OptEx,22.11,800,17973,+5%,17688.0,1.0,0.0,0.0,-23.0,SRCL
662,D,2008-08-14 17:28:23,2008-08-14,SRCL,Sacranie Shan,EVP Intl Business Development,S - Sale+OE,60.1,-800,17973,-4%,-48082.0,1.0,0.0,0.0,-23.0,SRCL
663,,2008-08-14 17:28:12,2008-08-14,SRCL,Sacranie Shan,EVP Intl Business Development,M - OptEx,20.52,5983,17973,+50%,122759.0,1.0,0.0,0.0,-23.0,SRCL
664,,2008-08-14 17:28:12,2008-08-14,SRCL,Sacranie Shan,EVP Intl Business Development,S - Sale,60.21,-5983,17973,-25%,-360264.0,1.0,0.0,0.0,-23.0,SRCL
665,,2008-07-11 13:06:28,2008-07-09,SRCL,Patience John,Dir,P - Purchase,50.4,39458,245125,+19%,1988683.0,2.0,7.0,12.0,-2.0,SRCL
666,,2008-07-11 13:06:03,2008-07-09,SRCL,Schuler Jack W,COB,P - Purchase,50.43,77450,3542315,+2%,3905563.0,2.0,7.0,12.0,-2.0,SRCL
667,,2008-07-10 16:00:49,2008-07-08,SRCL,Patience John,Dir,P - Purchase,49.94,29905,205667,+17%,1493357.0,2.0,6.0,11.0,-3.0,SRCL
668,,2008-07-10 16:00:22,2008-07-08,SRCL,Schuler Jack W,COB,P - Purchase,49.95,53187,3464865,+2%,2656664.0,2.0,6.0,11.0,-3.0,SRCL
669,,2008-07-09 16:11:01,2008-07-07,SRCL,Patience John,Dir,P - Purchase,50.0,100000,175762,+132%,4999770.0,4.0,8.0,17.0,2.0,SRCL
670,,2008-07-09 16:10:34,2008-07-07,SRCL,Schuler Jack W,COB,P - Purchase,50.01,100000,3411678,+3%,5000940.0,4.0,8.0,17.0,2.0,SRCL
671,D,2008-04-25 08:22:51,2008-04-22,SRCL,Sacranie Shan,VP International,M - OptEx,22.11,2261,17973,+14%,49991.0,-1.0,-3.0,3.0,-7.0,SRCL
672,D,2008-03-25 07:56:43,2008-03-24,SRCL,Miller Mark C,CEO,M - OptEx,4.04,50610,1667082,+3%,204538.0,0.0,2.0,7.0,27.0,SRCL
673,D,2008-02-19 08:16:41,2008-02-15,SRCL,Kogler Richard T,COO,P - Purchase,53.3,3000,12408,+32%,159914.0,2.0,4.0,-3.0,14.0,SRCL
674,,2008-02-14 16:10:34,2008-02-14,SRCL,Foss Richard L,VP Corp Dev,A - Grant,54.71,9000,20384,+79%,492384.0,-2.0,0.0,-5.0,9.0,SRCL
675,M,2007-12-20 16:22:35,2007-12-17,SRCL,Ten Brink Frank Jm,CFO,G - Gift,0.0,-250,89721,0%,-0.0,2.0,1.0,-7.0,-11.0,SRCL
676,D,2007-12-17 16:37:01,2007-12-14,SRCL,Ten Brink Frank Jm,CFO,F - Tax,59.26,-76,89971,0%,-4504.0,-1.0,6.0,8.0,-2.0,SRCL
677,D,2007-12-17 16:37:01,2007-12-14,SRCL,Ten Brink Frank Jm,CFO,M - OptEx,3.19,1400,89971,+2%,4463.0,-1.0,6.0,8.0,-2.0,SRCL
678,M,2007-12-04 14:10:39,2007-11-30,SRCL,Miller Mark C,CEO,G - Gift,0.0,-930,1616261,0%,-0.0,1.0,1.0,0.0,-2.0,SRCL
679,D,2007-12-03 16:19:33,2007-11-30,SRCL,Miller Mark C,CEO,M - OptEx,7.6,400,1617191,0%,3041.0,1.0,1.0,-2.0,-3.0,SRCL
680,D,2007-12-03 16:19:33,2007-11-30,SRCL,Miller Mark C,CEO,S - Sale+OE,59.15,-400,1617191,0%,-23660.0,1.0,1.0,-2.0,-3.0,SRCL
681,,2007-11-14 08:41:21,2007-11-12,SRCL,Miller Mark C,CEO,G - Gift,0.0,-100,1617191,0%,-0.0,0.0,-3.0,3.0,-9.0,SRCL
682,D,2007-11-08 16:18:27,2007-11-06,SRCL,Ten Brink Frank Jm,CFO,M - OptEx,13.69,9424,88647,+12%,128967.0,-3.0,-3.0,-1.0,-13.0,SRCL
683,D,2007-11-08 16:18:27,2007-11-06,SRCL,Ten Brink Frank Jm,CFO,S - Sale+OE,59.86,-9424,88647,-10%,-564116.0,-3.0,-3.0,-1.0,-13.0,SRCL
684,M,2007-11-05 16:13:01,2007-11-01,SRCL,Miller Mark C,CEO,M - OptEx,5.49,77900,1316147,+6%,427376.0,3.0,-2.0,1.0,-11.0,SRCL
685,M,2007-11-05 16:13:01,2007-11-01,SRCL,Miller Mark C,CEO,S - Sale,57.55,-77900,1316147,-6%,-4483367.0,3.0,-2.0,1.0,-11.0,SRCL
686,,2007-11-05 16:12:47,2007-11-01,SRCL,Miller Mark C,CEO,F - Tax,57.93,-2010,1316147,0%,-116439.0,3.0,-2.0,1.0,-11.0,SRCL
687,,2007-11-05 16:12:47,2007-11-01,SRCL,Miller Mark C,CEO,M - OptEx,4.49,99680,1316147,+8%,448021.0,3.0,-2.0,1.0,-11.0,SRCL
688,,2007-11-05 16:12:47,2007-11-01,SRCL,Miller Mark C,CEO,S - Sale,58.44,-65500,1316147,-5%,-3827785.0,3.0,-2.0,1.0,-11.0,SRCL
689,D,2007-10-31 16:13:21,2007-10-30,SRCL,Sacranie Shan,VP International,M - OptEx,21.0,88891,15712,-121%,1866324.0,-1.0,5.0,1.0,-7.0,SRCL
690,D,2007-10-31 16:13:21,2007-10-30,SRCL,Sacranie Shan,VP International,S - Sale+OE,56.79,-76079,15712,-83%,-4320890.0,-1.0,5.0,1.0,-7.0,SRCL
691,,2007-09-12 10:26:42,2007-09-10,SRCL,Miller Mark C,CEO,G - Gift,0.0,-130,1585121,0%,-0.0,2.0,1.0,10.0,7.0,SRCL
692,M,2007-09-05 16:13:03,2007-09-04,SRCL,Dammeyer Rodney F,Dir,P - Purchase,49.56,30000,74000,+68%,1486746.0,1.0,4.0,15.0,14.0,SRCL
693,,2007-08-20 09:35:13,2007-08-17,SRCL,Dammeyer Rodney F,Dir,P - Purchase,49.24,10000,44000,+29%,492363.0,2.0,2.0,5.0,11.0,SRCL
694,D,2007-08-02 08:17:46,2007-07-31,SRCL,Ten Brink Frank Jm,CFO,M - OptEx,13.69,9000,88647,+11%,123165.0,1.0,10.0,5.0,25.0,SRCL
695,D,2007-08-02 08:17:46,2007-07-31,SRCL,Ten Brink Frank Jm,CFO,S - Sale+OE,49.32,-9000,88647,-9%,-443921.0,1.0,10.0,5.0,25.0,SRCL
696,D,2007-06-29 16:04:26,2007-06-28,SRCL,Vardy Peter,Dir,M - OptEx,21.09,44860,80000,+128%,946199.0,0.0,0.0,10.0,36.0,SRCL
697,D,2007-06-29 16:04:26,2007-06-28,SRCL,Vardy Peter,Dir,S - Sale+OE,45.12,-44860,80000,-36%,-2023980.0,0.0,0.0,10.0,36.0,SRCL
698,D,2007-05-11 06:21:34,2007-05-07,SRCL,Wilkerson L John,Dir,S - Sale+OE,86.45,-18404,0,-100%,-1591026.0,0.0,2.0,1.0,36.0,SRCL
699,,2007-05-04 09:37:35,2007-05-03,SRCL,Miller Mark C,CEO,G - Gift,0.0,-118,792548,0%,-0.0,0.0,0.0,3.0,34.0,SRCL
700,DM,2007-05-03 08:42:12,2007-05-01,SRCL,Ten Brink Frank Jm,CFO,M - OptEx,27.37,11400,44246,+35%,312018.0,1.0,1.0,5.0,32.0,SRCL
701,DM,2007-05-03 08:42:12,2007-05-01,SRCL,Ten Brink Frank Jm,CFO,S - Sale+OE,85.88,-11400,44246,-20%,-979020.0,1.0,1.0,5.0,32.0,SRCL
702,,2007-03-06 10:45:09,2007-03-05,SRCL,Dammeyer Rodney F,Dir,P - Purchase,77.05,15000,17000,+750%,1155698.0,1.0,3.0,7.0,30.0,SRCL
703,D,2006-12-21 08:33:10,2006-12-20,SRCL,Miller Mark C,CEO,M - OptEx,10.13,9000,792584,+1%,91125.0,0.0,5.0,4.0,22.0,SRCL
704,D,2006-12-21 08:33:10,2006-12-20,SRCL,Miller Mark C,CEO,S - Sale+OE,72.49,-6000,792584,-1%,-434949.0,0.0,5.0,4.0,22.0,SRCL
705,D,2006-09-13 08:53:06,2006-09-12,SRCL,Kogler Richard T,COO,F - Tax,66.44,-952,4704,-17%,-63251.0,2.0,1.0,2.0,18.0,SRCL
706,D,2006-09-13 08:53:06,2006-09-12,SRCL,Kogler Richard T,COO,M - OptEx,25.52,3007,4704,+177%,76729.0,2.0,1.0,2.0,18.0,SRCL
707,D,2006-08-29 10:22:53,2006-08-28,SRCL,Kogler Richard T,COO,M - OptEx,27.86,11446,2649,-130%,318935.0,0.0,-1.0,4.0,18.0,SRCL
708,D,2006-08-29 10:22:53,2006-08-28,SRCL,Kogler Richard T,COO,S - Sale+OE,66.7,-15946,2649,-86%,-1063577.0,0.0,-1.0,4.0,18.0,SRCL
709,D,2006-08-28 16:03:26,2006-08-25,SRCL,Miller Mark C,CEO,M - OptEx,6.71,112797,789584,+17%,756581.0,0.0,0.0,2.0,17.0,SRCL
710,D,2006-08-28 16:03:26,2006-08-25,SRCL,Miller Mark C,CEO,S - Sale+OE,65.09,-21375,789584,-3%,-1391205.0,0.0,0.0,2.0,17.0,SRCL
711,D,2006-08-24 16:40:27,2006-08-24,SRCL,Miller Mark C,CEO,M - OptEx,6.38,30000,698162,+4%,191250.0,0.0,2.0,4.0,21.0,SRCL
712,D,2006-08-24 16:40:27,2006-08-24,SRCL,Miller Mark C,CEO,S - Sale+OE,65.15,-30000,698162,-4%,-1954608.0,0.0,2.0,4.0,21.0,SRCL
713,DM,2006-08-23 16:56:08,2006-08-22,SRCL,Miller Mark C,CEO,M - OptEx,6.78,29500,698162,+4%,200149.0,0.0,1.0,5.0,22.0,SRCL
714,DM,2006-08-23 16:56:08,2006-08-22,SRCL,Miller Mark C,CEO,S - Sale+OE,66.02,-29500,698162,-4%,-1947470.0,0.0,1.0,5.0,22.0,SRCL
715,D,2006-08-02 09:45:03,2006-08-01,SRCL,Dammeyer Rodney F,Dir,M - OptEx,32.51,10400,2000,-124%,338082.0,1.0,-1.0,1.0,16.0,SRCL
716,D,2006-08-02 09:45:03,2006-08-01,SRCL,Dammeyer Rodney F,Dir,S - Sale+OE,66.06,-10400,2000,-84%,-686973.0,1.0,-1.0,1.0,16.0,SRCL
717,,2006-05-31 11:21:02,2006-05-25,SRCL,Miller Mark C,CEO,G - Gift,0.0,-230,698062,0%,-0.0,3.0,4.0,-3.0,10.0,SRCL
718,,2006-05-17 08:25:31,2006-05-16,SRCL,Foss Richard L,VP Corp Dev,P - Purchase,61.59,3000,5361,+127%,184782.0,5.0,5.0,5.0,15.0,SRCL
719,D,2006-03-20 09:07:44,2006-03-17,SRCL,Miller Mark C,CEO,F - Tax,67.21,-2406,698292,0%,-161707.0,-1.0,-2.0,-3.0,1.0,SRCL
720,D,2006-03-20 09:07:44,2006-03-17,SRCL,Miller Mark C,CEO,M - OptEx,4.0,40418,698292,+6%,161672.0,-1.0,-2.0,-3.0,1.0,SRCL
721,DM,2006-03-07 18:22:23,2006-03-03,SRCL,Ten Brink Frank Jm,CFO,F - Tax,62.77,-2969,43891,-6%,-186367.0,1.0,3.0,9.0,5.0,SRCL
722,DM,2006-03-07 18:22:23,2006-03-03,SRCL,Ten Brink Frank Jm,CFO,M - OptEx,6.6,28250,43891,+181%,186328.0,1.0,3.0,9.0,5.0,SRCL
723,,2005-12-29 16:59:01,2005-12-28,SRCL,Miller Mark C,CEO,G - Gift,0.0,-175,660169,0%,-0.0,-1.0,-2.0,-1.0,9.0,SRCL
724,A,2005-12-29 16:58:50,2005-12-14,SRCL,Miller Mark C,CEO,G - Gift,0.0,-405,660364,0%,-0.0,-1.0,-2.0,-1.0,9.0,SRCL
725,,2005-12-27 10:56:55,2005-12-22,SRCL,Ten Brink Frank Jm,CFO,G - Gift,0.0,-100,18555,-1%,-0.0,0.0,0.0,-1.0,7.0,SRCL
726,,2005-12-20 10:12:13,2005-12-16,SRCL,Miller Mark C,CEO,G - Gift,0.0,-20,660344,0%,-0.0,0.0,0.0,-2.0,7.0,SRCL
727,D,2005-12-06 08:03:51,2005-12-05,SRCL,Graham Patrick F,Dir,M - OptEx,38.33,2444,0,-100%,93677.0,0.0,-3.0,-7.0,8.0,SRCL
728,D,2005-12-06 08:03:51,2005-12-05,SRCL,Graham Patrick F,Dir,S - Sale+OE,61.31,-2444,0,-100%,-149837.0,0.0,-3.0,-7.0,8.0,SRCL
729,D,2005-12-02 08:36:20,2005-12-01,SRCL,Kogler Richard T,COO,M - OptEx,23.54,3428,7149,+92%,80686.0,-1.0,0.0,-5.0,7.0,SRCL
730,D,2005-12-02 08:36:20,2005-12-01,SRCL,Kogler Richard T,COO,S - Sale+OE,61.51,-2052,7149,-22%,-126219.0,-1.0,0.0,-5.0,7.0,SRCL
731,D,2005-12-02 08:35:56,2005-12-01,SRCL,Ten Brink Frank Jm,CFO,M - OptEx,15.2,2625,18655,+16%,39908.0,-1.0,0.0,-5.0,7.0,SRCL
732,D,2005-12-02 08:35:56,2005-12-01,SRCL,Ten Brink Frank Jm,CFO,S - Sale+OE,61.23,-5625,18655,-23%,-344445.0,-1.0,0.0,-5.0,7.0,SRCL
733,D,2005-11-30 16:18:29,2005-11-29,SRCL,Kogler Richard T,COO,M - OptEx,36.77,16240,5773,-155%,597200.0,1.0,1.0,-3.0,9.0,SRCL
734,D,2005-11-30 16:18:29,2005-11-29,SRCL,Kogler Richard T,COO,S - Sale+OE,61.02,-16240,5773,-74%,-990885.0,1.0,1.0,-3.0,9.0,SRCL
735,D,2005-10-18 16:45:42,2005-10-18,SRCL,Patience John,Dir,A - Grant,11.25,9000,37881,+31%,101250.0,1.0,0.0,11.0,19.0,SRCL
736,,2005-10-04 14:17:24,2005-10-04,SRCL,Miller Mark C,CEO,G - Gift,0.0,-500,662869,0%,-0.0,-1.0,-1.0,5.0,21.0,SRCL
737,,2005-08-18 10:03:08,2005-08-17,SRCL,Miller Mark C,CEO,G - Gift,0.0,-250,663369,0%,-0.0,-1.0,-4.0,-3.0,4.0,SRCL
738,,2005-08-16 10:37:16,2005-08-15,SRCL,Ten Brink Frank Jm,CFO,G - Gift,0.0,-50,21655,0%,-0.0,-1.0,-1.0,-3.0,-1.0,SRCL
739,,2005-08-09 09:21:32,2005-08-08,SRCL,Vardy Peter,Dir,S - Sale,59.26,-28000,50000,-36%,-1659280.0,0.0,0.0,-2.0,1.0,SRCL
740,DM,2005-08-02 08:28:50,2005-07-29,SRCL,Kogler Richard T,COO,M - OptEx,22.23,9856,5773,-241%,219079.0,0.0,2.0,-2.0,2.0,SRCL
741,DM,2005-08-02 08:28:50,2005-07-29,SRCL,Kogler Richard T,COO,S - Sale+OE,57.92,-9927,5773,-63%,-575000.0,0.0,2.0,-2.0,2.0,SRCL
742,D,2005-08-02 08:28:29,2005-07-29,SRCL,Ten Brink Frank Jm,CFO,M - OptEx,19.3,6142,21705,+39%,118541.0,0.0,2.0,-2.0,2.0,SRCL
743,D,2005-08-02 08:28:29,2005-07-29,SRCL,Ten Brink Frank Jm,CFO,S - Sale+OE,57.89,-14142,21705,-39%,-818743.0,0.0,2.0,-2.0,2.0,SRCL
744,,2005-07-08 16:09:16,2005-07-08,SRCL,Miller Mark C,CEO,G - Gift,0.0,-200,663619,0%,-0.0,1.0,6.0,17.0,15.0,SRCL
745,,2005-06-29 08:37:08,2005-06-28,SRCL,Vardy Peter,Dir,G - Gift,0.0,-2000,78000,-3%,-0.0,0.0,0.0,16.0,17.0,SRCL
746,,2005-06-06 16:56:57,2005-06-06,SRCL,Ten Brink Frank Jm,CFO,S - Sale,51.5,-2000,29652,-6%,-103000.0,0.0,1.0,-1.0,20.0,SRCL
747,,2005-06-06 16:56:13,2005-06-03,SRCL,Miller Mark C,CEO,S - Sale,51.77,-70000,663714,-10%,-3623760.0,0.0,1.0,-1.0,20.0,SRCL
748,M,2005-06-02 07:52:57,2005-05-31,SRCL,Patience John,Dir,S - Sale,50.65,-12700,28881,-31%,-643207.0,1.0,-1.0,-2.0,19.0,SRCL
749,M,2005-05-31 09:21:25,2005-05-26,SRCL,Patience John,Dir,S - Sale,49.08,-37300,41581,-47%,-1830735.0,1.0,5.0,2.0,26.0,SRCL
750,D,2005-05-23 09:56:54,2005-05-19,SRCL,Graham Patrick F,Dir,M - OptEx,36.48,1000,0,-100%,36480.0,-1.0,0.0,5.0,25.0,SRCL
751,D,2005-05-23 09:56:54,2005-05-19,SRCL,Graham Patrick F,Dir,S - Sale+OE,49.48,-1000,0,-100%,-49480.0,-1.0,0.0,5.0,25.0,SRCL
752,DM,2005-05-09 18:43:18,2005-05-05,SRCL,Vardy Peter,Dir,M - OptEx,17.89,21956,80000,+38%,392825.0,1.0,0.0,6.0,21.0,SRCL
753,DM,2005-05-09 18:43:18,2005-05-05,SRCL,Vardy Peter,Dir,S - Sale+OE,48.71,-21956,80000,-22%,-1069518.0,1.0,0.0,6.0,21.0,SRCL
754,D,2005-05-05 09:24:07,2005-05-03,SRCL,Kogler Richard T,COO,M - OptEx,20.0,3001,5844,+106%,60032.0,-3.0,-1.0,3.0,20.0,SRCL
755,D,2005-05-05 09:24:07,2005-05-03,SRCL,Kogler Richard T,COO,S - Sale+OE,49.59,-3001,5844,-34%,-148805.0,-3.0,-1.0,3.0,20.0,SRCL
756,D,2005-04-28 18:05:13,2005-04-28,SRCL,Kogler Richard T,COO,M - OptEx,20.0,6000,5844,-3846%,120020.0,2.0,4.0,3.0,15.0,SRCL
757,D,2005-04-28 18:05:13,2005-04-28,SRCL,Kogler Richard T,COO,S - Sale+OE,47.55,-7565,5844,-56%,-359699.0,2.0,4.0,3.0,15.0,SRCL
758,D,2005-04-28 18:04:56,2005-04-28,SRCL,Ten Brink Frank Jm,CFO,F - Tax,47.77,-172,31652,-1%,-8216.0,2.0,4.0,3.0,15.0,SRCL
759,D,2005-04-28 18:04:56,2005-04-28,SRCL,Ten Brink Frank Jm,CFO,M - OptEx,19.15,16428,31652,+108%,314654.0,2.0,4.0,3.0,15.0,SRCL
760,D,2005-04-28 18:04:56,2005-04-28,SRCL,Ten Brink Frank Jm,CFO,S - Sale+OE,47.55,-23228,31652,-42%,-1104440.0,2.0,4.0,3.0,15.0,SRCL
761,,2005-03-24 08:56:12,2005-03-22,SRCL,Ten Brink Frank Jm,CFO,G - Gift,0.0,-200,38624,-1%,-0.0,-1.0,-1.0,-1.0,22.0,SRCL
762,D,2005-03-04 08:30:50,2005-03-03,SRCL,Kogler Richard T,COO,F - Tax,46.02,-1494,7409,-17%,-68754.0,0.0,1.0,-4.0,26.0,SRCL
763,D,2005-03-04 08:30:50,2005-03-03,SRCL,Kogler Richard T,COO,M - OptEx,9.76,7338,7409,>999%,71601.0,0.0,1.0,-4.0,26.0,SRCL
764,A,2005-02-17 19:51:06,2005-02-15,SRCL,Kogler Richard T,COO,S - Sale,46.03,-17727,1565,-92%,-815942.0,0.0,0.0,-1.0,29.0,SRCL
765,D,2005-02-16 10:28:55,2005-02-15,SRCL,Kogler Richard T,COO,M - OptEx,20.16,9194,1565,-121%,185340.0,1.0,-1.0,-1.0,28.0,SRCL
766,D,2005-02-16 10:28:55,2005-02-15,SRCL,Kogler Richard T,COO,S - Sale+OE,46.51,-17727,1565,-92%,-824451.0,1.0,-1.0,-1.0,28.0,SRCL
767,D,2004-12-27 14:24:50,2004-12-23,SRCL,Miller Mark C,CEO,F - Tax,46.2,-412,733591,0%,-19034.0,-1.0,-1.0,7.0,7.0,SRCL
768,D,2004-12-27 14:24:50,2004-12-23,SRCL,Miller Mark C,CEO,M - OptEx,6.81,2793,733591,0%,19027.0,-1.0,-1.0,7.0,7.0,SRCL
769,,2004-12-08 14:07:56,2004-12-06,SRCL,Ten Brink Frank Jm,CFO,G - Gift,0.0,-100,38763,0%,-0.0,2.0,4.0,1.0,13.0,SRCL
770,A,2004-11-19 10:29:47,2004-11-15,SRCL,Foss Richard L,EXVP,A - Grant,42.8,2000,2000,New,85600.0,0.0,0.0,5.0,15.0,SRCL
771,,2004-11-16 08:30:48,2004-11-15,SRCL,Sacranie Shan,Exec Vice Pres International,A - Grant,42.35,1200,1450,+480%,50820.0,1.0,2.0,9.0,16.0,SRCL
772,,2004-11-15 13:40:42,2004-11-15,SRCL,Sacranie Shan,Exec Vice Pres International,A - Grant,42.74,250,250,New,10685.0,-1.0,0.0,9.0,15.0,SRCL
773,,2004-11-15 13:38:46,2004-11-15,SRCL,Foss Richard L,EXVP,A - Grant,42.52,2000,2000,New,85040.0,-1.0,0.0,9.0,15.0,SRCL
774,D,2004-11-02 10:10:57,2004-11-01,SRCL,Ten Brink Frank Jm,CFO,M - OptEx,18.61,10957,38863,+39%,203881.0,-1.0,-3.0,-7.0,9.0,SRCL
775,D,2004-11-02 10:10:57,2004-11-01,SRCL,Ten Brink Frank Jm,CFO,S - Sale+OE,45.11,-10957,38863,-22%,-494321.0,-1.0,-3.0,-7.0,9.0,SRCL
776,D,2004-11-02 10:10:38,2004-11-01,SRCL,Kogler Richard T,COO,M - OptEx,18.94,10724,10098,-1713%,203130.0,-1.0,-3.0,-7.0,9.0,SRCL
777,D,2004-11-02 10:10:38,2004-11-01,SRCL,Kogler Richard T,COO,S - Sale+OE,45.02,-15639,10098,-61%,-704105.0,-1.0,-3.0,-7.0,9.0,SRCL
778,,2004-09-02 16:31:22,2004-09-02,SRCL,Vardy Peter,Dir,S - Sale,47.85,-20000,80000,-20%,-957000.0,0.0,-3.0,-5.0,-5.0,SRCL
779,,2004-08-25 08:13:59,2004-08-24,SRCL,Lord Jonathan T Md,Dir,A - Grant,45.66,1000,1000,New,45660.0,0.0,4.0,-1.0,0.0,SRCL
780,D,2004-08-05 14:35:22,2004-08-03,SRCL,Ten Brink Frank Jm,CFO,M - OptEx,19.93,20370,38863,+110%,405871.0,-2.0,-2.0,0.0,6.0,SRCL
781,D,2004-08-05 14:35:22,2004-08-03,SRCL,Ten Brink Frank Jm,CFO,S - Sale+OE,48.17,-29420,38863,-43%,-1417182.0,-2.0,-2.0,0.0,6.0,SRCL
782,,2004-08-05 14:35:09,2004-07-21,SRCL,Ten Brink Frank Jm,CFO,G - Gift,0.0,-100,47913,0%,-0.0,-2.0,-2.0,0.0,6.0,SRCL
783,D,2004-08-05 14:34:41,2004-08-03,SRCL,Kogler Richard T,COO,M - OptEx,25.69,25730,15013,-240%,660964.0,-2.0,-2.0,0.0,6.0,SRCL
784,D,2004-08-05 14:34:41,2004-08-03,SRCL,Kogler Richard T,COO,S - Sale+OE,48.17,-38141,15013,-72%,-1837279.0,-2.0,-2.0,0.0,6.0,SRCL
785,,2004-08-05 14:34:23,2004-07-20,SRCL,Schuler Jack W,COB,G - Gift,0.0,-100,1465545,0%,-0.0,-2.0,-2.0,0.0,6.0,SRCL
786,,2004-07-01 15:31:21,2004-06-30,SRCL,Connaughton John,Dir,G - Gift,0.0,-9325,0,-100%,-0.0,-2.0,0.0,-5.0,-11.0,SRCL
787,,2004-07-01 15:31:21,2004-06-29,SRCL,Connaughton John,Dir,S - Sale,49.49,-37901,0,-100%,-1875599.0,-2.0,0.0,-5.0,-11.0,SRCL
788,AD,2004-07-01 15:31:17,2004-06-24,SRCL,Connaughton John,Dir,C - Converted deriv,0.0,760523,47226,-94%,0.0,-2.0,0.0,-5.0,-11.0,SRCL
789,ADM,2004-07-01 15:31:17,2004-06-25,SRCL,Connaughton John,Dir,S - Sale+OE,49.27,-70318,47226,-60%,-3464607.0,-2.0,0.0,-5.0,-11.0,SRCL
790,D,2004-06-28 19:50:54,2004-06-24,SRCL,Connaughton John,Dir,C - Converted deriv,0.0,760523,47194,-94%,0.0,1.0,2.0,4.0,-6.0,SRCL
791,DM,2004-06-28 19:50:54,2004-06-25,SRCL,Connaughton John,Dir,S - Sale+OE,49.27,-70318,47194,-60%,-3464607.0,1.0,2.0,4.0,-6.0,SRCL
792,,2004-05-11 17:32:20,2004-05-07,SRCL,Reusche Thomas R,Dir,S - Sale,47.61,-25746,0,-100%,-1225855.0,-2.0,-3.0,-2.0,-6.0,SRCL
793,D,2004-05-10 16:31:40,2004-05-06,SRCL,Reusche Thomas R,Dir,C - Converted deriv,0.0,775407,25746,-97%,0.0,-1.0,-1.0,-1.0,-5.0,SRCL
794,D,2004-05-06 17:32:21,2004-05-05,SRCL,Miller Mark C,CEO,F - Tax,48.46,-780,731100,0%,-37799.0,-2.0,-5.0,-5.0,-5.0,SRCL
795,D,2004-05-06 17:32:21,2004-05-05,SRCL,Miller Mark C,CEO,M - OptEx,4.0,9444,731100,+1%,37776.0,-2.0,-5.0,-5.0,-5.0,SRCL
796,D,2004-05-06 17:32:21,2004-05-04,SRCL,Miller Mark C,CEO,S - Sale+OE,49.0,-90000,731100,-11%,-4410099.0,-2.0,-5.0,-5.0,-5.0,SRCL
797,D,2004-05-05 16:38:21,2004-05-03,SRCL,Ten Brink Frank Jm,CFO,M - OptEx,9.98,8058,47958,+20%,80429.0,0.0,-3.0,-6.0,-7.0,SRCL
798,D,2004-05-05 16:38:21,2004-05-03,SRCL,Ten Brink Frank Jm,CFO,S - Sale+OE,48.0,-21558,47958,-31%,-1034806.0,0.0,-3.0,-6.0,-7.0,SRCL
799,D,2004-05-05 16:38:00,2004-05-03,SRCL,Kogler Richard T,COO,M - OptEx,22.12,28241,27424,-3457%,624757.0,0.0,-3.0,-6.0,-7.0,SRCL
800,D,2004-05-05 16:38:00,2004-05-03,SRCL,Kogler Richard T,COO,S - Sale+OE,48.0,-48241,27424,-64%,-2315616.0,0.0,-3.0,-6.0,-7.0,SRCL
801,D,2004-04-07 14:38:14,2004-04-06,SRCL,Tomasello Anthony J,VPOPS,M - OptEx,34.07,6716,245415,+3%,228836.0,1.0,0.0,-2.0,-7.0,SRCL
802,D,2004-03-04 10:27:50,2004-03-02,SRCL,Tomasello Anthony J,VPOPS,M - OptEx,13.85,3156,238699,+1%,43723.0,0.0,-1.0,2.0,2.0,SRCL
803,D,2004-02-18 17:20:27,2004-02-17,SRCL,Kogler Richard T,COO,F - Tax,47.85,-1812,47424,-4%,-86704.0,-1.0,-4.0,-1.0,-5.0,SRCL
804,D,2004-02-18 17:20:27,2004-02-17,SRCL,Kogler Richard T,COO,M - OptEx,7.16,12098,47424,+34%,86669.0,-1.0,-4.0,-1.0,-5.0,SRCL
805,D,2004-02-18 17:19:32,2004-02-17,SRCL,Ten Brink Frank Jm,CFO,F - Tax,47.85,-3125,61458,-5%,-149531.0,-1.0,-4.0,-1.0,-5.0,SRCL
806,D,2004-02-18 17:19:32,2004-02-17,SRCL,Ten Brink Frank Jm,CFO,M - OptEx,5.13,45819,61458,+293%,234823.0,-1.0,-4.0,-1.0,-5.0,SRCL
807,D,2004-02-18 17:19:32,2004-02-17,SRCL,Ten Brink Frank Jm,CFO,S - Sale+OE,47.51,-20601,61458,-25%,-978828.0,-1.0,-4.0,-1.0,-5.0,SRCL
808,D,2004-02-17 16:29:43,2004-02-13,SRCL,Kogler Richard T,COO,M - OptEx,14.91,41795,37138,-897%,623084.0,1.0,-3.0,-3.0,-3.0,SRCL
809,D,2004-02-17 16:29:43,2004-02-13,SRCL,Kogler Richard T,COO,S - Sale+OE,48.79,-49895,37138,-57%,-2434567.0,1.0,-3.0,-3.0,-3.0,SRCL
810,D,2004-02-04 08:49:13,2004-02-02,SRCL,Tomasello Anthony J,VPOPS,M - OptEx,24.04,5942,235543,+3%,142870.0,1.0,7.0,6.0,9.0,SRCL
811,,2004-01-16 12:52:58,2004-01-14,SRCL,Connaughton John,Dir,C - Converted deriv,0.0,643701,0,-100%,0.0,-1.0,-5.0,5.0,14.0,SRCL
812,,2004-01-16 12:52:58,2004-01-14,SRCL,Connaughton John,Dir,S - Sale,45.1,-643701,0,-100%,-29030915.0,-1.0,-5.0,5.0,14.0,SRCL
813,,2004-01-16 12:52:15,2004-01-14,SRCL,Reusche Thomas R,Dir,C - Converted deriv,0.0,656299,0,-100%,0.0,-1.0,-5.0,5.0,14.0,SRCL
814,,2004-01-16 12:52:15,2004-01-14,SRCL,Reusche Thomas R,Dir,S - Sale,45.1,-656299,0,-100%,-29599085.0,-1.0,-5.0,5.0,14.0,SRCL
815,D,2004-01-08 14:09:50,2004-01-07,SRCL,Tomasello Anthony J,VPOPS,M - OptEx,9.11,8660,229601,+4%,78887.0,-1.0,3.0,1.0,14.0,SRCL
816,D,2003-12-16 17:20:07,2003-12-12,SRCL,Schuler Jack W,COB,A - Grant,9.38,19752,1465645,+1%,185250.0,3.0,6.0,1.0,12.0,SRCL
817,D,2003-12-11 08:00:56,2003-12-10,SRCL,Tomasello Anthony J,VPOPS,M - OptEx,22.55,5078,220941,+2%,114506.0,0.0,4.0,4.0,9.0,SRCL
818,A,2003-12-04 11:33:48,2003-11-26,SRCL,Patience John,Dir,S - Sale,48.15,-20510,68129,-23%,-987575.0,-2.0,-6.0,0.0,-3.0,SRCL
819,M,2003-11-28 10:18:38,2003-11-25,SRCL,Patience John,Dir,S - Sale,48.19,-22210,68629,-24%,-1070392.0,2.0,-5.0,-2.0,-5.0,SRCL
820,D,2003-11-24 19:49:32,2003-11-21,SRCL,Graham Patrick F,Dir,M - OptEx,36.48,5000,0,-100%,182400.0,0.0,1.0,-2.0,-3.0,SRCL
821,D,2003-11-24 19:49:32,2003-11-21,SRCL,Graham Patrick F,Dir,S - Sale+OE,47.8,-5000,0,-100%,-238980.0,0.0,1.0,-2.0,-3.0,SRCL
822,,2003-11-24 19:21:58,2003-11-24,SRCL,Patience John,Dir,S - Sale,48.29,-77290,90839,-46%,-3732419.0,0.0,1.0,-2.0,-3.0,SRCL
823,M,2003-11-13 17:44:50,2003-11-10,SRCL,Vardy Peter,Dir,S - Sale,48.0,-10000,100000,-9%,-480018.0,-1.0,1.0,-9.0,-4.0,SRCL
824,,2003-11-12 07:48:58,2003-11-10,SRCL,Ten Brink Frank Jm,CFO,S - Sale,47.21,-5200,39300,-12%,-245492.0,2.0,3.0,-7.0,-1.0,SRCL
825,,2003-11-10 10:36:04,2003-11-07,SRCL,Vardy Peter,Dir,S - Sale,48.0,-10000,110000,-8%,-480000.0,1.0,2.0,-3.0,-1.0,SRCL
826,,2003-11-07 08:17:23,2003-11-06,SRCL,Vardy Peter,Dir,S - Sale,47.0,-7900,120000,-6%,-371300.0,1.0,4.0,-2.0,1.0,SRCL
827,,2003-11-06 10:57:18,2003-11-04,SRCL,Vardy Peter,Dir,G - Gift,0.0,-2100,127900,-2%,-0.0,2.0,5.0,0.0,4.0,SRCL
828,D,2003-11-05 08:16:08,2003-11-04,SRCL,Ten Brink Frank Jm,CFO,M - OptEx,12.58,34239,44500,+334%,430878.0,-1.0,2.0,0.0,5.0,SRCL
829,D,2003-11-05 08:16:08,2003-11-04,SRCL,Ten Brink Frank Jm,CFO,S - Sale+OE,46.4,-48039,44500,-52%,-2229019.0,-1.0,2.0,0.0,5.0,SRCL
830,D,2003-11-05 08:15:47,2003-11-04,SRCL,Kogler Richard T,COO,M - OptEx,7.25,32455,45238,+254%,235367.0,-1.0,2.0,0.0,5.0,SRCL
831,D,2003-11-05 08:15:47,2003-11-04,SRCL,Kogler Richard T,COO,S - Sale+OE,47.19,-45715,45238,-50%,-2157199.0,-1.0,2.0,0.0,5.0,SRCL
832,D,2003-11-05 08:15:22,2003-11-03,SRCL,Tomasello Anthony J,VPOPS,M - OptEx,10.81,7389,215863,+4%,79850.0,-1.0,2.0,0.0,5.0,SRCL
833,D,2003-09-22 10:41:35,2003-09-19,SRCL,Kogler Richard T,COO,F - Tax,48.92,-740,58498,-1%,-36201.0,-1.0,-3.0,-1.0,-4.0,SRCL
834,D,2003-09-22 10:41:35,2003-09-19,SRCL,Kogler Richard T,COO,M - OptEx,7.56,4827,58498,+9%,36496.0,-1.0,-3.0,-1.0,-4.0,SRCL
835,,2003-08-20 10:41:17,2003-08-12,SRCL,Patience John,Dir,G - Gift,0.0,-1000,168129,-1%,-0.0,0.0,-1.0,0.0,-1.0,SRCL
836,,2003-08-13 11:27:15,2003-08-11,SRCL,Tomasello Anthony J,VP,S - Sale,46.0,-5526,208474,-3%,-254196.0,1.0,2.0,-1.0,4.0,SRCL
837,,2003-08-06 10:12:54,2003-08-05,SRCL,Tomasello Anthony J,VP,S - Sale,46.28,-19700,214000,-8%,-911638.0,-3.0,4.0,8.0,-1.0,SRCL
