,X,Filing Date,Trade Date,Ticker,Insider Name,Title,Trade Type,Price,Qty,Owned,ΔOwn,Value,1d,1w,1m,6m,ticker
0,,2022-03-11 18:39:46,2022-03-11,DVN,Ritenour Jeffrey L,"EVP, CFO",S - Sale,$58.35,-55000,286017,-16%,"-$3,209,250",,,,,DVN
1,,2022-03-10 17:11:12,2022-03-09,DVN,Muncrief Richard E,"Pres, CEO",F - Tax,$58.94,-15436,2002708,-1%,"-$909,798",,,,,DVN
2,,2022-03-10 17:05:42,2022-03-09,DVN,Gaspar Clay M,"EVP, COO",F - Tax,$58.94,-6704,795202,-1%,"-$395,134",,,,,DVN
3,,2022-03-10 17:01:06,2022-03-09,DVN,Cameron Dennis C,"EVP, GC",F - Tax,$58.94,-2647,288949,-1%,"-$156,014",,,,,DVN
4,,2022-03-07 17:14:15,2022-03-04,DVN,Fox Ann G,Dir,S - Sale,$58.67,-9027,26056,-26%,"-$529,614",,,,,DVN
5,M,2022-03-07 17:09:36,2022-03-04,DVN,Humphers Jeremy D.,SVP-Chief Accounting Officer,S - Sale,$60.98,-40000,105389,-28%,"-$2,439,380",,,,,DVN
6,M,2022-03-03 17:07:41,2022-03-01,DVN,Muncrief Richard E,"Pres, CEO",F - Tax,$59.17,-182237,2018144,-8%,"-$10,783,856",,,,,DVN
7,M,2022-03-03 17:06:19,2022-03-01,DVN,Gaspar Clay M,"EVP, COO",F - Tax,$59.18,-80055,801906,-9%,"-$4,737,315",,,,,DVN
8,M,2022-03-03 17:04:46,2022-03-01,DVN,Cameron Dennis C,"EVP, GC",F - Tax,$59.16,-31087,291596,-10%,"-$1,838,971",,,,,DVN
9,,2022-03-02 17:03:04,2022-03-01,DVN,Cashion Tana K,"EVP HR, Admin",S - Sale,$58.41,-17455,65000,-21%,"-$1,019,547",,,,,DVN
10,D,2022-02-23 18:15:45,2022-02-22,DVN,Cameron Dennis C,"EVP, GC",M - OptEx,$31.76,8626,322683,+3%,"+$274,003",,,,,DVN
11,D,2022-02-23 18:15:45,2022-02-22,DVN,Cameron Dennis C,"EVP, GC",S - Sale+OE,$53.68,-8626,322683,-3%,"-$463,070",,,,,DVN
12,,2022-02-14 08:47:10,2022-02-10,DVN,Cameron Dennis C,"EVP, GC",A - Grant,$0.00,15320,322683,+5%,+$0,,,,,DVN
13,,2022-02-14 08:47:10,2022-02-10,DVN,Cameron Dennis C,"EVP, GC",F - Tax,$52.22,-3353,322683,-1%,"-$175,094",,,,,DVN
14,,2022-02-14 08:44:21,2022-02-10,DVN,Gaspar Clay M,"EVP, COO",A - Grant,$0.00,29108,881961,+3%,+$0,,,,,DVN
15,,2022-02-14 08:44:21,2022-02-10,DVN,Gaspar Clay M,"EVP, COO",F - Tax,$52.22,-8494,881961,-1%,"-$443,557",,,,,DVN
16,,2022-02-14 08:41:25,2022-02-10,DVN,Muncrief Richard E,"Pres, CEO",A - Grant,$0.00,67025,2200381,+3%,+$0,,,,,DVN
17,,2022-02-14 08:41:25,2022-02-10,DVN,Muncrief Richard E,"Pres, CEO",F - Tax,$52.22,-19558,2200381,-1%,"-$1,021,319",,,,,DVN
18,,2022-02-14 08:37:53,2022-02-10,DVN,Hager David A,Exec Chair,A - Grant,$0.00,5745,962415,+1%,+$0,,,,,DVN
19,,2022-02-14 08:37:53,2022-02-10,DVN,Hager David A,Exec Chair,F - Tax,$52.22,-201328,962415,-17%,"-$10,513,348",,,,,DVN
20,,2022-02-14 08:32:53,2022-02-10,DVN,Harris David Gerard,EVP Chief Corp Develop Officer,A - Grant,$0.00,24512,203746,+14%,+$0,,,,,DVN
21,,2022-02-14 08:32:53,2022-02-10,DVN,Harris David Gerard,EVP Chief Corp Develop Officer,F - Tax,$52.22,-36956,203746,-15%,"-$1,929,842",,,,,DVN
22,,2022-02-14 08:27:16,2022-02-10,DVN,Cashion Tana K,"EVP HR, Admin",A - Grant,$0.00,12256,82455,+17%,+$0,,,,,DVN
23,,2022-02-14 08:27:16,2022-02-10,DVN,Cashion Tana K,"EVP HR, Admin",F - Tax,$52.22,-28298,82455,-26%,"-$1,477,722",,,,,DVN
24,,2022-02-14 08:22:59,2022-02-10,DVN,Humphers Jeremy D.,SVP-Chief Accounting Officer,A - Grant,$0.00,6703,145389,+5%,+$0,,,,,DVN
25,,2022-02-14 08:22:59,2022-02-10,DVN,Humphers Jeremy D.,SVP-Chief Accounting Officer,F - Tax,$52.22,-25526,145389,-15%,"-$1,332,968",,,,,DVN
26,,2022-02-14 08:15:17,2022-02-10,DVN,Ritenour Jeffrey L,"EVP, CFO",A - Grant,$0.00,24512,341017,+8%,+$0,,,,,DVN
27,,2022-02-14 08:15:17,2022-02-10,DVN,Ritenour Jeffrey L,"EVP, CFO",F - Tax,$52.22,-63849,341017,-16%,"-$3,334,195",,,,,DVN
28,,2022-01-31 08:50:43,2022-01-27,DVN,Harris David Gerard,EVP Chief Corp Develop Officer,A - Grant,$0.00,47170,216190,+28%,+$0,,,,,DVN
29,,2022-01-31 08:47:08,2022-01-27,DVN,Hager David A,Exec Chair,A - Grant,$0.00,334120,1157998,+41%,+$0,,,,,DVN
30,,2022-01-31 08:44:20,2022-01-27,DVN,Cashion Tana K,"SVP HR, Admin",A - Grant,$0.00,43240,98497,+78%,+$0,,,,,DVN
31,,2022-01-31 08:40:22,2022-01-27,DVN,Humphers Jeremy D.,SVP-Chief Accounting Officer,A - Grant,$0.00,43240,164212,+36%,+$0,,,,,DVN
32,,2022-01-31 08:35:02,2022-01-27,DVN,Ritenour Jeffrey L,"EVP, CFO",A - Grant,$0.00,98272,380354,+35%,+$0,,,,,DVN
33,,2021-12-15 16:30:45,2021-12-14,DVN,Humphers Jeremy D.,SVP Chief Accounting Officer,S - Sale,$40.64,-2000,120972,-2%,"-$81,280",,,,,DVN
34,,2021-12-15 16:30:39,2021-12-14,DVN,Cashion Tana K,"SVP HR, Admin",S - Sale,$40.13,-41883,55257,-43%,"-$1,680,765",,,,,DVN
35,M,2021-12-10 16:30:16,2021-12-09,DVN,Cameron Dennis C,"EVP, GC",S - Sale,$42.11,-6871,310716,-2%,"-$289,371",,,,,DVN
36,,2021-11-10 16:49:05,2021-11-08,DVN,Gaspar Clay M,"EVP, COO",G - Gift,$0.00,-23092,861347,-3%,-$0,,,,,DVN
37,,2021-11-10 16:49:05,2021-11-08,DVN,Gaspar Clay M,"EVP, COO",S - Sale,$44.28,-61053,861347,-7%,"-$2,703,427",,,,,DVN
38,,2021-06-10 16:33:24,2021-06-09,DVN,Williams Valerie,Dir,A - Grant,$0.00,7685,33697,+30%,+$0,,,,,DVN
39,,2021-06-10 16:30:17,2021-06-09,DVN,Radtke Duane C,Dir,A - Grant,$0.00,7685,75521,+11%,+$0,,,,,DVN
40,,2021-06-10 16:24:49,2021-06-09,DVN,Mosbacher Robert A Jr,Dir,A - Grant,$0.00,7685,70992,+12%,+$0,,,,,DVN
41,,2021-06-10 16:16:44,2021-06-09,DVN,Kurz Karl F,Dir,A - Grant,$0.00,7685,68978,+13%,+$0,,,,,DVN
42,,2021-06-10 16:13:59,2021-06-09,DVN,Krenicki John,Dir,A - Grant,$0.00,7685,41214,+23%,+$0,,,,,DVN
43,,2021-06-10 16:11:26,2021-06-09,DVN,Kindick Kelt,Dir,A - Grant,$0.00,7685,71355,+12%,+$0,,,,,DVN
44,,2021-06-10 16:08:29,2021-06-09,DVN,Fox Ann G,Dir,A - Grant,$0.00,7685,35083,+28%,+$0,,,,,DVN
45,,2021-06-10 16:05:21,2021-06-09,DVN,Bethancourt John E,Dir,A - Grant,$0.00,7685,91552,+9%,+$0,,,,,DVN
46,,2021-06-10 16:02:28,2021-06-09,DVN,Baumann Barbara M,Dir,A - Grant,$0.00,7685,73102,+12%,+$0,,,,,DVN
47,,2021-06-04 17:41:30,2021-06-03,DVN,Cameron Dennis C,"EVP, GC",S - Sale,$31.26,-9632,317587,-3%,"-$301,096",,,,,DVN
48,M,2021-06-02 17:16:01,2021-03-26,DVN,Humphers Jeremy D.,SVP-Chief Accounting Officer,G - Gift,$0.00,-39950,122972,+48%,-$0,,,,,DVN
49,,2021-06-02 17:16:01,2021-06-01,DVN,Humphers Jeremy D.,SVP-Chief Accounting Officer,S - Sale,$29.78,-1500,122972,-1%,"-$44,670",,,,,DVN
50,,2021-05-12 07:52:44,2021-05-10,DVN,Ritenour Jeffrey L,"EVP, CFO",F - Tax,$26.01,-2014,282082,-1%,"-$52,384",,,,,DVN
51,,2021-03-12 11:47:17,2021-03-10,DVN,Kindick Kelt,Dir,S - Sale,$23.83,-23242,63670,-27%,"-$553,857",,,,,DVN
52,,2021-03-12 11:39:49,2021-03-10,DVN,Muncrief Richard E,"Pres, CEO",F - Tax,$23.83,-15523,2152914,-1%,"-$369,913",,,,,DVN
53,,2021-03-12 11:36:01,2021-03-11,DVN,Gaspar Clay M,"EVP, COO",F - Tax,$23.83,-5982,945492,-1%,"-$142,551",,,,,DVN
54,,2021-03-12 11:32:28,2021-03-11,DVN,Cameron Dennis C,"EVP, GC",F - Tax,$23.83,-2661,327219,-1%,"-$63,412",,,,,DVN
55,A,2021-03-12 11:15:10,2021-01-07,DVN,Kindick Kelt,Dir,A - Grant,$0.00,86912,86912,New,+$0,,,,,DVN
56,,2021-03-04 13:47:22,2021-03-02,DVN,Cameron Dennis C,"EVP, GC",F - Tax,$22.48,-21185,329880,-6%,"-$476,239",,,,,DVN
57,,2021-03-04 13:43:51,2021-03-02,DVN,Muncrief Richard E,"Pres, CEO",F - Tax,$22.48,-151791,2168437,-7%,"-$3,412,262",,,,,DVN
58,,2021-03-04 13:39:16,2021-03-02,DVN,Gaspar Clay M,"EVP, COO",F - Tax,$22.48,-60806,951474,-6%,"-$1,366,919",,,,,DVN
59,,2021-03-03 14:23:42,2021-03-01,DVN,Humphers Jeremy D.,SVP-Chief Accounting Officer,D - Sale to issuer,$22.39,-1500,124472,-1%,"-$33,585",,,,,DVN
60,,2021-03-03 14:23:42,2021-03-01,DVN,Humphers Jeremy D.,SVP-Chief Accounting Officer,G - Gift,$0.00,-3000,124472,+2%,-$0,,,,,DVN
61,,2021-03-03 14:15:23,2021-03-01,DVN,Muncrief Richard E,"Pres, CEO",F - Tax,$22.40,-13506,2320228,-1%,"-$302,534",,,,,DVN
62,,2021-03-03 14:10:52,2021-03-01,DVN,Gaspar Clay M,"EVP, COO",F - Tax,$22.40,-7053,1012280,-1%,"-$157,987",,,,,DVN
63,,2021-03-03 14:04:03,2021-03-01,DVN,Cameron Dennis C,"EVP, GC",F - Tax,$22.40,-4216,351065,-1%,"-$94,438",,,,,DVN
64,A,2021-03-03 13:03:18,2021-01-07,DVN,Gaspar Clay M,"EVP, COO",A - Grant,$0.00,942292,942292,New,+$0,,,,,DVN
65,,2021-02-24 20:55:30,2021-02-22,DVN,"Felix Investments Holdings Ii, LLC","Dir, 10%",S - Sale,$21.05,-29579389,43099884,-41%,"-$622,646,138",,,,,DVN
66,,2021-02-16 08:29:23,2021-02-11,DVN,Hager David A,Exec Chair,F - Tax,$19.73,-10378,823878,-1%,"-$204,758",,,,,DVN
67,,2021-02-11 16:10:54,2021-02-10,DVN,Cameron Dennis C,"EVP, GC",A - Grant,$0.00,30411,355281,+9%,+$0,,,,,DVN
68,,2021-02-11 16:01:47,2021-02-10,DVN,Gaspar Clay M,"EVP, COO",A - Grant,$0.00,77041,1019334,+8%,+$0,,,,,DVN
69,,2021-02-11 15:58:55,2021-02-10,DVN,Muncrief Richard E,"Pres, CEO",A - Grant,$0.00,177395,2333734,+8%,+$0,,,,,DVN
70,,2021-02-11 15:55:27,2021-02-10,DVN,Ritenour Jeffrey L,"EVP, CFO",A - Grant,$0.00,50685,284096,+22%,+$0,,,,,DVN
71,,2021-02-11 15:55:27,2021-02-10,DVN,Ritenour Jeffrey L,"EVP, CFO",F - Tax,$19.73,-28744,284096,-9%,"-$567,119",,,,,DVN
72,,2021-02-11 15:51:51,2021-02-10,DVN,Humphers Jeremy D.,SVP-Chief Accounting Officer,A - Grant,$0.00,17740,125972,+16%,+$0,,,,,DVN
73,,2021-02-11 15:51:51,2021-02-10,DVN,Humphers Jeremy D.,SVP-Chief Accounting Officer,F - Tax,$19.73,-14718,125972,-10%,"-$290,386",,,,,DVN
74,,2021-02-11 15:48:38,2021-02-10,DVN,Harris David Gerard,EVP Chief Corp Develop Officer,A - Grant,$0.00,50685,169020,+43%,+$0,,,,,DVN
75,,2021-02-11 15:48:38,2021-02-10,DVN,Harris David Gerard,EVP Chief Corp Develop Officer,F - Tax,$19.73,-19528,169020,-10%,"-$385,287",,,,,DVN
76,,2021-02-11 15:46:00,2021-02-10,DVN,Cashion Tana K,"SVP HR, Admin",A - Grant,$0.00,22302,97140,+30%,+$0,,,,,DVN
77,,2021-02-11 15:46:00,2021-02-10,DVN,Cashion Tana K,"SVP HR, Admin",F - Tax,$19.73,-10767,97140,-10%,"-$212,433",,,,,DVN
78,,2021-02-11 15:42:55,2021-02-10,DVN,Hager David A,Exec Chair,A - Grant,$0.00,15206,834256,+2%,+$0,,,,,DVN
79,,2021-02-11 15:42:55,2021-02-10,DVN,Hager David A,Exec Chair,F - Tax,$19.73,-100011,834256,-11%,"-$1,973,217",,,,,DVN
80,,2021-01-11 19:02:44,2021-01-07,DVN,Williams Valerie,Dir,A - Grant,$0.00,26012,26012,New,+$0,,,,,DVN
81,,2021-01-11 19:02:16,2021-01-07,DVN,Phillips D Martin,Dir,A - Grant,$0.00,14536,14536,New,+$0,,,,,DVN
82,D,2021-01-11 19:00:20,2021-01-07,DVN,Muncrief Richard E,"Pres, CEO",A - Grant,$0.00,2156339,2156339,New,+$0,,,,,DVN
83,,2021-01-11 18:54:05,2021-01-07,DVN,Kurz Karl F,Dir,A - Grant,$0.00,61293,61293,New,+$0,,,,,DVN
84,,2021-01-11 18:53:33,2021-01-07,DVN,Kindick Kelt,Dir,A - Grant,$0.00,86912,86912,New,+$0,,,,,DVN
85,,2021-01-11 18:52:48,2021-01-07,DVN,Gaspar Clay M,"EVP, COO",A - Grant,$0.00,942293,942293,New,+$0,,,,,DVN
86,D,2021-01-11 18:51:33,2021-01-07,DVN,Cameron Dennis C,"EVP, GC",A - Grant,$0.00,324870,324870,New,+$0,,,,,DVN
87,,2021-01-06 16:53:35,2021-01-04,DVN,Taylor Lyndon C,"EVP Chief Legal, Adm Officer",A - Grant,$0.00,31442,183057,+21%,+$0,,,,,DVN
88,,2021-01-06 16:48:54,2021-01-04,DVN,Ritenour Jeffrey L,"EVP, CFO",A - Grant,$0.00,27669,262155,+12%,+$0,,,,,DVN
89,,2021-01-06 16:46:23,2021-01-04,DVN,Humphers Jeremy D.,SVP-Chief Accounting Officer,A - Grant,$0.00,15372,122950,+14%,+$0,,,,,DVN
90,,2021-01-06 16:43:00,2021-01-04,DVN,Harris David Gerard,"EVP Exploration, Production",A - Grant,$0.00,16770,137863,+14%,+$0,,,,,DVN
91,,2021-01-06 16:35:12,2021-01-04,DVN,Hager David A,"Pres, CEO",A - Grant,$0.00,106903,919061,+13%,+$0,,,,,DVN
92,,2021-01-06 16:31:31,2021-01-04,DVN,Cashion Tana K,SVP HR,A - Grant,$0.00,15372,85605,+22%,+$0,,,,,DVN
93,A,2020-12-08 16:36:57,2019-06-05,DVN,Krenicki John,Dir,A - Grant,$0.00,9027,15158,+147%,+$0,,,,,DVN
94,A,2020-12-08 16:36:57,2018-11-26,DVN,Krenicki John,Dir,S - Sale,$27.05,-593,15158,-4%,"-$16,041",,,,,DVN
95,,2020-12-03 12:21:35,2020-12-01,DVN,Humphers Jeremy D.,SVP-Chief Accounting Officer,G - Gift,$0.00,-3000,107578,+3%,-$0,,,,,DVN
96,,2020-12-03 12:21:35,2020-12-01,DVN,Humphers Jeremy D.,SVP-Chief Accounting Officer,S - Sale,$14.12,-1500,107578,-1%,"-$21,180",,,,,DVN
97,M,2020-09-03 14:46:38,2020-04-14,DVN,Humphers Jeremy D.,SVP-Chief Accounting Officer,G - Gift,$0.00,-37050,109079,+51%,-$0,,,,,DVN
98,,2020-09-03 14:46:38,2020-09-01,DVN,Humphers Jeremy D.,SVP-Chief Accounting Officer,S - Sale,$10.82,-1500,109079,-1%,"-$16,230",,,,,DVN
99,,2020-06-04 15:13:20,2020-06-03,DVN,Ricciardello Mary P,Dir,A - Grant,$0.00,18371,69592,+36%,+$0,,,,,DVN
100,,2020-06-04 15:08:10,2020-06-03,DVN,Rattie Keith O,Dir,A - Grant,$0.00,18371,47398,+63%,+$0,,,,,DVN
101,,2020-06-04 15:05:12,2020-06-03,DVN,Radtke Duane C,Dir,A - Grant,$0.00,18371,67836,+37%,+$0,,,,,DVN
102,,2020-06-04 15:02:37,2020-06-03,DVN,Mosbacher Robert A Jr,Dir,A - Grant,$0.00,18371,63307,+41%,+$0,,,,,DVN
103,,2020-06-04 14:59:37,2020-06-03,DVN,Krenicki John,Dir,A - Grant,$0.00,18371,34122,+117%,+$0,,,,,DVN
104,,2020-06-04 14:57:15,2020-06-03,DVN,Kanovsky Michael M,Dir,A - Grant,$0.00,18371,184888,+11%,+$0,,,,,DVN
105,,2020-06-04 14:53:21,2020-06-03,DVN,Henry Robert H.,Dir,A - Grant,$0.00,18371,48753,+60%,+$0,,,,,DVN
106,,2020-06-04 14:50:52,2020-06-03,DVN,Fox Ann G,Dir,A - Grant,$0.00,18371,27398,+204%,+$0,,,,,DVN
107,,2020-06-04 14:48:31,2020-06-03,DVN,Bethancourt John E,Dir,A - Grant,$0.00,18371,83867,+28%,+$0,,,,,DVN
108,,2020-06-04 14:45:46,2020-06-03,DVN,Baumann Barbara M,Dir,A - Grant,$0.00,18371,65417,+39%,+$0,,,,,DVN
109,,2020-06-02 16:25:28,2020-06-01,DVN,Humphers Jeremy D.,SVP-Chief Accounting Officer,G - Gift,$0.00,-3000,110579,+3%,-$0,,,,,DVN
110,,2020-06-02 16:25:28,2020-06-01,DVN,Humphers Jeremy D.,SVP-Chief Accounting Officer,S - Sale,$11.47,-1500,110579,-1%,"-$17,205",,,,,DVN
111,,2020-05-12 15:41:01,2020-05-11,DVN,Ritenour Jeffrey L,"EVP, CFO",F - Tax,$12.46,-2014,234645,-1%,"-$25,094",,,,,DVN
112,M,2020-03-10 11:38:55,2020-03-06,DVN,Rattie Keith O,Dir,P - Purchase,$11.53,20000,29027,+222%,"+$230,500",,,,,DVN
113,,2020-03-04 11:53:03,2020-03-02,DVN,Taylor Lyndon C,"EVP Chief Legal, Adm Officer",F - Tax,$16.31,-4424,151615,-3%,"-$72,155",,,,,DVN
114,,2020-03-04 11:29:20,2020-03-02,DVN,Harris David Gerard,"EVP Exploration, Production",F - Tax,$16.31,-2308,121093,-2%,"-$37,643",,,,,DVN
115,,2020-03-04 11:05:09,2020-03-02,DVN,Hager David A,"Pres, CEO",F - Tax,$16.31,-16345,812158,-2%,"-$266,587",,,,,DVN
116,,2020-03-04 10:59:24,2020-03-02,DVN,Cashion Tana K,SVP HR,F - Tax,$16.31,-1019,70233,-1%,"-$16,620",,,,,DVN
117,,2020-03-04 10:30:19,2020-03-02,DVN,Ritenour Jeffrey L,"EVP, CFO",F - Tax,$16.31,-2501,236655,-1%,"-$40,791",,,,,DVN
118,,2020-03-04 10:24:05,2020-03-02,DVN,Humphers Jeremy D.,SVP-Chief Accounting Officer,F - Tax,$16.31,-1400,112079,-1%,"-$22,834",,,,,DVN
119,,2020-03-04 10:24:05,2020-03-02,DVN,Humphers Jeremy D.,SVP-Chief Accounting Officer,G - Gift,$0.00,-3000,112079,+3%,-$0,,,,,DVN
120,,2020-03-04 10:24:05,2020-03-02,DVN,Humphers Jeremy D.,SVP-Chief Accounting Officer,S - Sale,$15.89,-1500,112079,-1%,"-$23,835",,,,,DVN
121,,2020-02-12 15:09:46,2020-02-10,DVN,Humphers Jeremy D.,SVP-Chief Accounting Officer,A - Grant,$0.00,22183,114979,+24%,+$0,,,,,DVN
122,,2020-02-12 15:09:46,2020-02-10,DVN,Humphers Jeremy D.,SVP-Chief Accounting Officer,F - Tax,$22.54,-5888,114979,-5%,"-$132,716",,,,,DVN
123,,2020-02-12 14:54:17,2020-02-10,DVN,Harris David Gerard,"EVP Exploration, Production",A - Grant,$0.00,55457,123401,+82%,+$0,,,,,DVN
124,,2020-02-12 14:54:17,2020-02-10,DVN,Harris David Gerard,"EVP Exploration, Production",F - Tax,$22.54,-6348,123401,-5%,"-$143,084",,,,,DVN
125,,2020-02-12 14:26:52,2020-02-10,DVN,Hager David A,"Pres, CEO",A - Grant,$0.00,188554,828503,+29%,+$0,,,,,DVN
126,,2020-02-12 14:26:52,2020-02-10,DVN,Hager David A,"Pres, CEO",F - Tax,$22.54,-60334,828503,-7%,"-$1,359,928",,,,,DVN
127,,2020-02-12 14:17:42,2020-02-10,DVN,Cashion Tana K,SVP HR,A - Grant,$0.00,24402,71252,+52%,+$0,,,,,DVN
128,,2020-02-12 14:17:42,2020-02-10,DVN,Cashion Tana K,SVP HR,F - Tax,$22.54,-5657,71252,-7%,"-$127,509",,,,,DVN
129,,2020-02-12 14:10:26,2020-02-10,DVN,Ritenour Jeffrey L,"EVP, CFO",A - Grant,$0.00,55457,239155,+30%,+$0,,,,,DVN
130,,2020-02-12 14:10:26,2020-02-10,DVN,Ritenour Jeffrey L,"EVP, CFO",F - Tax,$22.54,-9214,239155,-4%,"-$207,684",,,,,DVN
131,,2020-02-12 14:01:51,2020-02-10,DVN,Taylor Lyndon C,"EVP Chief Legal, Adm Officer",A - Grant,$0.00,55457,156039,+55%,+$0,,,,,DVN
132,,2020-02-12 14:01:51,2020-02-10,DVN,Taylor Lyndon C,"EVP Chief Legal, Adm Officer",F - Tax,$22.54,-12587,156039,-7%,"-$283,711",,,,,DVN
133,,2020-01-31 13:18:27,2020-01-30,DVN,Harris David Gerard,"EVP Exploration, Production",A - Grant,$0.00,7927,74292,+12%,+$0,,,,,DVN
134,,2020-01-31 13:11:21,2020-01-30,DVN,Hager David A,"Pres, CEO",A - Grant,$0.00,56155,700283,+9%,+$0,,,,,DVN
135,,2020-01-31 13:02:58,2020-01-30,DVN,Cashion Tana K,SVP HR,A - Grant,$0.00,6606,52507,+14%,+$0,,,,,DVN
136,,2020-01-31 12:57:15,2020-01-30,DVN,Ritenour Jeffrey L,"EVP, CFO",A - Grant,$0.00,7927,192909,+4%,+$0,,,,,DVN
137,,2020-01-31 12:39:47,2020-01-30,DVN,Taylor Lyndon C,"EVP Chief Legal, Adm Officer",A - Grant,$0.00,15195,113169,+16%,+$0,,,,,DVN
138,,2020-01-31 12:39:47,2019-09-11,DVN,Taylor Lyndon C,"EVP Chief Legal, Adm Officer",G - Gift,$0.00,-19410,113169,-15%,-$0,,,,,DVN
139,,2020-01-31 12:36:10,2020-01-30,DVN,Humphers Jeremy D.,SVP-Chief Accounting Officer,A - Grant,$0.00,7267,98684,+8%,+$0,,,,,DVN
140,M,2019-12-04 14:43:16,2019-09-03,DVN,Humphers Jeremy D.,SVP-Chief Accounting Officer,G - Gift,$0.00,-6000,91417,+7%,-$0,,,,,DVN
141,,2019-12-04 14:43:16,2019-12-02,DVN,Humphers Jeremy D.,SVP-Chief Accounting Officer,S - Sale,$22.01,-1500,91417,-2%,"-$33,015",,,,,DVN
142,,2019-09-04 14:22:00,2019-09-03,DVN,Humphers Jeremy D.,SVP-Chief Accounting Officer,S - Sale,$21.66,-1500,92917,-2%,"-$32,490",,,,,DVN
143,A,2019-08-14 15:28:33,2019-08-12,DVN,Hager David A,"Pres, CEO",F - Tax,$23.51,-3474,644128,-1%,"-$81,674",,,,,DVN
144,,2019-08-13 10:37:37,2019-08-12,DVN,Hager David A,"Pres, CEO",F - Tax,$24.05,-3474,644128,-1%,"-$83,550",,,,,DVN
145,,2019-06-06 16:40:42,2019-06-05,DVN,Rattie Keith O,Dir,A - Grant,$0.00,9027,9027,New,+$0,,,,,DVN
146,,2019-06-06 16:36:40,2019-06-05,DVN,Bethancourt John E,Dir,A - Grant,$0.00,9027,65496,+16%,+$0,,,,,DVN
147,,2019-06-06 16:34:17,2019-06-05,DVN,Ricciardello Mary P,Dir,A - Grant,$0.00,9027,51221,+21%,+$0,,,,,DVN
148,,2019-06-06 16:32:38,2019-06-05,DVN,Baumann Barbara M,Dir,A - Grant,$0.00,9027,47046,+24%,+$0,,,,,DVN
149,,2019-06-06 16:29:47,2019-06-05,DVN,Radtke Duane C,Dir,A - Grant,$0.00,9027,49465,+22%,+$0,,,,,DVN
150,,2019-06-06 16:24:10,2019-06-05,DVN,Fox Ann G,Dir,A - Grant,$0.00,9027,9027,New,+$0,,,,,DVN
151,,2019-06-06 16:18:00,2019-06-05,DVN,Krenicki John,Dir,A - Grant,$0.00,9027,15751,+134%,+$0,,,,,DVN
152,,2019-06-06 16:15:48,2019-06-05,DVN,Mosbacher Robert A Jr,Dir,A - Grant,$0.00,9027,44936,+25%,+$0,,,,,DVN
153,,2019-06-06 16:13:41,2019-06-05,DVN,Kanovsky Michael M,Dir,A - Grant,$0.00,9027,166517,+6%,+$0,,,,,DVN
154,,2019-06-06 16:11:30,2019-06-05,DVN,Henry Robert H.,Dir,A - Grant,$0.00,9027,30382,+42%,+$0,,,,,DVN
155,,2019-06-06 16:05:58,2019-06-06,DVN,Humphers Jeremy D.,SVP-Chief Accounting Officer,G - Gift,$0.00,-75878,94417,+409%,-$0,,,,,DVN
156,,2019-06-06 16:05:58,2019-06-04,DVN,Humphers Jeremy D.,SVP-Chief Accounting Officer,S - Sale,$25.40,-4000,94417,-4%,"-$101,600",,,,,DVN
157,,2019-05-13 15:50:57,2019-05-10,DVN,Ritenour Jeffrey L,"EVP, CFO",F - Tax,$31.31,-1851,184982,-1%,"-$57,955",,,,,DVN
158,,2019-03-05 11:12:06,2019-03-01,DVN,Humphers Jeremy D.,SVP-Chief Accounting Officer,F - Tax,$30.15,-1400,98417,-1%,"-$42,210",,,,,DVN
159,,2019-03-05 10:51:54,2019-03-01,DVN,Ritenour Jeffrey L,"EVP, CFO",F - Tax,$30.15,-1655,186833,-1%,"-$49,898",,,,,DVN
160,,2019-03-05 10:41:48,2019-03-01,DVN,Vaughn Tony D.,COO,F - Tax,$30.15,-5769,293216,-2%,"-$173,935",,,,,DVN
161,,2019-03-05 10:31:44,2019-03-01,DVN,Hager David A,"Pres, CEO",F - Tax,$30.15,-16345,647602,-2%,"-$492,802",,,,,DVN
162,,2019-03-05 10:14:10,2019-03-01,DVN,Taylor Lyndon C,EVP GC,F - Tax,$30.15,-4295,117384,-4%,"-$129,494",,,,,DVN
163,,2019-02-28 14:35:54,2019-02-27,DVN,Henry Robert H.,Dir,P - Purchase,$30.01,11651,21355,+120%,"+$349,647",,,,,DVN
164,,2019-02-13 14:20:17,2019-02-11,DVN,Hager David A,"Pres, CEO",A - Grant,$0.00,167060,663947,+34%,+$0,,,,,DVN
165,,2019-02-13 14:20:17,2019-02-11,DVN,Hager David A,"Pres, CEO",F - Tax,$25.44,-21381,663947,-3%,"-$543,933",,,,,DVN
166,,2019-02-13 14:10:08,2019-02-11,DVN,Taylor Lyndon C,EVP GC,A - Grant,$0.00,49136,121679,+68%,+$0,,,,,DVN
167,,2019-02-13 14:10:08,2019-02-11,DVN,Taylor Lyndon C,EVP GC,F - Tax,$25.44,-5812,121679,-5%,"-$147,857",,,,,DVN
168,,2019-02-13 14:10:08,2018-12-11,DVN,Taylor Lyndon C,EVP GC,G - Gift,$0.00,-16868,121679,-12%,-$0,,,,,DVN
169,,2019-02-13 14:03:40,2019-02-11,DVN,Richels John,Dir,F - Tax,$25.44,-3262,686131,0%,"-$82,985",,,,,DVN
170,,2019-02-13 14:00:21,2019-02-11,DVN,Humphers Jeremy D.,SVP-Chief Accounting Officer,A - Grant,$0.00,21620,99817,+28%,+$0,,,,,DVN
171,,2019-02-13 14:00:21,2019-02-11,DVN,Humphers Jeremy D.,SVP-Chief Accounting Officer,F - Tax,$25.44,-2769,99817,-3%,"-$70,443",,,,,DVN
172,,2019-02-13 13:50:55,2019-02-11,DVN,Vaughn Tony D.,COO,A - Grant,$0.00,68790,298985,+30%,+$0,,,,,DVN
173,,2019-02-13 13:50:55,2019-02-11,DVN,Vaughn Tony D.,COO,F - Tax,$25.44,-7882,298985,-3%,"-$200,518",,,,,DVN
174,,2019-02-13 13:46:16,2019-02-11,DVN,Ritenour Jeffrey L,"EVP, CFO",A - Grant,$0.00,49136,188488,+35%,+$0,,,,,DVN
175,,2019-02-13 13:46:16,2019-02-11,DVN,Ritenour Jeffrey L,"EVP, CFO",F - Tax,$25.44,-3950,188488,-2%,"-$100,488",,,,,DVN
176,,2018-08-22 12:10:37,2018-08-21,DVN,Henry Robert H.,Dir,S - Sale,$42.14,-5600,9704,-37%,"-$235,984",,,,,DVN
177,,2018-08-13 14:59:40,2018-08-10,DVN,Hager David A,"Pres, CEO",F - Tax,$42.84,-3474,518268,-1%,"-$148,826",,,,,DVN
178,,2018-06-11 17:44:43,2018-06-11,DVN,Taylor Lyndon C,EVP GC,S - Sale,$42.09,-18357,95223,-16%,"-$772,646",,,,,DVN
179,,2018-06-11 12:09:01,2018-06-07,DVN,Bethancourt John E,Dir,P - Purchase,$41.90,12000,56469,+27%,"+$502,800",,,,,DVN
180,,2018-06-07 14:18:31,2018-06-06,DVN,Henry Robert H.,Dir,A - Grant,$0.00,5541,15304,+57%,+$0,,,,,DVN
181,,2018-06-07 13:38:44,2018-06-06,DVN,Kanovsky Michael M,Dir,A - Grant,$0.00,5541,157490,+4%,+$0,,,,,DVN
182,,2018-06-07 13:32:29,2018-06-06,DVN,Mosbacher Robert A Jr,Dir,A - Grant,$0.00,5541,35909,+18%,+$0,,,,,DVN
183,,2018-06-07 13:17:55,2018-06-06,DVN,Ricciardello Mary P,Dir,A - Grant,$0.00,5541,42194,+15%,+$0,,,,,DVN
184,,2018-06-07 13:10:57,2018-06-06,DVN,Radtke Duane C,Dir,A - Grant,$0.00,5541,40438,+16%,+$0,,,,,DVN
185,,2018-06-07 13:10:57,2018-02-27,DVN,Radtke Duane C,Dir,G - Gift,$0.00,-3000,40438,-7%,-$0,,,,,DVN
186,,2018-06-07 12:50:25,2018-06-06,DVN,Bethancourt John E,Dir,A - Grant,$0.00,5541,44469,+14%,+$0,,,,,DVN
187,,2018-06-07 12:42:42,2018-06-06,DVN,Richels John,Dir,A - Grant,$0.00,5541,689393,+1%,+$0,,,,,DVN
188,,2018-06-07 12:21:43,2018-06-06,DVN,Baumann Barbara M,Dir,A - Grant,$0.00,5541,38019,+17%,+$0,,,,,DVN
189,,2018-06-07 11:46:44,2018-06-06,DVN,Krenicki John,Dir,A - Grant,$0.00,5541,6724,+468%,+$0,,,,,DVN
190,,2018-05-14 13:35:20,2018-05-10,DVN,Ritenour Jeffrey L,"EVP, CFO",F - Tax,$40.89,-2014,143300,-1%,"-$82,352",,,,,DVN
191,,2018-03-05 16:52:35,2018-03-01,DVN,Ritenour Jeffrey L,"EVP, CFO",F - Tax,$30.54,-2501,145314,-2%,"-$76,381",,,,,DVN
192,,2018-03-05 16:44:23,2018-03-01,DVN,Humphers Jeremy D.,SVP-Chief Accounting Officer,F - Tax,$30.54,-1401,80966,-2%,"-$42,787",,,,,DVN
193,,2018-03-05 16:27:51,2018-03-01,DVN,Marcum R. Alan,EVP ADMINISTRATION,F - Tax,$30.54,-3462,163176,-2%,"-$105,729",,,,,DVN
194,,2018-03-05 16:24:19,2018-03-01,DVN,Taylor Lyndon C,EVP GC,F - Tax,$30.54,-4424,113772,-4%,"-$135,109",,,,,DVN
195,,2018-03-05 16:21:23,2018-03-01,DVN,Vaughn Tony D.,COO,F - Tax,$30.54,-5770,238077,-2%,"-$176,216",,,,,DVN
196,,2018-03-05 16:17:41,2018-03-01,DVN,Hager David A,"Pres, CEO",F - Tax,$30.54,-16345,521742,-3%,"-$499,176",,,,,DVN
197,,2018-02-14 11:44:42,2018-02-12,DVN,Richels John,Dir,F - Tax,$35.78,-24832,683852,-4%,"-$888,489",,,,,DVN
198,,2018-02-14 11:41:11,2018-02-12,DVN,Hager David A,"Pres, CEO",A - Grant,$0.00,118782,538087,+28%,+$0,,,,,DVN
199,,2018-02-14 11:41:11,2018-02-12,DVN,Hager David A,"Pres, CEO",F - Tax,$35.78,-29753,538087,-5%,"-$1,064,562",,,,,DVN
200,,2018-02-14 11:38:30,2018-02-12,DVN,Taylor Lyndon C,EVP GC,A - Grant,$0.00,34936,118043,+42%,+$0,,,,,DVN
201,,2018-02-14 11:38:30,2018-02-12,DVN,Taylor Lyndon C,EVP GC,F - Tax,$35.78,-11679,118043,-9%,"-$417,875",,,,,DVN
202,,2018-02-14 11:35:38,2018-02-12,DVN,Humphers Jeremy D.,SVP-Chief Accounting Officer,A - Grant,$0.00,15372,82367,+23%,+$0,,,,,DVN
203,,2018-02-14 11:35:38,2018-02-12,DVN,Humphers Jeremy D.,SVP-Chief Accounting Officer,F - Tax,$35.78,-4093,82367,-5%,"-$146,448",,,,,DVN
204,,2018-02-14 11:33:00,2018-02-12,DVN,Vaughn Tony D.,COO,A - Grant,$0.00,48911,243847,+25%,+$0,,,,,DVN
205,,2018-02-14 11:33:00,2018-02-12,DVN,Vaughn Tony D.,COO,F - Tax,$35.78,-15514,243847,-6%,"-$555,091",,,,,DVN
206,,2018-02-14 11:30:20,2018-02-12,DVN,Ritenour Jeffrey L,"EVP, CFO",A - Grant,$0.00,30744,148023,+26%,+$0,,,,,DVN
207,,2018-02-14 11:30:20,2018-02-12,DVN,Ritenour Jeffrey L,"EVP, CFO",F - Tax,$35.78,-5239,148023,-3%,"-$187,451",,,,,DVN
208,,2018-02-14 11:27:27,2018-02-12,DVN,Marcum R. Alan,EVP ADMINISTRATION,A - Grant,$0.00,25154,166638,+18%,+$0,,,,,DVN
209,,2018-02-14 11:27:27,2018-02-12,DVN,Marcum R. Alan,EVP ADMINISTRATION,F - Tax,$35.78,-8176,166638,-5%,"-$292,537",,,,,DVN
210,,2018-01-25 10:16:45,2018-01-23,DVN,Vaughn Tony D.,COO,A - Grant,$0.00,54106,210450,+35%,+$0,,,,,DVN
211,,2018-01-25 10:13:26,2018-01-23,DVN,Taylor Lyndon C,EVP GC,A - Grant,$0.00,39645,94786,+72%,+$0,,,,,DVN
212,,2018-01-25 10:08:52,2018-01-23,DVN,Ritenour Jeffrey L,"EVP, CFO",A - Grant,$0.00,26102,122518,+27%,+$0,,,,,DVN
213,,2018-01-25 10:05:52,2018-01-23,DVN,Marcum R. Alan,EVP ADMINISTRATION,A - Grant,$0.00,31036,149660,+26%,+$0,,,,,DVN
214,,2018-01-25 10:02:43,2018-01-23,DVN,Richels John,Dir,A - Grant,$0.00,32800,708684,+5%,+$0,,,,,DVN
215,,2018-01-25 09:59:17,2018-01-23,DVN,Humphers Jeremy D.,SVP-Chief Accounting Officer,A - Grant,$0.00,7276,71088,+11%,+$0,,,,,DVN
216,,2018-01-25 09:59:17,2017-12-28,DVN,Humphers Jeremy D.,SVP-Chief Accounting Officer,G - Gift,$0.00,-6000,71088,-8%,-$0,,,,,DVN
217,,2018-01-25 09:47:04,2018-01-23,DVN,Hager David A,"Pres, CEO",A - Grant,$0.00,120376,449058,+37%,+$0,,,,,DVN
218,,2017-12-18 14:01:28,2017-05-15,DVN,Taylor Lyndon C,EVP GC,G - Gift,$0.00,-500,55141,-1%,-$0,,,,,DVN
219,,2017-12-18 14:01:28,2017-12-14,DVN,Taylor Lyndon C,EVP GC,S - Sale,$38.29,-12798,55141,-19%,"-$490,035",,,,,DVN
220,,2017-08-11 11:56:35,2017-08-10,DVN,Hager David A,"Pres, CEO",F - Tax,$31.76,-3678,328682,-1%,"-$116,813",,,,,DVN
221,,2017-08-07 15:48:39,2017-08-04,DVN,Henry Robert H.,Dir,S - Sale,$33.35,-7045,9763,-42%,"-$234,967",,,,,DVN
222,,2017-06-13 14:46:22,2017-06-09,DVN,Richels John,Dir,A - Grant,$0.00,7060,675884,+1%,+$0,,,,,DVN
223,,2017-06-13 14:41:18,2017-06-09,DVN,Ricciardello Mary P,Dir,A - Grant,$0.00,7060,36653,+24%,+$0,,,,,DVN
224,,2017-06-13 14:36:01,2017-06-09,DVN,Radtke Duane C,Dir,A - Grant,$0.00,7060,37897,+23%,+$0,,,,,DVN
225,,2017-06-13 14:32:21,2017-06-09,DVN,Mosbacher Robert A Jr,Dir,A - Grant,$0.00,7060,30368,+30%,+$0,,,,,DVN
226,,2017-06-13 14:27:08,2017-06-09,DVN,Kanovsky Michael M,Dir,A - Grant,$0.00,7060,151949,+5%,+$0,,,,,DVN
227,,2017-06-13 14:21:34,2017-06-09,DVN,Henry Robert H.,Dir,A - Grant,$0.00,7060,16808,+72%,+$0,,,,,DVN
228,,2017-06-13 14:16:48,2017-06-09,DVN,Bethancourt John E,Dir,A - Grant,$0.00,7060,38928,+22%,+$0,,,,,DVN
229,,2017-06-13 14:08:37,2017-06-09,DVN,Baumann Barbara M,Dir,A - Grant,$0.00,7060,32478,+28%,+$0,,,,,DVN
230,,2017-04-25 09:50:28,2017-04-21,DVN,Mosbacher Robert A Jr,Dir,S - Sale,$39.18,-800,23308,-3%,"-$31,344",2.0,-1.0,,,DVN
231,,2017-03-02 15:48:32,2017-03-01,DVN,Vaughn Tony D.,COO,F - Tax,$44.63,-6107,156344,-4%,"-$272,555",-3.0,-9.0,-7.0,,DVN
232,,2017-03-02 15:45:33,2017-03-01,DVN,Taylor Lyndon C,EVP GC,F - Tax,$44.63,-4682,167498,-3%,"-$208,958",-3.0,-9.0,-7.0,,DVN
233,,2017-03-02 15:43:08,2017-03-01,DVN,Mitchell Thomas L,"EVP, CFO",F - Tax,$44.63,-4682,85771,-5%,"-$208,958",-3.0,-9.0,-7.0,,DVN
234,,2017-03-02 15:40:22,2017-03-01,DVN,Marcum R. Alan,EVP ADMINISTRATION,F - Tax,$44.63,-3664,118624,-3%,"-$163,524",-3.0,-9.0,-7.0,,DVN
235,,2017-03-02 15:37:25,2017-03-01,DVN,Humphers Jeremy D.,SVP-Chief Accounting Officer,F - Tax,$44.63,-1543,69812,-2%,"-$68,864",-3.0,-9.0,-7.0,,DVN
236,,2017-03-02 15:33:19,2017-03-01,DVN,Hager David A,"Pres, CEO",F - Tax,$44.63,-17303,332360,-5%,"-$772,233",-3.0,-9.0,-7.0,,DVN
237,,2017-03-01 14:54:42,2017-02-28,DVN,Mitchell Thomas L,"EVP, CFO",F - Tax,$43.36,-2002,90453,-2%,"-$86,807",3.0,0.0,-5.0,,DVN
238,,2017-02-14 13:28:48,2017-02-10,DVN,Vaughn Tony D.,COO,F - Tax,$45.41,-13793,162451,-8%,"-$626,340",1.0,0.0,-9.0,,DVN
239,,2017-02-14 13:23:58,2017-02-10,DVN,Taylor Lyndon C,EVP GC,F - Tax,$45.41,-12559,172180,-7%,"-$570,304",1.0,0.0,-9.0,,DVN
240,,2017-02-14 13:21:14,2017-02-10,DVN,Richels John,Dir,F - Tax,$45.41,-48143,668824,-7%,"-$2,186,174",1.0,0.0,-9.0,,DVN
241,,2017-02-14 13:17:37,2017-02-10,DVN,Mitchell Thomas L,"EVP, CFO",F - Tax,$45.41,-5351,92455,-5%,"-$242,989",1.0,0.0,-9.0,,DVN
242,,2017-02-14 13:15:21,2017-02-10,DVN,Marcum R. Alan,EVP ADMINISTRATION,F - Tax,$45.41,-9276,122288,-7%,"-$421,223",1.0,0.0,-9.0,,DVN
243,,2017-02-14 13:11:31,2017-02-10,DVN,Humphers Jeremy D.,SVP-Chief Accounting Officer,A - Grant,$0.00,12112,71355,+20%,+$0,1.0,0.0,-9.0,,DVN
244,,2017-02-14 13:11:31,2017-02-10,DVN,Humphers Jeremy D.,SVP-Chief Accounting Officer,F - Tax,$45.41,-3879,71355,-5%,"-$176,145",1.0,0.0,-9.0,,DVN
245,,2017-02-14 13:08:12,2017-02-10,DVN,Hager David A,"Pres, CEO",F - Tax,$45.41,-23937,349663,-6%,"-$1,086,979",1.0,0.0,-9.0,,DVN
246,,2017-01-26 15:34:30,2017-01-24,DVN,Mitchell Thomas L,"EVP, CFO",A - Grant,$0.00,39890,97806,+69%,+$0,1.0,-2.0,-8.0,,DVN
247,,2017-01-26 15:31:49,2017-01-24,DVN,Hager David A,"Pres, CEO",A - Grant,$0.00,181496,373600,+94%,+$0,1.0,-2.0,-8.0,,DVN
248,,2017-01-26 15:28:35,2017-01-24,DVN,Taylor Lyndon C,EVP GC,A - Grant,$0.00,59490,184609,+48%,+$0,1.0,-2.0,-8.0,,DVN
249,,2017-01-26 15:19:32,2017-01-24,DVN,Richels John,Dir,A - Grant,$0.00,76700,716967,+12%,+$0,1.0,-2.0,-8.0,,DVN
250,,2017-01-26 15:17:23,2017-01-24,DVN,Humphers Jeremy D.,SVP-Chief Accounting Officer,A - Grant,$0.00,8352,63122,+15%,+$0,1.0,-2.0,-8.0,,DVN
251,,2017-01-26 15:14:13,2017-01-24,DVN,Vaughn Tony D.,COO,A - Grant,$0.00,71630,176244,+68%,+$0,1.0,-2.0,-8.0,,DVN
252,,2017-01-26 15:11:47,2017-01-24,DVN,Marcum R. Alan,EVP ADMINISTRATION,A - Grant,$0.00,46558,133608,+53%,+$0,1.0,-2.0,-8.0,,DVN
253,,2016-12-01 12:37:59,2016-11-29,DVN,Vaughn Tony D.,COO,F - Tax,$42.16,-1787,104614,-2%,"-$75,340",-1.0,-2.0,-5.0,,DVN
254,,2016-12-01 12:34:52,2016-11-29,DVN,Taylor Lyndon C,EVP GC,F - Tax,$42.16,-2569,125119,-2%,"-$108,309",-1.0,-2.0,-5.0,,DVN
255,,2016-12-01 12:31:48,2016-11-29,DVN,Richels John,Dir,F - Tax,$42.16,-10043,640267,-2%,"-$423,413",-1.0,-2.0,-5.0,,DVN
256,,2016-12-01 12:27:17,2016-11-29,DVN,Marcum R. Alan,EVP ADMINISTRATION,F - Tax,$42.16,-1965,107050,-2%,"-$82,844",-1.0,-2.0,-5.0,,DVN
257,,2016-12-01 12:24:03,2016-11-29,DVN,Humphers Jeremy D.,SVP-Chief Accounting Officer,F - Tax,$42.16,-393,54770,-1%,"-$16,569",-1.0,-2.0,-5.0,,DVN
258,,2016-12-01 12:20:48,2016-11-29,DVN,Hager David A,"Pres, CEO",F - Tax,$42.16,-3348,192104,-2%,"-$141,152",-1.0,-2.0,-5.0,,DVN
259,,2016-08-12 10:16:59,2016-08-10,DVN,Hager David A,"Pres, CEO",F - Tax,$39.57,-3678,195452,-2%,"-$145,538",1.0,8.0,5.0,10.0,DVN
260,,2016-06-22 11:36:41,2016-06-20,DVN,Henry Robert H.,Dir,S - Sale,$37.43,-7100,9748,-42%,"-$265,753",-1.0,-6.0,-2.0,23.0,DVN
261,,2016-06-09 13:29:20,2016-06-08,DVN,Baumann Barbara M,Dir,A - Grant,$0.00,4098,25418,+19%,+$0,0.0,-6.0,0.0,26.0,DVN
262,,2016-06-09 13:26:03,2016-06-08,DVN,Bethancourt John E,Dir,A - Grant,$0.00,4098,31868,+15%,+$0,0.0,-6.0,0.0,26.0,DVN
263,,2016-06-09 13:18:49,2016-06-08,DVN,Henry Robert H.,Dir,A - Grant,$0.00,4098,16848,+32%,+$0,0.0,-6.0,0.0,26.0,DVN
264,,2016-06-09 13:15:20,2016-06-08,DVN,Kanovsky Michael M,Dir,A - Grant,$0.00,4098,144889,+3%,+$0,0.0,-6.0,0.0,26.0,DVN
265,,2016-06-09 13:09:18,2016-06-08,DVN,Mosbacher Robert A Jr,Dir,A - Grant,$0.00,4098,24108,+20%,+$0,0.0,-6.0,0.0,26.0,DVN
266,,2016-06-09 13:05:50,2016-06-08,DVN,Radtke Duane C,Dir,A - Grant,$0.00,4098,30837,+15%,+$0,0.0,-6.0,0.0,26.0,DVN
267,,2016-06-09 13:01:37,2016-06-08,DVN,Ricciardello Mary P,Dir,A - Grant,$0.00,4098,29593,+16%,+$0,0.0,-6.0,0.0,26.0,DVN
268,,2016-06-09 12:57:46,2016-06-08,DVN,Richels John,Dir,A - Grant,$0.00,4098,650310,+1%,+$0,0.0,-6.0,0.0,26.0,DVN
269,,2016-03-03 17:29:13,2016-03-01,DVN,Humphers Jeremy D.,SVP-Chief Accounting Officer,A - Grant,$0.00,19078,55163,+53%,+$0,6.0,4.0,23.0,107.0,DVN
270,,2016-03-01 14:32:17,2016-02-29,DVN,Mitchell Thomas L,"EVP, CFO",F - Tax,$19.68,-1379,57916,-2%,"-$27,139",-2.0,23.0,35.0,129.0,DVN
271,,2016-02-11 18:27:52,2016-02-10,DVN,Richels John,Dir,F - Tax,$21.63,-62269,646212,-9%,"-$1,346,878",2.0,-7.0,18.0,87.0,DVN
272,,2016-02-11 17:53:51,2016-02-10,DVN,Humphers Jeremy D.,SVP-Chief Accounting Officer,F - Tax,$21.63,-2263,36085,-6%,"-$48,949",2.0,-7.0,18.0,87.0,DVN
273,,2016-02-11 17:25:29,2016-02-10,DVN,Smette Darryl G,"EVP MARKETING MIDSTREAM, SUPP",F - Tax,$21.63,-11609,200878,-5%,"-$251,103",2.0,-7.0,18.0,87.0,DVN
274,,2016-02-11 17:17:41,2016-02-10,DVN,Mitchell Thomas L,"EVP, CFO",F - Tax,$21.63,-4230,59295,-7%,"-$91,495",2.0,-7.0,18.0,87.0,DVN
275,,2016-02-11 17:09:11,2016-02-10,DVN,Marcum R. Alan,EVP ADMINISTRATION,F - Tax,$21.63,-9149,119015,-7%,"-$197,893",2.0,-7.0,18.0,87.0,DVN
276,,2016-02-11 16:59:06,2016-02-10,DVN,Taylor Lyndon C,EVP GC,F - Tax,$21.63,-11639,127418,-8%,"-$251,752",2.0,-7.0,18.0,87.0,DVN
277,,2016-02-11 16:50:00,2016-02-10,DVN,Vaughn Tony D.,"EVP EXPLORATION, PRODUCTION",F - Tax,$21.63,-9158,106401,-8%,"-$198,088",2.0,-7.0,18.0,87.0,DVN
278,,2016-02-11 16:41:34,2016-02-10,DVN,Rudolph Frank W,EVP HR,F - Tax,$21.63,-9156,57913,-14%,"-$198,044",2.0,-7.0,18.0,87.0,DVN
279,,2016-02-11 16:33:49,2016-02-10,DVN,Hager David A,"Pres, CEO",F - Tax,$21.63,-17243,199130,-8%,"-$372,966",2.0,-7.0,18.0,87.0,DVN
280,A,2016-02-04 15:18:47,2016-01-26,DVN,Smette Darryl G,"EVP MARKETING MIDSTREAM, SUPP",A - Grant,$0.00,44152,212487,+26%,+$0,0.0,-19.0,-12.0,45.0,DVN
281,,2016-01-28 13:27:09,2016-01-26,DVN,Hager David A,"Pres, CEO",A - Grant,$0.00,99028,216373,+84%,+$0,9.0,9.0,-17.0,49.0,DVN
282,,2016-01-28 13:23:28,2016-01-26,DVN,Vaughn Tony D.,"EVP EXPLORATION, PRODUCTION",A - Grant,$0.00,37720,115559,+48%,+$0,9.0,9.0,-17.0,49.0,DVN
283,,2016-01-28 13:20:17,2016-01-26,DVN,Taylor Lyndon C,EVP GC,A - Grant,$0.00,44152,139057,+47%,+$0,9.0,9.0,-17.0,49.0,DVN
284,,2016-01-28 13:07:02,2016-01-26,DVN,Rudolph Frank W,EVP HR,A - Grant,$0.00,34560,67069,+106%,+$0,9.0,9.0,-17.0,49.0,DVN
285,,2016-01-28 13:00:17,2016-01-26,DVN,Richels John,Dir,A - Grant,$0.00,143648,708481,+25%,+$0,9.0,9.0,-17.0,49.0,DVN
286,,2016-01-28 12:56:10,2016-01-26,DVN,Mitchell Thomas L,"EVP, CFO",A - Grant,$0.00,17920,63525,+39%,+$0,9.0,9.0,-17.0,49.0,DVN
287,,2016-01-28 12:52:58,2016-01-26,DVN,Marcum R. Alan,EVP ADMINISTRATION,A - Grant,$0.00,34560,128164,+37%,+$0,9.0,9.0,-17.0,49.0,DVN
288,,2016-01-28 12:50:23,2016-01-26,DVN,Humphers Jeremy D.,SVP-Chief Accounting Officer,A - Grant,$0.00,2908,38348,+8%,+$0,9.0,9.0,-17.0,49.0,DVN
289,,2016-01-06 16:29:40,2016-01-06,DVN,Baumann Barbara M,Dir,P - Purchase,$30.44,8200,21320,+63%,"+$249,629",-7.0,-14.0,-11.0,22.0,DVN
290,,2015-12-22 11:23:29,2015-12-18,DVN,Bethancourt John E,Dir,P - Purchase,$28.94,10000,27770,+56%,"+$289,362",3.0,12.0,-11.0,33.0,DVN
291,,2015-12-02 17:33:18,2015-12-01,DVN,Nichols J Larry,Dir,F - Tax,$46.49,-7355,1296893,-1%,"-$341,934",-6.0,-18.0,-24.0,-13.0,DVN
292,,2015-12-02 17:25:22,2015-12-01,DVN,Vaughn Tony D.,"EVP EXPLORATION, PRODUCTION",F - Tax,$46.49,-968,77839,-1%,"-$45,002",-6.0,-18.0,-24.0,-13.0,DVN
293,,2015-12-02 17:22:54,2015-12-01,DVN,Taylor Lyndon C,EVP GC,F - Tax,$46.49,-1088,94878,-1%,"-$50,581",-6.0,-18.0,-24.0,-13.0,DVN
294,,2015-12-02 17:20:20,2015-12-01,DVN,Smette Darryl G,"EVP MARKETING MIDSTREAM, SUPP",F - Tax,$46.49,-1391,168335,-1%,"-$64,668",-6.0,-18.0,-24.0,-13.0,DVN
295,,2015-12-02 17:16:42,2015-12-01,DVN,Rudolph Frank W,EVP HR,F - Tax,$46.49,-1088,32509,-3%,"-$50,581",-6.0,-18.0,-24.0,-13.0,DVN
296,,2015-12-02 17:14:30,2015-12-01,DVN,Richels John,Dir,F - Tax,$46.49,-6044,564833,-1%,"-$280,986",-6.0,-18.0,-24.0,-13.0,DVN
297,,2015-12-02 17:12:03,2015-12-01,DVN,Humphers Jeremy D.,SVP-Chief Accounting Officer,F - Tax,$46.49,-636,35440,-2%,"-$29,568",-6.0,-18.0,-24.0,-13.0,DVN
298,,2015-12-02 17:08:43,2015-12-01,DVN,Hager David A,"Pres, CEO",F - Tax,$46.49,-1815,117345,-2%,"-$84,379",-6.0,-18.0,-24.0,-13.0,DVN
299,,2015-12-02 17:06:13,2015-12-01,DVN,Marcum R. Alan,EVP ADMINISTRATION,F - Tax,$46.49,-1088,105604,-1%,"-$50,581",-6.0,-18.0,-24.0,-13.0,DVN
300,,2015-12-01 17:46:25,2015-11-29,DVN,Smette Darryl G,"EVP MARKETING MIDSTREAM, SUPP",F - Tax,$46.01,-2582,169726,-1%,"-$118,798",-6.0,-22.0,-33.0,-21.0,DVN
301,,2015-12-01 17:33:34,2015-11-29,DVN,Taylor Lyndon C,EVP GC,F - Tax,$46.01,-2582,95966,-3%,"-$118,798",-6.0,-22.0,-33.0,-21.0,DVN
302,,2015-12-01 17:18:50,2015-11-29,DVN,Marcum R. Alan,EVP ADMINISTRATION,F - Tax,$46.01,-2021,106692,-2%,"-$92,986",-6.0,-22.0,-33.0,-21.0,DVN
303,,2015-12-01 17:02:26,2015-11-29,DVN,Humphers Jeremy D.,SVP-Chief Accounting Officer,F - Tax,$46.01,-396,36076,-1%,"-$18,220",-6.0,-22.0,-33.0,-21.0,DVN
304,,2015-12-01 16:48:10,2015-11-29,DVN,Vaughn Tony D.,"EVP EXPLORATION, PRODUCTION",F - Tax,$46.01,-1796,78807,-2%,"-$82,634",-6.0,-22.0,-33.0,-21.0,DVN
305,,2015-12-01 16:24:42,2015-11-29,DVN,Richels John,Dir,F - Tax,$46.01,-10097,570877,-2%,"-$464,563",-6.0,-22.0,-33.0,-21.0,DVN
306,,2015-12-01 16:04:16,2015-11-29,DVN,Hager David A,"Pres, CEO",F - Tax,$46.01,-3366,119160,-3%,"-$154,870",-6.0,-22.0,-33.0,-21.0,DVN
307,,2015-12-01 15:53:20,2015-11-29,DVN,Rudolph Frank W,EVP HR,F - Tax,$46.01,-2021,33597,-6%,"-$92,986",1.0,-21.0,-32.0,-20.0,DVN
308,A,2015-12-01 13:28:19,2015-01-27,DVN,Smette Darryl G,"EVP MARKETING MIDSTREAM, SUPP",A - Grant,$0.00,23736,37621,+171%,+$0,1.0,-21.0,-32.0,-20.0,DVN
309,,2015-07-07 09:48:43,2015-07-06,DVN,Baumann Barbara M,Dir,P - Purchase,$56.58,4500,13120,+52%,"+$254,606",1.0,-2.0,-14.0,-42.0,DVN
310,,2015-06-11 14:29:14,2015-06-10,DVN,Mosbacher Robert A Jr,Dir,S - Sale,$64.00,-3200,20010,-14%,"-$204,800",-1.0,-3.0,-12.0,-44.0,DVN
311,,2015-06-09 14:28:40,2015-06-05,DVN,Kanovsky Michael M,Dir,A - Grant,$0.00,3606,140791,+3%,+$0,-1.0,-1.0,-11.0,-35.0,DVN
312,,2015-06-09 14:18:13,2015-06-05,DVN,Nichols J Larry,Dir,A - Grant,$0.00,9875,1304248,+1%,+$0,-1.0,-1.0,-11.0,-35.0,DVN
313,,2015-06-09 13:32:41,2015-06-05,DVN,Ricciardello Mary P,Dir,A - Grant,$0.00,3606,25495,+16%,+$0,-1.0,-1.0,-11.0,-35.0,DVN
314,,2015-06-09 13:25:13,2015-06-05,DVN,Radtke Duane C,Dir,A - Grant,$0.00,3606,26739,+16%,+$0,-1.0,-1.0,-11.0,-35.0,DVN
315,,2015-06-09 13:11:36,2015-06-05,DVN,Mosbacher Robert A Jr,Dir,A - Grant,$0.00,3606,23210,+18%,+$0,-1.0,-1.0,-11.0,-35.0,DVN
316,,2015-06-09 13:00:39,2015-06-05,DVN,Henry Robert H.,Dir,A - Grant,$0.00,3606,12750,+39%,+$0,-1.0,-1.0,-11.0,-35.0,DVN
317,,2015-06-09 12:41:16,2015-06-05,DVN,Bethancourt John E,Dir,A - Grant,$0.00,3606,17770,+25%,+$0,-1.0,-1.0,-11.0,-35.0,DVN
318,,2015-06-09 12:29:09,2015-06-05,DVN,Baumann Barbara M,Dir,A - Grant,$0.00,3606,8620,+72%,+$0,-1.0,-1.0,-11.0,-35.0,DVN
319,,2015-05-15 14:37:17,2015-05-14,DVN,Rudolph Frank W,EVP HR,S - Sale,$65.95,-1800,35618,-5%,"-$118,705",0.0,3.0,-6.0,-30.0,DVN
320,,2015-03-03 09:26:34,2015-03-02,DVN,Mitchell Thomas L,"EVP, CFO",F - Tax,$60.86,-2012,45605,-4%,"-$122,450",1.0,-5.0,0.0,-30.0,DVN
321,,2015-02-12 12:05:14,2015-02-10,DVN,Humphers Jeremy D.,SVP-Chief Accounting Officer,A - Grant,$0.00,8580,36472,+31%,+$0,2.0,0.0,-10.0,-25.0,DVN
322,,2015-02-12 12:05:14,2015-02-10,DVN,Humphers Jeremy D.,SVP-Chief Accounting Officer,F - Tax,$64.18,-1594,36472,-4%,"-$102,303",2.0,0.0,-10.0,-25.0,DVN
323,,2015-02-11 15:58:40,2015-02-10,DVN,Taylor Lyndon C,EVP GC,F - Tax,$64.18,-3108,98507,-3%,"-$199,471",1.0,0.0,-11.0,-26.0,DVN
324,,2015-02-11 15:49:43,2015-02-10,DVN,Mitchell Thomas L,"EVP, CFO",F - Tax,$64.18,-3533,47617,-7%,"-$226,748",1.0,0.0,-11.0,-26.0,DVN
325,,2015-02-11 15:41:08,2015-02-10,DVN,Marcum R. Alan,EVP ADMINISTRATION,F - Tax,$64.18,-2302,110307,-2%,"-$147,742",1.0,0.0,-11.0,-26.0,DVN
326,,2015-02-11 15:09:21,2015-02-10,DVN,Smette Darryl G,"EVP MARKETING MIDSTREAM, SUPP",F - Tax,$64.18,-4133,172098,-2%,"-$265,256",1.0,0.0,-11.0,-26.0,DVN
327,,2015-02-11 14:53:44,2015-02-10,DVN,Richels John,"Pres, CEO",F - Tax,$64.18,-17512,580974,-3%,"-$1,123,920",1.0,0.0,-11.0,-26.0,DVN
328,,2015-02-11 14:49:33,2015-02-10,DVN,Rudolph Frank W,EVP HR,F - Tax,$64.18,-2841,37418,-7%,"-$182,335",1.0,0.0,-11.0,-26.0,DVN
329,,2015-02-11 14:30:49,2015-02-10,DVN,Vaughn Tony D.,"EVP EXPLORATION, PRODUCTION",F - Tax,$64.18,-3668,80603,-4%,"-$235,412",1.0,0.0,-11.0,-26.0,DVN
330,,2015-02-11 14:22:48,2015-02-10,DVN,Hager David A,COO,F - Tax,$64.18,-5833,122526,-5%,"-$374,362",1.0,0.0,-11.0,-26.0,DVN
331,,2015-01-29 15:40:13,2015-01-27,DVN,Smette Darryl G,"EVP MARKETING MIDSTREAM, SUPP",A - Grant,$0.00,23526,176231,+15%,+$0,1.0,10.0,5.0,-12.0,DVN
332,,2015-01-29 15:29:36,2015-01-27,DVN,Marcum R. Alan,EVP ADMINISTRATION,A - Grant,$0.00,18580,112609,+20%,+$0,1.0,10.0,5.0,-12.0,DVN
333,,2015-01-29 15:25:58,2015-01-27,DVN,Richels John,"Pres, CEO",A - Grant,$0.00,94640,598486,+19%,+$0,1.0,10.0,5.0,-12.0,DVN
334,,2015-01-29 15:21:10,2015-01-27,DVN,Rudolph Frank W,EVP HR,A - Grant,$0.00,18580,40259,+86%,+$0,1.0,10.0,5.0,-12.0,DVN
335,,2015-01-29 15:17:10,2015-01-27,DVN,Vaughn Tony D.,"EVP EXPLORATION, PRODUCTION",A - Grant,$0.00,22483,84271,+36%,+$0,1.0,10.0,5.0,-12.0,DVN
336,,2015-01-29 15:12:02,2015-01-27,DVN,Mitchell Thomas L,"EVP, CFO",A - Grant,$0.00,34100,51150,+200%,+$0,1.0,10.0,5.0,-12.0,DVN
337,,2015-01-29 15:08:14,2015-01-27,DVN,Humphers Jeremy D.,SVP-Chief Accounting Officer,A - Grant,$0.00,3393,29486,+13%,+$0,1.0,10.0,5.0,-12.0,DVN
338,,2015-01-29 15:04:49,2015-01-27,DVN,Hager David A,COO,A - Grant,$0.00,39476,128359,+44%,+$0,1.0,10.0,5.0,-12.0,DVN
339,,2015-01-29 14:52:54,2015-01-27,DVN,Taylor Lyndon C,EVP GC,A - Grant,$0.00,22840,101550,+29%,+$0,1.0,10.0,5.0,-12.0,DVN
340,,2014-12-29 11:34:10,2014-12-23,DVN,Henry Robert H.,Dir,S - Sale,$61.12,-4089,9144,-31%,"-$249,904",1.0,-4.0,-4.0,-3.0,DVN
341,,2014-12-09 12:28:28,2014-12-08,DVN,Marcum R. Alan,EVP ADMINISTRATION,G - Gift,$56.60,-1972,94029,+2%,"-$111,615",1.0,-7.0,6.0,14.0,DVN
342,,2014-12-03 15:16:47,2014-12-02,DVN,Rudolph Frank W,EVP HR,F - Tax,$59.89,-1446,21679,-6%,"-$86,601",2.0,-4.0,2.0,6.0,DVN
343,,2014-12-03 15:11:31,2014-12-02,DVN,Richels John,"Pres, CEO",F - Tax,$59.89,-8036,503846,-2%,"-$481,276",2.0,-4.0,2.0,6.0,DVN
344,,2014-12-03 14:43:03,2014-12-02,DVN,Nichols J Larry,Dir,F - Tax,$59.89,-8839,1294373,-1%,"-$529,368",2.0,-4.0,2.0,6.0,DVN
345,,2014-12-03 14:28:13,2014-12-02,DVN,Marcum R. Alan,EVP ADMINISTRATION,F - Tax,$59.89,-1446,94029,-2%,"-$86,601",2.0,-4.0,2.0,6.0,DVN
346,,2014-12-03 14:24:50,2014-12-02,DVN,Humphers Jeremy D.,SVP-Chief Accounting Officer,F - Tax,$59.89,-545,26093,-2%,"-$32,640",2.0,-4.0,2.0,6.0,DVN
347,,2014-12-03 14:13:48,2014-12-02,DVN,Hager David A,COO,F - Tax,$59.89,-2411,88883,-3%,"-$144,395",2.0,-4.0,2.0,6.0,DVN
348,,2014-12-03 14:09:38,2014-12-02,DVN,Vaughn Tony D.,"EVP EXPLORATION, PRODUCTION",F - Tax,$59.89,-812,61788,-1%,"-$48,631",2.0,-4.0,2.0,6.0,DVN
349,,2014-12-03 14:05:41,2014-12-02,DVN,Taylor Lyndon C,EVP GC,F - Tax,$59.89,-1446,78676,-2%,"-$86,601",2.0,-4.0,2.0,6.0,DVN
350,,2014-12-03 13:56:52,2014-12-02,DVN,Smette Darryl G,"EVP MARKETING MIDSTREAM, SUPP",F - Tax,$59.89,-1850,152705,-1%,"-$110,797",2.0,-4.0,2.0,6.0,DVN
351,M,2014-12-02 17:36:18,2014-11-29,DVN,Vaughn Tony D.,"EVP EXPLORATION, PRODUCTION",F - Tax,$59.94,-1910,62600,-3%,"-$114,485",2.0,-6.0,3.0,8.0,DVN
352,M,2014-12-02 17:33:34,2014-11-29,DVN,Taylor Lyndon C,EVP GC,F - Tax,$59.94,-3185,80122,-4%,"-$190,909",2.0,-6.0,3.0,8.0,DVN
353,M,2014-12-02 17:29:32,2014-11-29,DVN,Smette Darryl G,"EVP MARKETING MIDSTREAM, SUPP",F - Tax,$59.94,-3959,154555,-2%,"-$237,302",2.0,-6.0,3.0,8.0,DVN
354,M,2014-12-02 17:27:52,2014-11-29,DVN,Rudolph Frank W,EVP HR,F - Tax,$59.94,-3109,23125,-12%,"-$186,353",2.0,-6.0,3.0,8.0,DVN
355,M,2014-12-02 17:25:17,2014-11-29,DVN,Richels John,"Pres, CEO",F - Tax,$59.94,-16141,511882,-3%,"-$967,492",2.0,-6.0,3.0,8.0,DVN
356,M,2014-12-02 17:21:52,2014-11-29,DVN,Marcum R. Alan,EVP ADMINISTRATION,F - Tax,$59.94,-2336,95475,-2%,"-$140,020",2.0,-6.0,3.0,8.0,DVN
357,M,2014-12-02 17:19:57,2014-11-29,DVN,Hager David A,COO,F - Tax,$59.94,-4980,91294,-5%,"-$298,501",2.0,-6.0,3.0,8.0,DVN
358,M,2014-12-02 17:17:30,2014-11-29,DVN,Humphers Jeremy D.,SVP-Chief Accounting Officer,F - Tax,$59.94,-1031,26638,-4%,"-$61,798",2.0,-6.0,3.0,8.0,DVN
359,,2014-12-02 17:15:16,2014-12-01,DVN,Nichols J Larry,Dir,F - Tax,$59.94,-7304,1303212,-1%,"-$437,802",2.0,-6.0,3.0,8.0,DVN
360,,2014-10-15 16:52:11,2014-10-15,DVN,Bethancourt John E,Dir,P - Purchase,$54.64,9150,14164,+182%,"+$499,972",2.0,9.0,16.0,22.0,DVN
361,,2014-09-02 15:23:05,2014-08-29,DVN,Mosbacher Robert A Jr,Dir,S - Sale,$74.75,-4100,19604,-17%,"-$306,475",-2.0,-6.0,-9.0,-18.0,DVN
362,D,2014-07-21 11:24:47,2014-07-17,DVN,Rudolph Frank W,EVP HR,M - OptEx,$64.65,48493,26234,-218%,"+$3,135,029",0.0,2.0,-5.0,-21.0,DVN
363,D,2014-07-21 11:24:47,2014-07-17,DVN,Rudolph Frank W,EVP HR,S - Sale+OE,$78.00,-48493,26234,-65%,"-$3,782,454",0.0,2.0,-5.0,-21.0,DVN
364,M,2014-07-15 18:20:52,2010-12-22,DVN,Rudolph Frank W,EVP HR,S - Sale,$77.08,-20135,26234,-43%,"-$1,551,945",2.0,1.0,-4.0,-22.0,DVN
365,,2014-07-14 19:11:26,2014-07-10,DVN,Nichols J Larry,Dir,G - Gift,$0.00,-1828,1310516,0%,-$0,-2.0,-1.0,-5.0,-22.0,DVN
366,,2014-06-24 16:16:50,2014-06-23,DVN,Mosbacher Robert A Jr,Dir,S - Sale,$79.07,-3500,23704,-13%,"-$276,745",2.0,2.0,1.0,-20.0,DVN
367,,2014-06-05 18:38:46,2014-06-04,DVN,Bethancourt John E,Dir,A - Grant,$0.00,3072,5014,+158%,+$0,0.0,3.0,6.0,-19.0,DVN
368,,2014-06-05 18:34:52,2014-06-04,DVN,Nichols J Larry,Dir,A - Grant,$0.00,8415,1307856,+1%,+$0,0.0,3.0,6.0,-19.0,DVN
369,,2014-06-05 18:31:00,2014-06-04,DVN,Mosbacher Robert A Jr,Dir,A - Grant,$0.00,3072,27204,+13%,+$0,0.0,3.0,6.0,-19.0,DVN
370,,2014-06-05 18:28:28,2014-06-04,DVN,Kanovsky Michael M,Dir,A - Grant,$0.00,3072,137185,+2%,+$0,0.0,3.0,6.0,-19.0,DVN
371,,2014-06-05 18:20:40,2014-06-04,DVN,Hill John A,Dir,A - Grant,$0.00,3072,151836,+2%,+$0,0.0,3.0,6.0,-19.0,DVN
372,,2014-06-05 18:17:18,2014-06-04,DVN,Radtke Duane C,Dir,A - Grant,$0.00,3072,23133,+15%,+$0,0.0,3.0,6.0,-19.0,DVN
373,,2014-06-05 18:09:41,2014-06-04,DVN,Ricciardello Mary P,Dir,A - Grant,$0.00,3072,21881,+16%,+$0,0.0,3.0,6.0,-19.0,DVN
374,,2014-06-05 17:59:34,2014-06-04,DVN,Henry Robert H.,Dir,A - Grant,$0.00,3072,13233,+30%,+$0,0.0,3.0,6.0,-19.0,DVN
375,,2014-06-05 17:56:48,2014-06-04,DVN,Baumann Barbara M,Dir,A - Grant,$0.00,3072,5014,+158%,+$0,0.0,3.0,6.0,-19.0,DVN
376,,2014-06-05 15:27:38,2014-06-04,DVN,Baumann Barbara M,Dir,A - Grant,$0.00,3072,5014,+158%,+$0,0.0,2.0,6.0,-19.0,DVN
377,D,2014-05-22 11:51:58,2014-05-21,DVN,Kanovsky Michael M,Dir,M - OptEx,$54.14,3000,134113,+2%,"+$162,420",-1.0,0.0,8.0,-12.0,DVN
378,,2014-05-20 13:19:38,2014-05-19,DVN,Rudolph Frank W,EVP HR,S - Sale,$71.31,-1000,46369,-2%,"-$71,310",2.0,3.0,10.0,-9.0,DVN
379,D,2014-05-13 15:37:41,2014-05-12,DVN,Hill John A,Dir,F - Tax,$71.04,-2286,148764,-2%,"-$162,397",2.0,0.0,8.0,-8.0,DVN
380,D,2014-05-13 15:37:41,2014-05-12,DVN,Hill John A,Dir,M - OptEx,$54.14,3000,148764,+2%,"+$162,420",2.0,0.0,8.0,-8.0,DVN
381,,2014-03-04 16:01:29,2014-02-28,DVN,Mitchell Thomas L,"EVP, CFO",A - Grant,$0.00,17050,17050,New,+$0,0.0,0.0,5.0,18.0,DVN
382,,2014-02-03 17:38:55,2014-01-31,DVN,Baumann Barbara M,Dir,A - Grant,$0.00,1942,1942,New,+$0,3.0,5.0,11.0,30.0,DVN
383,,2014-02-03 17:36:43,2014-01-31,DVN,Bethancourt John E,Dir,A - Grant,$0.00,1942,1942,New,+$0,3.0,5.0,11.0,30.0,DVN
384,,2014-01-23 21:45:19,2014-01-21,DVN,Marcum R. Alan,EVP ADMINISTRATION,A - Grant,$0.00,17120,97811,+21%,+$0,-1.0,-2.0,6.0,31.0,DVN
385,,2014-01-23 21:45:19,2014-01-21,DVN,Marcum R. Alan,EVP ADMINISTRATION,F - Tax,$59.68,-1451,97811,-1%,"-$86,596",-1.0,-2.0,6.0,31.0,DVN
386,,2014-01-23 21:33:54,2014-01-21,DVN,Smette Darryl G,"EVP MARKETING MIDSTREAM, SUPP",A - Grant,$0.00,21880,158514,+16%,+$0,-1.0,-2.0,6.0,31.0,DVN
387,,2014-01-23 21:33:54,2014-01-21,DVN,Smette Darryl G,"EVP MARKETING MIDSTREAM, SUPP",F - Tax,$59.68,-2330,158514,-1%,"-$139,054",-1.0,-2.0,6.0,31.0,DVN
388,,2014-01-23 21:28:51,2014-01-21,DVN,Taylor Lyndon C,EVP GC,A - Grant,$0.00,21880,83150,+36%,+$0,-1.0,-2.0,6.0,31.0,DVN
389,,2014-01-23 21:28:51,2014-01-21,DVN,Taylor Lyndon C,EVP GC,F - Tax,$59.68,-1834,83150,-2%,"-$109,453",-1.0,-2.0,6.0,31.0,DVN
390,,2014-01-23 21:26:18,2013-12-30,DVN,Marcum R. Alan,EVP ADMINISTRATION,G - Gift,$0.00,-1808,82142,+2%,-$0,-1.0,-2.0,6.0,31.0,DVN
391,,2014-01-23 20:11:49,2014-01-21,DVN,Hager David A,COO,A - Grant,$0.00,28520,96274,+42%,+$0,-1.0,-2.0,6.0,31.0,DVN
392,,2014-01-23 20:11:49,2014-01-21,DVN,Hager David A,COO,F - Tax,$59.68,-2354,96274,-2%,"-$140,487",-1.0,-2.0,6.0,31.0,DVN
393,,2014-01-23 20:07:41,2014-01-21,DVN,Rudolph Frank W,EVP HR,A - Grant,$0.00,17120,47369,+57%,+$0,-1.0,-2.0,6.0,31.0,DVN
394,,2014-01-23 20:07:41,2014-01-21,DVN,Rudolph Frank W,EVP HR,F - Tax,$59.68,-1453,47369,-3%,"-$86,715",-1.0,-2.0,6.0,31.0,DVN
395,,2014-01-23 19:54:48,2014-01-21,DVN,Richels John,"Pres, CEO",A - Grant,$0.00,85560,528023,+19%,+$0,-1.0,-2.0,6.0,31.0,DVN
396,,2014-01-23 19:54:48,2014-01-21,DVN,Richels John,"Pres, CEO",F - Tax,$59.68,-7661,528023,-1%,"-$457,208",-1.0,-2.0,6.0,31.0,DVN
397,,2013-12-10 18:17:02,2013-12-08,DVN,Vaughn Tony D.,"EVP EXPLORATION, PRODUCTION",F - Tax,$60.70,-799,64510,-1%,"-$48,499",-2.0,0.0,0.0,27.0,DVN
398,,2013-12-10 17:42:03,2013-12-08,DVN,Taylor Lyndon C,EVP GC,F - Tax,$60.70,-1076,63104,-2%,"-$65,313",-2.0,0.0,0.0,27.0,DVN
399,,2013-12-10 17:39:15,2013-12-08,DVN,Smette Darryl G,"EVP MARKETING MIDSTREAM, SUPP",F - Tax,$60.70,-1199,138964,-1%,"-$72,779",-2.0,0.0,0.0,27.0,DVN
400,,2013-12-10 17:30:34,2013-12-08,DVN,Rudolph Frank W,EVP HR,F - Tax,$60.70,-1007,31702,-3%,"-$61,125",-2.0,0.0,0.0,27.0,DVN
401,,2013-12-10 17:27:09,2013-12-08,DVN,Richels John,"Pres, CEO",F - Tax,$60.70,-5075,450124,-1%,"-$308,053",-2.0,0.0,0.0,27.0,DVN
402,,2013-12-10 17:20:13,2013-12-08,DVN,Nichols J Larry,Dir,F - Tax,$60.70,-10325,1299441,-1%,"-$626,728",-2.0,0.0,0.0,27.0,DVN
403,,2013-12-10 16:59:04,2013-12-08,DVN,Marcum R. Alan,EVP ADMINISTRATION,F - Tax,$60.70,-889,82142,-1%,"-$53,962",-2.0,0.0,0.0,27.0,DVN
404,,2013-12-10 16:56:01,2013-12-08,DVN,Hager David A,COO,F - Tax,$60.70,-2408,70108,-3%,"-$146,166",-2.0,0.0,0.0,27.0,DVN
405,,2013-12-10 15:53:03,2013-12-08,DVN,Agosta Jeffrey A.,"EVP, CFO",F - Tax,$60.70,-799,75447,-1%,"-$48,499",0.0,0.0,0.0,27.0,DVN
406,M,2013-12-03 18:29:21,2013-11-29,DVN,Vaughn Tony D.,"EVP EXPLORATION, PRODUCTION",F - Tax,$60.58,-2612,65309,-4%,"-$158,230",-1.0,-1.0,0.0,23.0,DVN
407,M,2013-12-03 18:24:38,2013-12-01,DVN,Taylor Lyndon C,EVP GC,F - Tax,$60.54,-1751,64180,-3%,"-$106,006",-1.0,-1.0,0.0,23.0,DVN
408,M,2013-12-03 18:15:50,2013-12-01,DVN,Smette Darryl G,"EVP MARKETING MIDSTREAM, SUPP",F - Tax,$60.54,-2239,140163,-2%,"-$135,549",-1.0,-1.0,0.0,23.0,DVN
409,M,2013-12-03 18:08:15,2013-12-01,DVN,Rudolph Frank W,EVP HR,F - Tax,$60.54,-1751,32709,-5%,"-$106,006",-1.0,-1.0,0.0,23.0,DVN
410,M,2013-12-03 17:57:30,2013-12-01,DVN,Richels John,"Pres, CEO",F - Tax,$60.54,-13603,455199,-3%,"-$823,526",-1.0,-1.0,0.0,23.0,DVN
411,M,2013-12-03 17:53:44,2013-12-01,DVN,Marcum R. Alan,EVP ADMINISTRATION,F - Tax,$60.54,-1751,83031,-2%,"-$106,006",-1.0,-1.0,0.0,23.0,DVN
412,M,2013-12-03 17:49:50,2013-12-01,DVN,Hager David A,COO,F - Tax,$60.54,-3082,72516,-4%,"-$186,584",-1.0,-1.0,0.0,23.0,DVN
413,M,2013-12-03 17:45:49,2013-12-01,DVN,Agosta Jeffrey A.,"EVP, CFO",F - Tax,$60.54,-1948,76246,-2%,"-$117,932",-1.0,-1.0,0.0,23.0,DVN
414,M,2013-12-03 14:14:36,2013-12-01,DVN,Nichols J Larry,Dir,F - Tax,$60.54,-16092,1309766,-1%,"-$974,210",1.0,0.0,1.0,25.0,DVN
415,,2013-07-18 16:20:25,2013-07-18,DVN,Whitsitt William F.,EVP PUBLIC AFFAIRS,S - Sale,$57.00,-2000,25479,-7%,"-$114,000",2.0,-1.0,2.0,5.0,DVN
416,,2013-06-06 18:01:27,2013-06-05,DVN,Hill John A,Dir,A - Grant,$0.00,4061,148050,+3%,+$0,2.0,-2.0,-2.0,11.0,DVN
417,,2013-06-06 17:58:56,2013-06-05,DVN,Nichols J Larry,Dir,A - Grant,$0.00,11123,1325858,+1%,+$0,2.0,-2.0,-2.0,11.0,DVN
418,,2013-06-06 17:56:05,2013-06-05,DVN,Ricciardello Mary P,Dir,A - Grant,$0.00,4061,18828,+28%,+$0,2.0,-2.0,-2.0,11.0,DVN
419,,2013-06-06 17:48:02,2013-06-05,DVN,Kanovsky Michael M,Dir,A - Grant,$0.00,4061,131113,+3%,+$0,2.0,-2.0,-2.0,11.0,DVN
420,,2013-06-06 17:45:20,2013-06-05,DVN,Radtke Duane C,Dir,A - Grant,$0.00,4061,20061,+25%,+$0,2.0,-2.0,-2.0,11.0,DVN
421,,2013-06-06 17:37:31,2013-06-05,DVN,Henry Robert H.,Dir,A - Grant,$0.00,4061,10161,+67%,+$0,2.0,-2.0,-2.0,11.0,DVN
422,,2013-06-06 17:32:36,2013-06-05,DVN,Mosbacher Robert A Jr,Dir,A - Grant,$0.00,4061,24132,+20%,+$0,2.0,-2.0,-2.0,11.0,DVN
423,D,2013-05-31 10:21:17,2013-05-29,DVN,Kanovsky Michael M,Dir,M - OptEx,$47.55,2000,127052,+2%,"+$95,100",-3.0,-4.0,-11.0,6.0,DVN
424,D,2013-05-06 16:16:54,2013-05-02,DVN,Hill John A,Dir,F - Tax,$56.64,-1679,143989,-1%,"-$95,099",0.0,1.0,-2.0,9.0,DVN
425,D,2013-05-06 16:16:54,2013-05-02,DVN,Hill John A,Dir,M - OptEx,$47.55,2000,143989,+1%,"+$95,100",0.0,1.0,-2.0,9.0,DVN
426,,2013-05-06 16:12:40,2013-05-03,DVN,Whitsitt William F.,EVP PUBLIC AFFAIRS,S - Sale,$58.00,-2500,27479,-8%,"-$145,000",0.0,1.0,-2.0,9.0,DVN
427,,2013-04-02 14:23:49,2013-03-31,DVN,Hager David A,"EVP EXPLORATION, PRODUCTION",F - Tax,$56.42,-1630,75598,-2%,"-$91,965",-1.0,-2.0,-1.0,7.0,DVN
428,,2013-04-02 14:21:05,2013-03-31,DVN,Agosta Jeffrey A.,"EVP, CFO",F - Tax,$55.52,-188,78194,0%,"-$10,438",-1.0,-2.0,-1.0,7.0,DVN
429,A,2013-02-13 18:59:53,2013-01-28,DVN,Taylor Lyndon C,EVP GC,A - Grant,$0.00,9220,17836,+107%,+$0,-1.0,-8.0,-6.0,-6.0,DVN
430,A,2013-02-13 18:54:32,2013-01-28,DVN,Smette Darryl G,"EVP MARKETING MIDSTREAM, SUPP",A - Grant,$0.00,11780,22288,+112%,+$0,-1.0,-8.0,-6.0,-6.0,DVN
431,A,2013-02-13 18:51:43,2013-01-28,DVN,Rudolph Frank W,EVP HR,A - Grant,$0.00,9220,34460,+37%,+$0,-1.0,-8.0,-6.0,-6.0,DVN
432,A,2013-02-13 18:44:48,2013-01-28,DVN,Richels John,"Pres, CEO",A - Grant,$0.00,51220,468802,+12%,+$0,-1.0,-8.0,-6.0,-6.0,DVN
433,A,2013-02-13 18:42:10,2013-01-28,DVN,Marcum R. Alan,EVP ADMINISTRATION,A - Grant,$0.00,9220,83484,+12%,+$0,-1.0,-8.0,-6.0,-6.0,DVN
434,A,2013-02-13 18:39:41,2013-01-28,DVN,Hager David A,"EVP EXPLORATION, PRODUCTION",A - Grant,$0.00,15380,77228,+25%,+$0,-1.0,-8.0,-6.0,-6.0,DVN
435,A,2013-02-13 18:29:42,2013-01-28,DVN,Agosta Jeffrey A.,"EVP, CFO",A - Grant,$0.00,10260,78382,+15%,+$0,-1.0,-8.0,-6.0,-6.0,DVN
436,A,2013-02-13 18:26:47,2013-01-28,DVN,Whitsitt William F.,EVP PUBLIC AFFAIRS,A - Grant,$0.00,6660,29979,+29%,+$0,-1.0,-8.0,-6.0,-6.0,DVN
437,A,2013-02-13 18:22:37,2013-01-28,DVN,Nichols J Larry,Dir,A - Grant,$0.00,61460,1063921,+6%,+$0,-1.0,-8.0,-6.0,-6.0,DVN
438,,2013-01-30 10:13:18,2013-01-28,DVN,Whitsitt William F.,EVP PUBLIC AFFAIRS,A - Grant,$0.00,1665,24984,+7%,+$0,1.0,2.0,-5.0,-3.0,DVN
439,,2013-01-30 10:13:18,2013-01-28,DVN,Whitsitt William F.,EVP PUBLIC AFFAIRS,F - Tax,$54.56,-622,24984,-2%,"-$33,936",1.0,2.0,-5.0,-3.0,DVN
440,,2013-01-30 10:10:59,2013-01-28,DVN,Taylor Lyndon C,EVP GC,A - Grant,$0.00,2305,58952,+4%,+$0,1.0,2.0,-5.0,-3.0,DVN
441,,2013-01-30 10:10:59,2013-01-28,DVN,Taylor Lyndon C,EVP GC,F - Tax,$54.56,-810,58952,-1%,"-$44,194",1.0,2.0,-5.0,-3.0,DVN
442,,2013-01-30 10:08:52,2013-01-28,DVN,Smette Darryl G,"EVP MARKETING MIDSTREAM, SUPP",A - Grant,$0.00,2945,133567,+2%,+$0,1.0,2.0,-5.0,-3.0,DVN
443,,2013-01-30 10:08:52,2013-01-28,DVN,Smette Darryl G,"EVP MARKETING MIDSTREAM, SUPP",F - Tax,$54.56,-1005,133567,-1%,"-$54,833",1.0,2.0,-5.0,-3.0,DVN
444,,2013-01-30 10:06:28,2013-01-28,DVN,Rudolph Frank W,EVP HR,A - Grant,$0.00,2305,27545,+9%,+$0,1.0,2.0,-5.0,-3.0,DVN
445,,2013-01-30 10:06:28,2013-01-28,DVN,Rudolph Frank W,EVP HR,F - Tax,$54.56,-819,27545,-3%,"-$44,685",1.0,2.0,-5.0,-3.0,DVN
446,,2013-01-30 10:04:22,2013-01-28,DVN,Richels John,"Pres, CEO",A - Grant,$0.00,12805,430387,+3%,+$0,1.0,2.0,-5.0,-3.0,DVN
447,,2013-01-30 10:04:22,2013-01-28,DVN,Richels John,"Pres, CEO",F - Tax,$54.56,-4167,430387,-1%,"-$227,352",1.0,2.0,-5.0,-3.0,DVN
448,,2013-01-30 10:01:24,2013-01-28,DVN,Nichols J Larry,Dir,A - Grant,$0.00,15365,1268640,+1%,+$0,1.0,2.0,-5.0,-3.0,DVN
449,,2013-01-30 10:01:24,2013-01-28,DVN,Nichols J Larry,Dir,F - Tax,$54.56,-7271,1268640,-1%,"-$396,706",1.0,2.0,-5.0,-3.0,DVN
450,,2013-01-30 09:58:12,2013-01-28,DVN,Marcum R. Alan,EVP ADMINISTRATION,A - Grant,$0.00,2305,77867,+3%,+$0,1.0,2.0,-5.0,-3.0,DVN
451,,2013-01-30 09:58:12,2013-01-28,DVN,Marcum R. Alan,EVP ADMINISTRATION,F - Tax,$54.56,-816,77867,-1%,"-$44,521",1.0,2.0,-5.0,-3.0,DVN
452,,2013-01-30 09:55:32,2013-01-28,DVN,Hager David A,"EVP EXPLORATION, PRODUCTION",A - Grant,$0.00,3845,65693,+6%,+$0,1.0,2.0,-5.0,-3.0,DVN
453,,2013-01-30 09:55:32,2013-01-28,DVN,Hager David A,"EVP EXPLORATION, PRODUCTION",F - Tax,$54.56,-1292,65693,-2%,"-$70,492",1.0,2.0,-5.0,-3.0,DVN
454,,2013-01-30 09:53:43,2013-01-28,DVN,Agosta Jeffrey A.,"EVP, CFO",A - Grant,$0.00,2565,70687,+4%,+$0,1.0,2.0,-5.0,-3.0,DVN
455,,2013-01-30 09:53:43,2013-01-28,DVN,Agosta Jeffrey A.,"EVP, CFO",F - Tax,$54.56,-894,70687,-1%,"-$48,777",1.0,2.0,-5.0,-3.0,DVN
456,,2012-12-19 19:36:49,2012-12-17,DVN,Nichols J Larry,Exec COB,G - Gift,$0.00,5207,1260546,0%,+$0,1.0,-3.0,1.0,-1.0,DVN
457,,2012-12-19 19:36:49,2012-12-17,DVN,Nichols J Larry,Exec COB,S - Sale,$52.19,-958038,1260546,-43%,"-$50,000,003",1.0,-3.0,1.0,-1.0,DVN
458,,2012-12-11 20:46:56,2012-12-08,DVN,Marcum R. Alan,EVP ADMINISTRATION,F - Tax,$52.63,-2389,76378,-3%,"-$125,744",1.0,0.0,3.0,5.0,DVN
459,,2012-12-11 20:44:09,2012-12-07,DVN,Marcum R. Alan,EVP ADMINISTRATION,G - Gift,$0.00,-1964,78767,+3%,-$0,1.0,0.0,3.0,5.0,DVN
460,,2012-12-11 19:32:51,2012-12-08,DVN,Whitsitt William F.,EVP PUBLIC AFFAIRS,F - Tax,$52.63,-1543,23941,-6%,"-$81,206",1.0,0.0,3.0,5.0,DVN
461,,2012-12-11 19:30:28,2012-12-08,DVN,Taylor Lyndon C,EVP GC,F - Tax,$52.63,-2200,56893,-4%,"-$115,789",1.0,0.0,3.0,5.0,DVN
462,,2012-12-11 19:27:46,2012-12-08,DVN,Smette Darryl G,"EVP MARKETING MIDSTREAM, SUPP",F - Tax,$52.63,-3201,131627,-2%,"-$168,477",1.0,0.0,3.0,5.0,DVN
463,,2012-12-11 19:24:46,2012-12-08,DVN,Rudolph Frank W,EVP HR,F - Tax,$52.63,-2049,26059,-7%,"-$107,846",1.0,0.0,3.0,5.0,DVN
464,,2012-12-11 19:21:36,2012-12-08,DVN,Hager David A,"EVP EXPLORATION, PRODUCTION",F - Tax,$52.32,-2127,63140,-3%,"-$111,285",1.0,0.0,3.0,5.0,DVN
465,,2012-12-11 19:14:44,2012-12-08,DVN,Richels John,"Pres, CEO",F - Tax,$52.64,-9540,421749,-2%,"-$502,167",1.0,0.0,3.0,5.0,DVN
466,,2012-12-11 19:10:44,2012-12-08,DVN,Agosta Jeffrey A.,"EVP, CFO",F - Tax,$52.63,-2100,69016,-3%,"-$110,519",1.0,0.0,3.0,5.0,DVN
467,,2012-12-04 16:58:59,2012-12-02,DVN,Smette Darryl G,"EVP MARKETING MIDSTREAM, SUPP",F - Tax,$51.90,-1635,134825,-1%,"-$84,857",1.0,1.0,3.0,10.0,DVN
468,,2012-12-04 16:46:18,2012-12-02,DVN,Whitsitt William F.,EVP PUBLIC AFFAIRS,F - Tax,$51.90,-702,25484,-3%,"-$36,434",1.0,1.0,3.0,10.0,DVN
469,,2012-12-04 16:43:31,2012-12-02,DVN,Taylor Lyndon C,EVP GC,F - Tax,$51.90,-971,59093,-2%,"-$50,395",1.0,1.0,3.0,10.0,DVN
470,,2012-12-04 16:40:54,2012-12-02,DVN,Rudolph Frank W,EVP HR,F - Tax,$51.90,-971,28108,-3%,"-$50,395",1.0,1.0,3.0,10.0,DVN
471,,2012-12-04 16:38:13,2012-12-02,DVN,Richels John,"Pres, CEO",F - Tax,$51.90,-7100,431289,-2%,"-$368,490",1.0,1.0,3.0,10.0,DVN
472,,2012-12-04 16:27:59,2012-12-02,DVN,Marcum R. Alan,EVP ADMINISTRATION,F - Tax,$51.90,-1277,78767,-2%,"-$66,276",1.0,1.0,3.0,10.0,DVN
473,,2012-12-04 16:24:48,2012-12-02,DVN,Hager David A,"EVP EXPLORATION, PRODUCTION",F - Tax,$51.90,-2130,65267,-3%,"-$110,547",1.0,1.0,3.0,10.0,DVN
474,,2012-12-04 16:22:13,2012-12-02,DVN,Agosta Jeffrey A.,"EVP, CFO",F - Tax,$51.90,-1421,71116,-2%,"-$73,750",1.0,1.0,3.0,10.0,DVN
475,D,2012-12-03 13:06:06,2012-11-29,DVN,Richels John,"Pres, CEO",F - Tax,$52.60,-35412,438389,-7%,"-$1,862,671",0.0,2.0,2.0,12.0,DVN
476,D,2012-12-03 13:06:06,2012-11-29,DVN,Richels John,"Pres, CEO",M - OptEx,$38.45,42000,438389,+11%,"+$1,614,900",0.0,2.0,2.0,12.0,DVN
477,D,2012-12-03 13:02:55,2012-11-29,DVN,Nichols J Larry,Exec COB,F - Tax,$52.60,-241494,2205741,-10%,"-$12,702,584",0.0,2.0,2.0,12.0,DVN
478,D,2012-12-03 13:02:55,2012-11-29,DVN,Nichols J Larry,Exec COB,M - OptEx,$28.79,335000,2205741,+18%,"+$9,645,700",0.0,2.0,2.0,12.0,DVN
479,D,2012-11-21 13:58:13,2012-11-20,DVN,Smette Darryl G,"EVP MARKETING MIDSTREAM, SUPP",F - Tax,$52.74,-88025,136463,-39%,"-$4,642,439",0.0,1.0,3.0,11.0,DVN
480,D,2012-11-21 13:58:13,2012-11-20,DVN,Smette Darryl G,"EVP MARKETING MIDSTREAM, SUPP",M - OptEx,$27.84,128500,136463,>999%,"+$3,577,483",0.0,1.0,3.0,11.0,DVN
481,D,2012-11-20 18:37:40,2012-11-19,DVN,Agosta Jeffrey A.,"EVP, CFO",F - Tax,$53.49,-25929,72537,-26%,"-$1,386,942",0.0,1.0,2.0,13.0,DVN
482,D,2012-11-20 18:37:40,2012-11-19,DVN,Agosta Jeffrey A.,"EVP, CFO",M - OptEx,$36.50,34338,72537,+90%,"+$1,253,469",0.0,1.0,2.0,13.0,DVN
483,D,2012-11-20 17:50:53,2012-11-19,DVN,Marcum R. Alan,EVP ADMINISTRATION,F - Tax,$53.49,-12992,80044,-14%,"-$694,942",0.0,1.0,2.0,13.0,DVN
484,D,2012-11-20 17:50:53,2012-11-19,DVN,Marcum R. Alan,EVP ADMINISTRATION,M - OptEx,$23.05,21256,80044,+36%,"+$489,845",0.0,1.0,2.0,13.0,DVN
485,D,2012-11-13 17:06:04,2012-11-12,DVN,Smette Darryl G,"EVP MARKETING MIDSTREAM, SUPP",M - OptEx,$23.05,3000,95988,+3%,"+$69,135",-1.0,0.0,-1.0,10.0,DVN
486,DM,2012-09-17 15:32:18,2012-09-13,DVN,Smette Darryl G,"EVP MARKETING MIDSTREAM, SUPP",M - OptEx,$23.05,5500,92988,+6%,"+$126,748",-1.0,-4.0,-4.0,-9.0,DVN
487,DM,2012-09-17 15:32:18,2012-09-13,DVN,Smette Darryl G,"EVP MARKETING MIDSTREAM, SUPP",S - Sale+OE,$62.55,-5500,92988,-6%,"-$344,000",-1.0,-4.0,-4.0,-9.0,DVN
488,,2012-09-11 11:54:53,2012-09-10,DVN,Whitsitt William F.,EVP PUBLIC AFFAIRS,F - Tax,$59.37,-278,26186,-1%,"-$16,505",2.0,7.0,3.0,-2.0,DVN
489,,2012-09-10 15:55:02,2012-09-09,DVN,Agosta Jeffrey A.,"EVP, CFO",F - Tax,$59.34,-872,64128,-1%,"-$51,744",0.0,7.0,1.0,-5.0,DVN
490,D,2012-08-29 16:36:13,2012-08-28,DVN,Richels John,"Pres, CEO",M - OptEx,$23.05,106000,431801,+33%,"+$2,442,770",-2.0,-3.0,3.0,-8.0,DVN
491,D,2012-08-21 16:11:34,2012-08-20,DVN,Nichols J Larry,Exec COB,F - Tax,$59.26,-30164,2112235,-1%,"-$1,787,519",2.0,0.0,2.0,-8.0,DVN
492,D,2012-08-21 16:11:34,2012-08-20,DVN,Nichols J Larry,Exec COB,M - OptEx,$34.27,40000,2112235,+2%,"+$1,370,800",2.0,0.0,2.0,-8.0,DVN
493,M,2012-08-09 10:25:52,2012-06-25,DVN,Smette Darryl G,"EVP MARKETING MIDSTREAM, SUPP",G - Gift,$0.00,-168000,129988,-56%,-$0,2.0,-2.0,0.0,1.0,DVN
494,D,2012-08-02 19:24:44,2012-08-01,DVN,Smette Darryl G,"EVP MARKETING MIDSTREAM, SUPP",M - OptEx,$23.05,5000,92988,+6%,"+$115,225",2.0,7.0,4.0,4.0,DVN
495,,2012-06-22 16:11:44,2012-06-21,DVN,Ricciardello Mary P,Dir,P - Purchase,$55.57,360,14730,+3%,"+$20,005",-2.0,2.0,5.0,-3.0,DVN
496,D,2012-06-11 12:06:36,2012-06-07,DVN,Richels John,"Pres, CEO",M - OptEx,$34.27,12000,325801,+4%,"+$411,240",-2.0,-2.0,-5.0,-10.0,DVN
497,D,2012-06-07 19:36:52,2012-06-06,DVN,Ricciardello Mary P,Dir,A - Grant,$0.00,2000,14370,+16%,+$0,-1.0,-5.0,-3.0,-10.0,DVN
498,D,2012-06-07 19:33:24,2012-06-06,DVN,Radtke Duane C,Dir,A - Grant,$0.00,2000,16000,+14%,+$0,-1.0,-5.0,-3.0,-10.0,DVN
499,D,2012-06-07 19:28:41,2012-06-06,DVN,Mosbacher Robert A Jr,Dir,A - Grant,$0.00,2000,20071,+11%,+$0,-1.0,-5.0,-3.0,-10.0,DVN
500,D,2012-06-07 19:18:14,2012-06-06,DVN,Kanovsky Michael M,Dir,A - Grant,$0.00,2000,125052,+2%,+$0,-1.0,-5.0,-3.0,-10.0,DVN
501,D,2012-06-07 19:09:59,2012-06-06,DVN,Hill John A,Dir,A - Grant,$0.00,2000,143668,+1%,+$0,-1.0,-5.0,-3.0,-10.0,DVN
502,D,2012-06-07 19:07:16,2012-06-06,DVN,Henry Robert H.,Dir,A - Grant,$0.00,2000,6100,+49%,+$0,-1.0,-5.0,-3.0,-10.0,DVN
503,D,2012-06-04 16:49:37,2012-06-01,DVN,Hill John A,Dir,M - OptEx,$30.25,2000,141668,+1%,"+$60,490",1.0,1.0,-2.0,-11.0,DVN
504,D,2012-05-15 18:05:20,2012-05-14,DVN,Kanovsky Michael M,Dir,M - OptEx,$26.28,8000,123052,+7%,"+$210,220",-1.0,1.0,-9.0,-13.0,DVN
505,D,2012-05-15 18:01:12,2012-05-14,DVN,Hill John A,Dir,F - Tax,$63.77,-2347,139668,-2%,"-$149,668",-1.0,1.0,-9.0,-13.0,DVN
506,D,2012-05-15 18:01:12,2012-05-14,DVN,Hill John A,Dir,M - OptEx,$24.96,6000,139668,+4%,"+$149,730",-1.0,1.0,-9.0,-13.0,DVN
507,,2012-04-12 14:06:49,2012-04-12,DVN,Ricciardello Mary P,Dir,P - Purchase,$67.73,100,12370,+1%,"+$6,773",2.0,-2.0,-5.0,-9.0,DVN
508,,2012-04-03 16:33:05,2012-03-31,DVN,Hager David A,"EVP EXPLORATION, PRODUCTION",F - Tax,$71.12,-1875,67397,-3%,"-$133,350",0.0,-3.0,-4.0,-14.0,DVN
509,,2012-04-03 16:28:24,2012-03-31,DVN,Agosta Jeffrey A.,"EVP, CFO",F - Tax,$72.33,-183,65000,0%,"-$13,236",0.0,-3.0,-4.0,-14.0,DVN
510,,2012-03-23 12:23:01,2012-03-22,DVN,Rudolph Frank W,EVP HR,S - Sale,$71.73,-2200,29079,-7%,"-$157,814",2.0,0.0,-7.0,-13.0,DVN
511,D,2012-02-29 12:30:32,2012-02-27,DVN,Smette Darryl G,"EVP MKG MIDSTREAM, SUPP CHAIN",M - OptEx,$23.05,4000,171988,+2%,"+$92,180",-1.0,-4.0,-4.0,-18.0,DVN
512,D,2012-02-29 12:30:32,2012-02-27,DVN,Smette Darryl G,"EVP MKG MIDSTREAM, SUPP CHAIN",S - Sale+OE,$76.00,-4000,171988,-2%,"-$304,000",-1.0,-4.0,-4.0,-18.0,DVN
513,,2012-01-19 16:21:37,2012-01-12,DVN,Taylor Lyndon C,EVP GC,G - Gift,$0.00,-2400,60064,+4%,-$0,-1.0,3.0,17.0,-8.0,DVN
514,,2012-01-03 16:15:42,2011-12-31,DVN,Agosta Jeffrey A.,"EVP, CFO",F - Tax,$62.00,-79,65183,0%,"-$4,898",-1.0,0.0,-4.0,-14.0,DVN
515,,2011-12-14 16:32:42,2011-12-13,DVN,Rudolph Frank W,EVP HR,S - Sale,$64.83,-1200,31279,-4%,"-$77,792",-1.0,0.0,3.0,-6.0,DVN
516,M,2011-12-12 20:21:37,2011-12-08,DVN,Nichols J Larry,Exec COB,F - Tax,$64.43,-24972,2102399,-1%,"-$1,608,830",-1.0,-5.0,-1.0,-10.0,DVN
517,M,2011-12-12 20:04:42,2011-12-08,DVN,Smette Darryl G,"EVP MARKETING, MIDSTREAM",F - Tax,$64.50,-4427,171988,-3%,"-$285,549",-1.0,-5.0,-1.0,-10.0,DVN
518,,2011-12-12 20:00:22,2011-12-08,DVN,Whitsitt William F.,EVP PUBLIC AFFAIRS,F - Tax,$63.73,-1836,26464,-6%,"-$117,008",-1.0,-5.0,-1.0,-10.0,DVN
519,M,2011-12-12 18:55:49,2011-12-08,DVN,Taylor Lyndon C,EVP GC,F - Tax,$64.50,-3510,60064,-6%,"-$226,395",-1.0,-5.0,-1.0,-10.0,DVN
520,M,2011-12-12 18:34:57,2011-12-08,DVN,Rudolph Frank W,EVP HR,F - Tax,$64.35,-3477,32479,-10%,"-$223,757",-1.0,-5.0,-1.0,-10.0,DVN
521,M,2011-12-12 18:29:27,2011-12-08,DVN,Richels John,"Pres, CEO",F - Tax,$64.41,-12660,313801,-4%,"-$815,490",-1.0,-5.0,-1.0,-10.0,DVN
522,M,2011-12-12 18:24:39,2011-12-08,DVN,Marcum R. Alan,EVP ADMINISTRATION,F - Tax,$64.35,-3083,71780,-4%,"-$198,404",-1.0,-5.0,-1.0,-10.0,DVN
523,,2011-12-12 18:19:19,2011-12-08,DVN,Hager David A,"EVP EXPLORATION, PRODUCTION",F - Tax,$63.73,-2140,69272,-3%,"-$136,382",-1.0,-5.0,-1.0,-10.0,DVN
524,M,2011-12-12 17:28:29,2011-12-08,DVN,Agosta Jeffrey A.,"EVP, CFO",F - Tax,$64.39,-2760,65262,-4%,"-$177,729",-1.0,-5.0,-1.0,-10.0,DVN
525,D,2011-12-05 21:28:53,2011-12-02,DVN,Whitsitt William F.,EVP PUBLIC AFFAIRS,F - Tax,$65.39,-707,28300,-2%,"-$46,231",1.0,0.0,-1.0,-11.0,DVN
526,D,2011-12-05 21:25:25,2011-12-02,DVN,Taylor Lyndon C,EVP GC,F - Tax,$65.39,-979,63574,-2%,"-$64,017",1.0,0.0,-1.0,-11.0,DVN
527,D,2011-12-05 21:23:05,2011-12-02,DVN,Smette Darryl G,"EVP MARKETING, MIDSTREAM",F - Tax,$65.39,-1644,176415,-1%,"-$107,501",1.0,0.0,-1.0,-11.0,DVN
528,D,2011-12-05 21:23:05,2011-12-02,DVN,Smette Darryl G,"EVP MARKETING, MIDSTREAM",M - OptEx,$23.48,5526,176415,+3%,"+$129,735",1.0,0.0,-1.0,-11.0,DVN
529,D,2011-12-05 21:19:36,2011-12-02,DVN,Rudolph Frank W,EVP HR,F - Tax,$65.39,-1285,35956,-3%,"-$84,026",1.0,0.0,-1.0,-11.0,DVN
530,D,2011-12-05 21:16:06,2011-12-02,DVN,Richels John,"Pres, CEO",F - Tax,$65.39,-7142,326461,-2%,"-$467,015",1.0,0.0,-1.0,-11.0,DVN
531,,2011-12-05 21:12:14,2011-12-02,DVN,Nichols J Larry,Exec COB,F - Tax,$65.39,-7856,2127371,0%,"-$513,704",1.0,0.0,-1.0,-11.0,DVN
532,D,2011-12-05 21:09:43,2011-12-02,DVN,Marcum R. Alan,EVP ADMINISTRATION,F - Tax,$65.39,-1190,74863,-2%,"-$77,814",1.0,0.0,-1.0,-11.0,DVN
533,D,2011-12-05 21:06:01,2011-12-02,DVN,Hager David A,"EVP EXPLORATION, PRODUCTION",F - Tax,$65.39,-2142,71412,-3%,"-$140,065",1.0,0.0,-1.0,-11.0,DVN
534,D,2011-12-05 21:03:43,2011-12-02,DVN,Agosta Jeffrey A.,"EVP, CFO",F - Tax,$65.39,-1429,68022,-2%,"-$93,442",1.0,0.0,-1.0,-11.0,DVN
535,D,2011-12-02 17:43:35,2011-12-01,DVN,Smette Darryl G,"EVP MARKETING, MIDSTREAM",M - OptEx,$26.43,3000,172533,+2%,"+$79,275",1.0,-3.0,1.0,-10.0,DVN
536,DM,2011-12-01 17:44:18,2011-11-29,DVN,Smette Darryl G,"EVP MARKETING, MIDSTREAM",M - OptEx,$26.43,12000,169533,+8%,"+$317,100",0.0,2.0,-4.0,-10.0,DVN
537,DM,2011-12-01 17:44:18,2011-11-29,DVN,Smette Darryl G,"EVP MARKETING, MIDSTREAM",S - Sale+OE,$63.72,-6000,169533,-3%,"-$382,346",0.0,2.0,-4.0,-10.0,DVN
538,D,2011-12-01 15:19:43,2011-11-29,DVN,Nichols J Larry,Exec COB,F - Tax,$61.91,-183229,2135227,-8%,"-$11,343,707",-1.0,2.0,-5.0,-11.0,DVN
539,D,2011-12-01 15:19:43,2011-11-29,DVN,Nichols J Larry,Exec COB,M - OptEx,$20.70,330000,2135227,+18%,"+$6,830,250",-1.0,2.0,-5.0,-11.0,DVN
540,D,2011-12-01 11:05:05,2011-11-29,DVN,Agosta Jeffrey A.,"EVP, CFO",M - OptEx,$26.43,2216,69451,+3%,"+$58,558",-1.0,2.0,-5.0,-11.0,DVN
541,DM,2011-11-25 11:45:57,2011-11-22,DVN,Smette Darryl G,"EVP MARKETING, MIDSTREAM",M - OptEx,$17.43,5000,163533,+3%,"+$87,125",-2.0,9.0,5.0,1.0,DVN
542,D,2011-11-22 17:38:43,2011-11-21,DVN,Smette Darryl G,"EVP MARKETING, MIDSTREAM",M - OptEx,$17.43,3500,158533,+2%,"+$60,988",-4.0,0.0,1.0,0.0,DVN
543,D,2011-11-21 10:02:24,2011-11-17,DVN,Richels John,"Pres, CEO",M - OptEx,$26.43,56000,333603,+20%,"+$1,479,800",-2.0,-5.0,-4.0,-3.0,DVN
544,D,2011-11-21 09:57:53,2011-11-17,DVN,Smette Darryl G,"EVP MARKETING, MIDSTREAM",M - OptEx,$17.43,6500,155033,+4%,"+$113,263",-2.0,-5.0,-4.0,-3.0,DVN
545,D,2011-09-21 13:02:32,2011-09-19,DVN,Smette Darryl G,"EVP MARKETING, MIDSTREAM",M - OptEx,$17.43,6000,148533,+4%,"+$104,550",-5.0,-10.0,-4.0,13.0,DVN
546,,2011-09-12 17:46:03,2011-09-10,DVN,Whitsitt William F.,EVP PUBLIC AFFAIRS,F - Tax,$63.19,-280,29007,-1%,"-$17,693",1.0,4.0,-8.0,12.0,DVN
547,D,2011-09-07 17:32:45,2011-09-06,DVN,Smette Darryl G,"EVP MARKETING, MIDSTREAM",M - OptEx,$20.44,11284,142533,+9%,"+$230,680",-1.0,-3.0,-15.0,10.0,DVN
548,D,2011-08-22 18:05:51,2011-08-18,DVN,Agosta Jeffrey A.,"EVP, CFO",M - OptEx,$22.30,6984,67235,+12%,"+$155,752",3.0,2.0,3.0,20.0,DVN
549,,2011-08-02 16:09:29,2011-07-31,DVN,Rudolph Frank W,EVP HR,F - Tax,$78.70,-420,37241,-1%,"-$33,054",1.0,-13.0,-10.0,-14.0,DVN
550,DM,2011-07-25 18:10:27,2011-07-21,DVN,Smette Darryl G,"EVP MARKETING, MIDSTREAM",M - OptEx,$19.63,10190,131249,+8%,"+$200,061",-1.0,-6.0,-25.0,-22.0,DVN
551,D,2011-07-25 18:10:27,2011-07-22,DVN,Smette Darryl G,"EVP MARKETING, MIDSTREAM",S - Sale+OE,$84.50,-2500,131249,-2%,"-$211,250",-1.0,-6.0,-25.0,-22.0,DVN
552,,2011-07-11 15:50:49,2011-07-08,DVN,Hill John A,Dir,P - Purchase,$80.39,655,136015,0%,"+$52,654",-3.0,0.0,-19.0,-19.0,DVN
553,,2011-07-05 16:33:07,2011-06-30,DVN,Marcum R. Alan,EVP ADMINISTRATION,F - Tax,$78.81,-40,76053,0%,"-$3,152",0.0,-2.0,-6.0,-22.0,DVN
554,D,2011-06-10 13:21:37,2011-06-08,DVN,Ricciardello Mary P,Dir,A - Grant,$0.00,2000,12246,+20%,+$0,-2.0,-5.0,-4.0,-18.0,DVN
555,D,2011-06-10 13:17:15,2011-06-08,DVN,Radtke Duane C,Dir,A - Grant,$0.00,2000,14000,+17%,+$0,-2.0,-5.0,-4.0,-18.0,DVN
556,D,2011-06-10 13:14:27,2011-06-08,DVN,Mosbacher Robert A Jr,Dir,A - Grant,$0.00,2000,18071,+12%,+$0,-2.0,-5.0,-4.0,-18.0,DVN
557,D,2011-06-10 13:11:21,2011-06-08,DVN,Kanovsky Michael M,Dir,A - Grant,$0.00,2000,115052,+2%,+$0,-2.0,-5.0,-4.0,-18.0,DVN
558,D,2011-06-10 13:07:34,2011-06-08,DVN,Hill John A,Dir,A - Grant,$0.00,2000,135360,+1%,+$0,-2.0,-5.0,-4.0,-18.0,DVN
559,D,2011-06-10 13:04:20,2011-06-08,DVN,Henry Robert H.,Dir,A - Grant,$0.00,2000,4100,+95%,+$0,-2.0,-5.0,-4.0,-18.0,DVN
560,D,2011-05-11 16:17:07,2011-05-09,DVN,Kanovsky Michael M,Dir,M - OptEx,$29.12,12000,113052,+12%,"+$349,380",-1.0,-2.0,-2.0,-20.0,DVN
561,,2011-04-20 12:07:27,2011-04-19,DVN,Rudolph Frank W,EVP HR,S - Sale,$86.01,-1100,37661,-3%,"-$94,611",2.0,1.0,-5.0,-29.0,DVN
562,D,2011-03-31 18:48:58,2010-03-31,DVN,Agosta Jeffrey A.,"EVP, CFO",A - Grant,$0.00,2300,35824,+7%,+$0,0.0,-1.0,-1.0,-38.0,DVN
563,,2011-03-31 18:43:58,2011-03-31,DVN,Hager David A,"EVP EXPLORATION, PRODUCTION",F - Tax,$91.77,-2030,73554,-3%,"-$186,293",0.0,-1.0,-1.0,-38.0,DVN
564,D,2011-03-28 15:35:56,2011-03-25,DVN,Marcum R. Alan,EVP ADMINISTRATION,M - OptEx,$19.12,15744,76093,+26%,"+$301,000",-2.0,-1.0,-4.0,-40.0,DVN
565,DM,2011-03-25 18:27:11,2011-03-24,DVN,Smette Darryl G,"EVP MARKETING, MIDSTREAM",M - OptEx,$22.51,11500,123559,+10%,"+$258,888",-2.0,-1.0,-5.0,-39.0,DVN
566,D,2011-03-25 18:27:11,2011-03-24,DVN,Smette Darryl G,"EVP MARKETING, MIDSTREAM",S - Sale+OE,$93.50,-6500,123559,-5%,"-$607,750",-2.0,-1.0,-5.0,-39.0,DVN
567,D,2011-03-23 14:34:26,2011-03-22,DVN,Agosta Jeffrey A.,"EVP, CFO",M - OptEx,$26.43,12000,60493,+25%,"+$317,100",0.0,-2.0,-5.0,-30.0,DVN
568,D,2011-03-23 14:34:26,2011-03-22,DVN,Agosta Jeffrey A.,"EVP, CFO",S - Sale+OE,$93.10,-12000,60493,-17%,"-$1,117,200",0.0,-2.0,-5.0,-30.0,DVN
569,D,2011-03-22 12:28:32,2011-03-21,DVN,Whitsitt William F.,EVP PUBLIC AFFAIRS,M - OptEx,$63.80,8560,29287,+41%,"+$546,128",0.0,-1.0,-6.0,-30.0,DVN
570,D,2011-03-22 12:28:32,2011-03-21,DVN,Whitsitt William F.,EVP PUBLIC AFFAIRS,S - Sale+OE,$92.00,-8560,29287,-23%,"-$787,520",0.0,-1.0,-6.0,-30.0,DVN
571,D,2011-03-22 12:22:45,2011-03-21,DVN,Smette Darryl G,"EVP MARKETING, MIDSTREAM",M - OptEx,$26.43,2531,118559,+2%,"+$66,882",0.0,-1.0,-6.0,-30.0,DVN
572,D,2011-03-22 12:22:45,2011-03-21,DVN,Smette Darryl G,"EVP MARKETING, MIDSTREAM",S - Sale+OE,$92.00,-2531,118559,-2%,"-$232,852",0.0,-1.0,-6.0,-30.0,DVN
573,D,2011-03-22 12:17:26,2011-03-21,DVN,Richels John,"Pres, CEO",M - OptEx,$17.43,55000,277603,+25%,"+$958,375",0.0,-1.0,-6.0,-30.0,DVN
574,D,2011-03-22 12:17:26,2011-03-21,DVN,Richels John,"Pres, CEO",S - Sale+OE,$92.64,-55000,277603,-17%,"-$5,095,288",0.0,-1.0,-6.0,-30.0,DVN
575,,2011-03-10 14:34:55,2011-03-09,DVN,Mosbacher Robert A Jr,Dir,S - Sale,$90.00,-3000,16071,-16%,"-$270,000",-4.0,-4.0,2.0,-26.0,DVN
576,D,2011-03-09 13:47:31,2011-03-07,DVN,Whitsitt William F.,EVP PUBLIC AFFAIRS,M - OptEx,$63.80,2000,29287,+7%,"+$127,600",0.0,-2.0,1.0,-29.0,DVN
577,D,2011-03-09 13:47:31,2011-03-07,DVN,Whitsitt William F.,EVP PUBLIC AFFAIRS,S - Sale+OE,$92.00,-2000,29287,-6%,"-$184,000",0.0,-2.0,1.0,-29.0,DVN
578,D,2011-03-09 13:41:46,2011-03-07,DVN,Smette Darryl G,"EVP MARKETING, MIDSTREAM",M - OptEx,$26.43,600,118559,+1%,"+$15,855",0.0,-2.0,1.0,-29.0,DVN
579,D,2011-03-09 13:41:46,2011-03-07,DVN,Smette Darryl G,"EVP MARKETING, MIDSTREAM",S - Sale+OE,$92.00,-600,118559,-1%,"-$55,200",0.0,-2.0,1.0,-29.0,DVN
580,D,2011-03-02 12:28:07,2011-03-01,DVN,Smette Darryl G,"EVP MARKETING, MIDSTREAM",M - OptEx,$26.43,1869,118559,+2%,"+$49,388",1.0,1.0,3.0,-25.0,DVN
581,D,2011-03-02 12:28:07,2011-03-01,DVN,Smette Darryl G,"EVP MARKETING, MIDSTREAM",S - Sale+OE,$92.00,-1869,118559,-2%,"-$171,948",1.0,1.0,3.0,-25.0,DVN
582,D,2011-03-02 12:17:21,2011-03-01,DVN,Mitchell J Todd,Dir,M - OptEx,$27.98,6000,79329,+8%,"+$167,850",1.0,1.0,3.0,-25.0,DVN
583,D,2011-03-02 12:17:21,2011-03-01,DVN,Mitchell J Todd,Dir,S - Sale+OE,$91.96,-6000,79329,-7%,"-$551,760",1.0,1.0,3.0,-25.0,DVN
584,D,2011-03-01 15:04:42,2011-02-28,DVN,Smette Darryl G,"EVP MARKETING, MIDSTREAM",M - OptEx,$26.43,4000,118559,+3%,"+$105,700",-3.0,-1.0,0.0,-29.0,DVN
585,D,2011-03-01 15:04:42,2011-02-28,DVN,Smette Darryl G,"EVP MARKETING, MIDSTREAM",S - Sale+OE,$90.50,-4000,118559,-3%,"-$362,000",-3.0,-1.0,0.0,-29.0,DVN
586,D,2011-02-24 14:29:30,2011-02-23,DVN,Hill John A,Dir,M - OptEx,$29.12,12000,133360,+10%,"+$349,380",-1.0,0.0,4.0,-28.0,DVN
587,D,2011-02-07 12:01:14,2011-02-03,DVN,Rudolph Frank W,EVP HR,M - OptEx,$64.75,36600,38761,>999%,"+$2,369,736",-2.0,-3.0,1.0,-21.0,DVN
588,D,2011-02-07 12:01:14,2011-02-03,DVN,Rudolph Frank W,EVP HR,S - Sale+OE,$88.03,-36600,38761,-49%,"-$3,221,777",-2.0,-3.0,1.0,-21.0,DVN
589,D,2011-01-31 18:22:04,2011-01-31,DVN,Smette Darryl G,"EVP MARKETING, MIDSTREAM",M - OptEx,$26.43,12000,118559,+11%,"+$317,100",1.0,0.0,0.0,-11.0,DVN
590,D,2011-01-31 18:22:04,2011-01-31,DVN,Smette Darryl G,"EVP MARKETING, MIDSTREAM",S - Sale+OE,$88.08,-12000,118559,-9%,"-$1,057,000",1.0,0.0,0.0,-11.0,DVN
591,D,2011-01-27 12:30:37,2011-01-26,DVN,Hager David A,"EVP EXPLORATION, PRODUCTION",M - OptEx,$75.31,3000,75584,+4%,"+$225,930",-2.0,4.0,5.0,-4.0,DVN
592,D,2011-01-27 12:30:37,2011-01-26,DVN,Hager David A,"EVP EXPLORATION, PRODUCTION",S - Sale+OE,$85.28,-3000,75584,-4%,"-$255,840",-2.0,4.0,5.0,-4.0,DVN
593,D,2011-01-25 15:04:28,2011-01-24,DVN,Smette Darryl G,"EVP MARKETING, MIDSTREAM",M - OptEx,$26.43,3500,118559,+3%,"+$92,488",-1.0,3.0,5.0,-2.0,DVN
594,D,2011-01-25 15:04:28,2011-01-24,DVN,Smette Darryl G,"EVP MARKETING, MIDSTREAM",S - Sale+OE,$85.00,-3500,118559,-3%,"-$297,500",-1.0,3.0,5.0,-2.0,DVN
595,,2011-01-20 10:44:05,2011-01-19,DVN,Taylor Lyndon C,EVP GC,G - Gift,$0.00,-1860,64553,+3%,-$0,0.0,4.0,6.0,0.0,DVN
596,,2011-01-04 12:41:20,2010-12-31,DVN,Agosta Jeffrey A.,"EVP, CFO",F - Tax,$78.51,-61,60493,0%,"-$4,789",-1.0,0.0,14.0,2.0,DVN
597,D,2010-12-30 10:41:49,2010-12-29,DVN,Heatly Danny J,"SVP ACCOUNTING, CHIEF ACCTG OF",M - OptEx,$26.43,5000,51399,+11%,"+$132,125",0.0,1.0,9.0,0.0,DVN
598,D,2010-12-30 10:41:49,2010-12-29,DVN,Heatly Danny J,"SVP ACCOUNTING, CHIEF ACCTG OF",S - Sale+OE,$78.17,-5000,51399,-9%,"-$390,851",0.0,1.0,9.0,0.0,DVN
599,,2010-12-17 11:00:17,2010-12-16,DVN,Agosta Jeffrey A.,"EVP, CFO",S - Sale,$73.05,-1690,60554,-3%,"-$123,455",0.0,5.0,15.0,5.0,DVN
600,M,2010-12-13 16:30:14,2010-12-10,DVN,Taylor Lyndon C,EVP GC,F - Tax,$73.29,-1918,64553,-3%,"-$140,570",0.0,-1.0,10.0,5.0,DVN
601,M,2010-12-13 16:27:17,2010-12-10,DVN,Smette Darryl G,"EVP MARKETING, MIDSTREAM",F - Tax,$73.29,-2497,118559,-2%,"-$183,005",0.0,-1.0,10.0,5.0,DVN
602,,2010-12-13 16:23:55,2010-12-10,DVN,Rudolph Frank W,EVP HR,F - Tax,$73.29,-765,38761,-2%,"-$56,067",0.0,-1.0,10.0,5.0,DVN
603,M,2010-12-13 16:20:48,2010-12-10,DVN,Richels John,"Pres, CEO",F - Tax,$73.29,-5643,277603,-2%,"-$413,575",0.0,-1.0,10.0,5.0,DVN
604,M,2010-12-13 16:12:57,2010-12-10,DVN,Marcum R. Alan,EVP ADMINISTRATION,F - Tax,$73.29,-1193,60349,-2%,"-$87,435",0.0,-1.0,10.0,5.0,DVN
605,M,2010-12-13 16:08:56,2010-12-10,DVN,Heatly Danny J,"SVP ACCOUNTING, CHIEF ACCTG OF",F - Tax,$73.29,-1481,51399,-3%,"-$108,542",0.0,-1.0,10.0,5.0,DVN
606,M,2010-12-13 16:05:18,2010-12-10,DVN,Agosta Jeffrey A.,"EVP, CFO",F - Tax,$73.29,-1068,62244,-2%,"-$78,274",0.0,-1.0,10.0,5.0,DVN
607,,2010-12-09 15:24:08,2010-12-08,DVN,Whitsitt William F.,EVP PUBLIC AFFAIRS,F - Tax,$73.18,-1554,29287,-5%,"-$113,722",-1.0,0.0,7.0,12.0,DVN
608,,2010-12-09 15:20:51,2010-12-08,DVN,Taylor Lyndon C,EVP GC,F - Tax,$73.18,-2206,66471,-3%,"-$161,435",-1.0,0.0,7.0,12.0,DVN
609,,2010-12-09 15:16:04,2010-12-08,DVN,Smette Darryl G,"EVP MARKETING, MIDSTREAM",F - Tax,$73.18,-2889,121056,-2%,"-$211,417",-1.0,0.0,7.0,12.0,DVN
610,,2010-12-09 15:01:40,2010-12-08,DVN,Rudolph Frank W,EVP HR,F - Tax,$73.18,-2066,39526,-5%,"-$151,190",-1.0,0.0,7.0,12.0,DVN
611,,2010-12-09 14:55:35,2010-12-08,DVN,Richels John,"Pres, CEO",F - Tax,$73.18,-9597,283246,-3%,"-$702,308",-1.0,0.0,7.0,12.0,DVN
612,,2010-12-09 14:49:34,2010-12-08,DVN,Marcum R. Alan,EVP ADMINISTRATION,F - Tax,$73.18,-1830,61542,-3%,"-$133,919",-1.0,0.0,7.0,12.0,DVN
613,,2010-12-09 14:44:25,2010-12-08,DVN,Heatly Danny J,"SVP ACCOUNTING, CHIEF ACCTG OF",F - Tax,$73.18,-1659,52880,-3%,"-$121,406",-1.0,0.0,7.0,12.0,DVN
614,,2010-12-09 14:40:16,2010-12-08,DVN,Hager David A,"EVP EXPLORATION, PRODUCTION",F - Tax,$73.18,-2140,75584,-3%,"-$156,605",-1.0,0.0,7.0,12.0,DVN
615,,2010-12-09 14:35:48,2010-12-08,DVN,Agosta Jeffrey A.,"EVP, CFO",F - Tax,$73.18,-1609,63312,-2%,"-$117,747",-1.0,0.0,7.0,12.0,DVN
616,D,2010-12-08 11:46:27,2010-12-07,DVN,Heatly Danny J,"SVP ACCOUNTING, CHIEF ACCTG OF",M - OptEx,$26.43,8000,54539,+17%,"+$211,400",-1.0,0.0,6.0,9.0,DVN
617,D,2010-12-08 11:46:27,2010-12-07,DVN,Heatly Danny J,"SVP ACCOUNTING, CHIEF ACCTG OF",S - Sale+OE,$74.16,-8000,54539,-13%,"-$593,282",-1.0,0.0,6.0,9.0,DVN
618,D,2010-12-06 19:16:20,2010-12-02,DVN,Whitsitt William F.,EVP PUBLIC AFFAIRS,A - Grant,$0.00,8850,30841,+40%,+$0,0.0,-1.0,6.0,11.0,DVN
619,D,2010-12-06 19:14:53,2010-12-02,DVN,Taylor Lyndon C,EVP GC,A - Grant,$0.00,12250,68677,+22%,+$0,0.0,-1.0,6.0,11.0,DVN
620,D,2010-12-06 19:13:31,2010-12-02,DVN,Smette Darryl G,"EVP MARKETING, MIDSTREAM",A - Grant,$0.00,15675,123945,+14%,+$0,0.0,-1.0,6.0,11.0,DVN
621,D,2010-12-06 19:11:59,2010-12-02,DVN,Rudolph Frank W,EVP HR,A - Grant,$0.00,12250,41592,+42%,+$0,0.0,-1.0,6.0,11.0,DVN
622,D,2010-12-06 19:10:26,2010-12-02,DVN,Richels John,"Pres, CEO",A - Grant,$0.00,68100,292843,+30%,+$0,0.0,-1.0,6.0,11.0,DVN
623,D,2010-12-06 19:08:40,2010-12-02,DVN,Nichols J Larry,Exec COB,A - Grant,$0.00,74900,1988456,+4%,+$0,0.0,-1.0,6.0,11.0,DVN
624,D,2010-12-06 19:07:04,2010-12-02,DVN,Marcum R. Alan,EVP ADMINISTRATION,A - Grant,$0.00,12250,63372,+24%,+$0,0.0,-1.0,6.0,11.0,DVN
625,D,2010-12-06 19:04:41,2010-12-02,DVN,Hager David A,"EVP EXPLORATION, PRODUCTION",A - Grant,$0.00,20425,77724,+36%,+$0,0.0,-1.0,6.0,11.0,DVN
626,D,2010-12-06 19:02:30,2010-12-02,DVN,Agosta Jeffrey A.,"EVP, CFO",A - Grant,$0.00,13625,64921,+27%,+$0,0.0,-1.0,6.0,11.0,DVN
627,D,2010-11-22 15:21:01,2010-11-19,DVN,Agosta Jeffrey A.,"EVP, CFO",M - OptEx,$25.85,15472,51296,+43%,"+$399,951",-1.0,-4.0,2.0,11.0,DVN
628,D,2010-11-22 15:07:11,2010-11-19,DVN,Marcum R. Alan,EVP ADMINISTRATION,M - OptEx,$25.85,10472,51122,+26%,"+$270,701",-1.0,-4.0,2.0,11.0,DVN
629,D,2010-11-18 16:52:17,2010-11-17,DVN,Nichols J Larry,Exec COB,F - Tax,$70.35,-88591,1913556,-4%,"-$6,232,377",2.0,0.0,2.0,16.0,DVN
630,D,2010-11-18 16:52:17,2010-11-17,DVN,Nichols J Larry,Exec COB,M - OptEx,$25.85,140000,1913556,+8%,"+$3,619,000",2.0,0.0,2.0,16.0,DVN
631,D,2010-11-02 10:28:29,2010-10-29,DVN,Richels John,"Pres, CEO",M - OptEx,$28.94,53000,224743,+31%,"+$1,533,850",1.0,10.0,10.0,34.0,DVN
632,,2010-09-13 11:44:10,2010-09-10,DVN,Whitsitt William F.,EVP PUBLIC AFFAIRS,F - Tax,$62.53,-280,21991,-1%,"-$17,508",-1.0,-1.0,8.0,42.0,DVN
633,D,2010-09-01 11:55:57,2010-08-31,DVN,Radtke Duane C,Dir,A - Grant,$0.00,2000,12000,+20%,+$0,3.0,5.0,8.0,49.0,DVN
634,D,2010-09-01 11:54:39,2010-08-31,DVN,Henry Robert H.,Dir,A - Grant,$0.00,2000,2100,>999%,+$0,3.0,5.0,8.0,49.0,DVN
635,,2010-08-19 10:48:32,2010-08-18,DVN,Radtke Duane C,Dir,P - Purchase,$63.24,10000,10000,New,"+$632,392",0.0,-4.0,-1.0,38.0,DVN
636,,2010-08-10 12:37:07,2010-08-09,DVN,Rudolph Frank W,EVP HR,S - Sale,$64.67,-680,29342,-2%,"-$43,976",1.0,-3.0,-3.0,34.0,DVN
637,,2010-08-03 14:18:35,2010-07-31,DVN,Rudolph Frank W,EVP HR,F - Tax,$62.49,-320,30022,-1%,"-$19,997",0.0,1.0,-6.0,38.0,DVN
638,,2010-07-01 17:35:22,2010-06-30,DVN,Marcum R. Alan,EVP ADMINISTRATION,F - Tax,$60.92,-40,40650,0%,"-$2,437",0.0,4.0,3.0,29.0,DVN
639,D,2010-06-10 18:28:46,2010-06-09,DVN,Ricciardello Mary P,Dir,A - Grant,$0.00,2000,10226,+24%,+$0,1.0,3.0,-7.0,10.0,DVN
640,D,2010-06-10 18:18:29,2010-06-09,DVN,Mosbacher Robert A Jr,Dir,A - Grant,$0.00,2000,19071,+12%,+$0,1.0,3.0,-7.0,10.0,DVN
641,D,2010-06-10 18:07:14,2010-06-09,DVN,Mitchell J Todd,Dir,A - Grant,$0.00,2000,49183,+4%,+$0,1.0,3.0,-7.0,10.0,DVN
642,D,2010-06-10 18:06:25,2010-06-09,DVN,Mitchell J Todd,Dir,A - Grant,$0.00,2000,49183,+4%,+$0,1.0,3.0,-7.0,10.0,DVN
643,D,2010-06-10 17:48:00,2010-06-09,DVN,Kanovsky Michael M,Dir,A - Grant,$0.00,2000,101052,+2%,+$0,1.0,3.0,-7.0,10.0,DVN
644,D,2010-06-10 17:25:08,2010-06-09,DVN,Hill John A,Dir,A - Grant,$0.00,2000,121360,+2%,+$0,1.0,3.0,-7.0,10.0,DVN
645,D,2010-06-10 12:03:44,2010-06-09,DVN,Ferguson Thomas F,Dir,M - OptEx,$27.01,14000,12000,-700%,"+$378,070",5.0,8.0,-2.0,15.0,DVN
646,D,2010-06-10 12:03:44,2010-06-09,DVN,Ferguson Thomas F,Dir,S - Sale+OE,$65.32,-14000,12000,-54%,"-$914,480",5.0,8.0,-2.0,15.0,DVN
647,D,2010-06-01 15:05:16,2010-05-28,DVN,Ferguson Thomas F,Dir,M - OptEx,$30.26,6000,12000,+100%,"+$181,530",-4.0,-1.0,-4.0,12.0,DVN
648,D,2010-06-01 15:05:16,2010-05-28,DVN,Ferguson Thomas F,Dir,S - Sale+OE,$63.13,-6000,12000,-33%,"-$378,780",-4.0,-1.0,-4.0,12.0,DVN
649,D,2010-05-12 12:19:57,2010-05-11,DVN,Hill John A,Dir,M - OptEx,$23.79,2200,119360,+2%,"+$52,344",3.0,-5.0,0.0,6.0,DVN
650,D,2010-05-12 12:17:08,2010-05-11,DVN,Hill John A,Dir,M - OptEx,$23.79,2200,119360,+2%,"+$52,344",3.0,-5.0,0.0,6.0,DVN
651,D,2010-05-06 15:31:18,2010-05-05,DVN,Kanovsky Michael M,Dir,M - OptEx,$29.25,6000,99052,+6%,"+$175,500",-2.0,3.0,-4.0,-2.0,DVN
652,D,2010-05-06 15:26:10,2010-05-05,DVN,Kanovsky Michael M,Dir,M - OptEx,$29.25,6000,99052,+6%,"+$175,500",-2.0,3.0,-4.0,-2.0,DVN
653,M,2010-04-08 16:31:41,2010-03-12,DVN,Hill John A,Dir,A - Grant,$68.70,6000,117160,+5%,"+$412,200",2.0,2.0,0.0,0.0,DVN
654,,2010-04-01 14:55:31,2010-03-31,DVN,Hager David A,"EVP EXPLORATION, PRODUCTION",F - Tax,$64.43,-1601,57299,-3%,"-$103,152",2.0,2.0,5.0,1.0,DVN
655,D,2010-04-01 14:51:49,2010-03-31,DVN,Agosta Jeffrey A.,"EVP, CFO",A - Grant,$0.00,2300,35824,+7%,+$0,2.0,2.0,5.0,1.0,DVN
656,,2010-03-17 16:25:37,2010-03-16,DVN,Ricciardello Mary P,Dir,P - Purchase,$67.38,500,8222,+6%,"+$33,688",-3.0,-3.0,-1.0,-7.0,DVN
657,,2009-12-17 17:14:47,2009-12-16,DVN,Rudolph Frank W,EVP HR,S - Sale,$68.16,-2000,30342,-6%,"-$136,320",1.0,5.0,7.0,2.0,DVN
658,,2009-12-14 16:25:37,2009-12-12,DVN,Taylor Lyndon C,EVP GC,F - Tax,$63.89,-1606,56427,-3%,"-$102,607",-1.0,4.0,13.0,6.0,DVN
659,,2009-12-14 16:24:21,2009-12-12,DVN,Smette Darryl G,"EVP MARKETING, MIDSTREAM",F - Tax,$63.89,-2476,108270,-2%,"-$158,192",-1.0,4.0,13.0,6.0,DVN
660,,2009-12-14 16:23:06,2009-12-12,DVN,Richels John,Pres,F - Tax,$63.89,-4332,171743,-2%,"-$276,771",-1.0,4.0,13.0,6.0,DVN
661,,2009-12-14 16:21:45,2009-12-12,DVN,Nichols J Larry,"COB, CEO",F - Tax,$63.89,-11496,1862147,-1%,"-$734,479",-1.0,4.0,13.0,6.0,DVN
662,,2009-12-14 16:20:11,2009-12-12,DVN,Marcum R. Alan,EVP ADMINISTRATION,F - Tax,$63.89,-1054,40690,-3%,"-$67,340",-1.0,4.0,13.0,6.0,DVN
663,,2009-12-14 16:19:21,2009-12-12,DVN,Heatly Danny J,"SVP ACCOUNTING, CHIEF ACCTG OF",F - Tax,$63.89,-1134,54539,-2%,"-$72,451",-1.0,4.0,13.0,6.0,DVN
664,,2009-12-11 16:34:20,2009-12-10,DVN,Taylor Lyndon C,EVP GC,F - Tax,$64.04,-955,58033,-2%,"-$61,158",5.0,8.0,16.0,6.0,DVN
665,,2009-12-11 16:33:08,2009-12-10,DVN,Smette Darryl G,"EVP MARKETING, MIDSTREAM",F - Tax,$64.04,-1207,110746,-1%,"-$77,296",5.0,8.0,16.0,6.0,DVN
666,,2009-12-11 16:31:48,2009-12-10,DVN,Rudolph Frank W,EVP HR,F - Tax,$64.04,-584,32342,-2%,"-$37,399",5.0,8.0,16.0,6.0,DVN
667,,2009-12-11 16:30:37,2009-12-10,DVN,Richels John,Pres,F - Tax,$64.04,-3063,176075,-2%,"-$196,155",5.0,8.0,16.0,6.0,DVN
668,,2009-12-11 16:29:11,2009-12-10,DVN,Nichols J Larry,"COB, CEO",F - Tax,$64.04,-6136,1873643,0%,"-$392,949",5.0,8.0,16.0,6.0,DVN
669,,2009-12-11 16:27:58,2009-12-10,DVN,Marcum R. Alan,EVP ADMINISTRATION,F - Tax,$64.04,-518,41744,-1%,"-$33,173",5.0,8.0,16.0,6.0,DVN
670,,2009-12-11 16:26:37,2009-12-10,DVN,Heatly Danny J,"SVP ACCOUNTING, CHIEF ACCTG OF",F - Tax,$64.04,-555,55673,-1%,"-$35,542",5.0,8.0,16.0,6.0,DVN
671,D,2009-12-10 18:37:24,2009-12-08,DVN,Whitsitt William F.,EVP PUBLIC AFFAIRS,A - Grant,$0.00,9450,22271,+74%,+$0,0.0,6.0,18.0,7.0,DVN
672,D,2009-12-10 18:37:24,2009-12-08,DVN,Whitsitt William F.,EVP PUBLIC AFFAIRS,F - Tax,$63.80,-799,22271,-3%,"-$50,976",0.0,6.0,18.0,7.0,DVN
673,D,2009-12-10 18:36:07,2009-12-08,DVN,Taylor Lyndon C,EVP GC,A - Grant,$0.00,13200,58988,+29%,+$0,0.0,6.0,18.0,7.0,DVN
674,D,2009-12-10 18:36:07,2009-12-08,DVN,Taylor Lyndon C,EVP GC,F - Tax,$63.80,-1289,58988,-2%,"-$82,238",0.0,6.0,18.0,7.0,DVN
675,D,2009-12-10 18:34:54,2009-12-08,DVN,Smette Darryl G,"EVP MARKETING, MIDSTREAM",A - Grant,$0.00,14700,111953,+15%,+$0,0.0,6.0,18.0,7.0,DVN
676,D,2009-12-10 18:34:54,2009-12-08,DVN,Smette Darryl G,"EVP MARKETING, MIDSTREAM",F - Tax,$63.80,-1665,111953,-1%,"-$106,227",0.0,6.0,18.0,7.0,DVN
677,D,2009-12-10 18:33:38,2009-12-08,DVN,Rudolph Frank W,EVP HR,A - Grant,$0.00,12350,32926,+60%,+$0,0.0,6.0,18.0,7.0,DVN
678,D,2009-12-10 18:33:38,2009-12-08,DVN,Rudolph Frank W,EVP HR,F - Tax,$63.80,-1079,32926,-3%,"-$68,840",0.0,6.0,18.0,7.0,DVN
679,D,2009-12-10 18:32:14,2009-12-08,DVN,Richels John,Pres,A - Grant,$0.00,43000,179138,+32%,+$0,0.0,6.0,18.0,7.0,DVN
680,D,2009-12-10 18:32:14,2009-12-08,DVN,Richels John,Pres,F - Tax,$63.80,-5087,179138,-3%,"-$324,551",0.0,6.0,18.0,7.0,DVN
681,D,2009-12-10 18:30:41,2009-12-08,DVN,Nichols J Larry,"COB, CEO",A - Grant,$0.00,87500,1879779,+5%,+$0,0.0,6.0,18.0,7.0,DVN
682,D,2009-12-10 18:30:41,2009-12-08,DVN,Nichols J Larry,"COB, CEO",F - Tax,$63.80,-81904,1879779,-4%,"-$5,225,475",0.0,6.0,18.0,7.0,DVN
683,D,2009-12-10 18:30:41,2009-12-08,DVN,Nichols J Larry,"COB, CEO",M - OptEx,$15.47,140000,1879779,+8%,"+$2,165,632",0.0,6.0,18.0,7.0,DVN
684,D,2009-12-10 18:29:19,2009-12-08,DVN,Marcum R. Alan,EVP ADMINISTRATION,A - Grant,$0.00,10900,42262,+35%,+$0,0.0,6.0,18.0,7.0,DVN
685,D,2009-12-10 18:29:19,2009-12-08,DVN,Marcum R. Alan,EVP ADMINISTRATION,F - Tax,$63.80,-959,42262,-2%,"-$61,184",0.0,6.0,18.0,7.0,DVN
686,D,2009-12-10 18:27:47,2009-12-08,DVN,Heatly Danny J,"SVP ACCOUNTING, CHIEF ACCTG OF",A - Grant,$0.00,9800,56228,+21%,+$0,0.0,6.0,18.0,7.0,DVN
687,D,2009-12-10 18:27:47,2009-12-08,DVN,Heatly Danny J,"SVP ACCOUNTING, CHIEF ACCTG OF",F - Tax,$63.80,-826,56228,-1%,"-$52,699",0.0,6.0,18.0,7.0,DVN
688,D,2009-12-10 18:26:32,2009-12-08,DVN,Hager David A,"EVP EXPLORATION, PRODUCTION",A - Grant,$0.00,20400,58900,+53%,+$0,0.0,6.0,18.0,7.0,DVN
689,,2009-12-07 15:27:18,2009-06-30,DVN,Marcum R. Alan,EVP ADMINISTRATION,F - Tax,$54.50,-40,32425,0%,"-$2,180",-1.0,-3.0,16.0,-1.0,DVN
690,D,2009-12-03 10:18:14,2009-12-02,DVN,Howard Robert L,Dir,F - Tax,$67.58,-7471,62248,-11%,"-$504,890",-2.0,-6.0,14.0,-3.0,DVN
691,D,2009-12-03 10:18:14,2009-12-02,DVN,Howard Robert L,Dir,M - OptEx,$24.16,20904,62248,+51%,"+$504,978",-2.0,-6.0,14.0,-3.0,DVN
692,D,2009-11-10 17:23:30,2009-11-09,DVN,Smette Darryl G,"EVP MARKETING, MIDSTREAM",M - OptEx,$15.47,1772,98918,+2%,"+$27,411",-1.0,2.0,-9.0,0.0,DVN
693,,2009-10-20 16:49:41,2009-09-17,DVN,Hill John A,Dir,G - Gift,$0.00,-3700,111160,-3%,-$0,-2.0,-7.0,-2.0,-6.0,DVN
694,,2009-10-02 14:23:46,2009-09-30,DVN,Taylor Lyndon C,EVP GC,F - Tax,$67.33,-919,47077,-2%,"-$61,876",0.0,7.0,1.0,5.0,DVN
695,,2009-10-02 14:23:46,2009-01-23,DVN,Taylor Lyndon C,EVP GC,G - Gift,$0.00,-2850,47077,+6%,-$0,0.0,7.0,1.0,5.0,DVN
696,D,2009-09-30 10:47:00,2009-09-28,DVN,Ferguson Thomas F,Dir,M - OptEx,$29.25,6000,12000,+100%,"+$175,500",0.0,-2.0,-3.0,-4.0,DVN
697,D,2009-09-30 10:47:00,2009-09-28,DVN,Ferguson Thomas F,Dir,S - Sale+OE,$67.44,-6000,12000,-33%,"-$404,618",0.0,-2.0,-3.0,-4.0,DVN
698,,2009-09-14 15:09:08,2009-09-10,DVN,Whitsitt William F.,EVP PUBLIC AFFAIRS,F - Tax,$65.43,-280,13420,-2%,"-$18,320",1.0,8.0,5.0,5.0,DVN
699,D,2009-08-25 17:24:40,2009-08-24,DVN,Hill John A,Dir,M - OptEx,$21.80,2200,114860,+2%,"+$47,969",-1.0,-2.0,11.0,9.0,DVN
700,,2009-08-04 11:16:29,2009-07-31,DVN,Rudolph Frank W,EVP HR,F - Tax,$58.09,-320,21655,-1%,"-$18,589",1.0,7.0,-1.0,19.0,DVN
701,,2009-07-24 16:40:36,2009-07-10,DVN,Ricciardello Mary P,Dir,P - Purchase,$50.61,500,7714,+7%,"+$25,304",0.0,-2.0,10.0,19.0,DVN
702,D,2009-06-04 16:30:50,2009-06-03,DVN,Ricciardello Mary P,Dir,A - Grant,$0.00,2000,7211,+38%,+$0,-1.0,-3.0,-21.0,6.0,DVN
703,D,2009-06-04 16:29:34,2009-06-03,DVN,Mosbacher Robert A Jr,Dir,A - Grant,$0.00,2000,20611,+11%,+$0,-1.0,-3.0,-21.0,6.0,DVN
704,D,2009-06-04 16:28:25,2009-06-03,DVN,Mitchell J Todd,Dir,A - Grant,$0.00,2000,47183,+4%,+$0,-1.0,-3.0,-21.0,6.0,DVN
705,D,2009-06-04 16:27:23,2009-06-03,DVN,Kanovsky Michael M,Dir,A - Grant,$0.00,2000,93052,+2%,+$0,-1.0,-3.0,-21.0,6.0,DVN
706,D,2009-06-04 16:26:16,2009-06-03,DVN,Howard Robert L,Dir,A - Grant,$0.00,2000,48815,+4%,+$0,-1.0,-3.0,-21.0,6.0,DVN
707,D,2009-06-04 16:25:00,2009-06-03,DVN,Hill John A,Dir,A - Grant,$0.00,2000,112660,+2%,+$0,-1.0,-3.0,-21.0,6.0,DVN
708,D,2009-06-04 16:23:34,2009-06-03,DVN,Ferguson Thomas F,Dir,A - Grant,$0.00,2000,12000,+20%,+$0,-1.0,-3.0,-21.0,6.0,DVN
709,,2009-06-03 16:58:33,2009-06-02,DVN,Rudolph Frank W,EVP HR,S - Sale,$66.02,-1921,21975,-8%,"-$126,824",3.0,1.0,-12.0,6.0,DVN
710,D,2009-05-11 17:10:07,2009-05-08,DVN,Kanovsky Michael M,Dir,M - OptEx,$15.75,6000,91052,+7%,"+$94,500",2.0,-8.0,1.0,9.0,DVN
711,D,2009-04-29 15:13:52,2009-04-28,DVN,Hill John A,Dir,M - OptEx,$20.67,4400,110660,+4%,"+$90,938",3.0,7.0,22.0,32.0,DVN
712,D,2009-04-01 18:34:00,2009-03-31,DVN,Hager David A,"EVP EXPLORATION, PRODUCTION",A - Grant,$0.00,20000,38500,+108%,+$0,4.0,0.0,12.0,48.0,DVN
713,M,2009-03-13 13:35:16,2005-06-20,DVN,Mitchell J Todd,Dir,G - Gift,$0.00,23636,38922,+155%,+$0,2.0,11.0,11.0,49.0,DVN
714,,2008-12-15 16:21:26,2008-12-12,DVN,Taylor Lyndon C,EVP GC,F - Tax,$68.05,-1596,47996,-3%,"-$108,608",4.0,-1.0,-9.0,-6.0,DVN
715,,2008-12-15 16:20:21,2008-12-12,DVN,Smette Darryl G,"EVP MARKETING, MIDSTREAM",F - Tax,$68.05,-2476,97146,-2%,"-$168,492",4.0,-1.0,-9.0,-6.0,DVN
716,,2008-12-15 16:19:19,2008-12-12,DVN,Richels John,Pres,F - Tax,$68.05,-4332,141225,-3%,"-$294,793",4.0,-1.0,-9.0,-6.0,DVN
717,,2008-12-15 16:18:12,2008-12-12,DVN,Nichols J Larry,"COB, CEO",F - Tax,$68.05,-11496,1734183,-1%,"-$782,303",4.0,-1.0,-9.0,-6.0,DVN
718,,2008-12-15 16:17:08,2008-12-12,DVN,Marcum R. Alan,EVP ADMINISTRATION,F - Tax,$68.05,-1296,32465,-4%,"-$88,193",4.0,-1.0,-9.0,-6.0,DVN
719,,2008-12-15 15:59:29,2008-12-12,DVN,Heatly Danny J,"SVP ACCOUNTING, CHIEF ACCTG OF",F - Tax,$68.05,-1488,47254,-3%,"-$101,258",-1.0,-2.0,-10.0,-7.0,DVN
720,,2008-12-15 15:58:17,2008-12-12,DVN,Hadden Stephen J,"EVP EXPLORATION, PRODUCTION",F - Tax,$68.05,-2790,70558,-4%,"-$189,860",-1.0,-2.0,-10.0,-7.0,DVN
721,,2008-12-12 16:41:15,2008-12-10,DVN,Taylor Lyndon C,EVP GC,F - Tax,$72.56,-727,49592,-1%,"-$52,751",-1.0,-5.0,-5.0,-6.0,DVN
722,,2008-12-12 16:40:05,2008-12-10,DVN,Smette Darryl G,"EVP MARKETING, MIDSTREAM",F - Tax,$72.56,-1207,99622,-1%,"-$87,580",-1.0,-5.0,-5.0,-6.0,DVN
723,,2008-12-12 16:38:57,2008-12-10,DVN,Rudolph Frank W,EVP HR,F - Tax,$72.56,-584,23896,-2%,"-$42,375",-1.0,-5.0,-5.0,-6.0,DVN
724,,2008-12-12 16:37:56,2008-12-10,DVN,Richels John,Pres,F - Tax,$72.56,-3063,145557,-2%,"-$222,251",-1.0,-5.0,-5.0,-6.0,DVN
725,,2008-12-12 16:36:53,2008-12-10,DVN,Nichols J Larry,"COB, CEO",F - Tax,$72.56,-6136,1745679,0%,"-$445,228",-1.0,-5.0,-5.0,-6.0,DVN
726,,2008-12-12 16:35:37,2008-12-10,DVN,Marcum R. Alan,EVP ADMINISTRATION,F - Tax,$72.56,-518,33761,-2%,"-$37,586",-1.0,-5.0,-5.0,-6.0,DVN
727,,2008-12-12 16:34:22,2008-12-10,DVN,Heatly Danny J,"SVP ACCOUNTING, CHIEF ACCTG OF",F - Tax,$72.56,-728,48742,-1%,"-$52,824",-1.0,-5.0,-5.0,-6.0,DVN
728,,2008-12-12 16:33:11,2008-12-10,DVN,Hadden Stephen J,"EVP EXPLORATION, PRODUCTION",F - Tax,$72.56,-1836,73348,-2%,"-$133,220",-1.0,-5.0,-5.0,-6.0,DVN
729,,2008-12-11 16:50:33,2008-12-09,DVN,Smette Darryl G,"EVP MARKETING, MIDSTREAM",F - Tax,$66.24,-2098,100829,-2%,"-$138,972",-4.0,-3.0,-11.0,-7.0,DVN
730,,2008-12-11 16:49:27,2008-12-09,DVN,Richels John,Pres,F - Tax,$66.24,-2885,148620,-2%,"-$191,102",-4.0,-3.0,-11.0,-7.0,DVN
731,,2008-12-11 16:48:10,2008-12-09,DVN,Nichols J Larry,"COB, CEO",F - Tax,$66.24,-6555,1751815,0%,"-$434,203",-4.0,-3.0,-11.0,-7.0,DVN
732,,2008-12-11 16:46:49,2008-12-09,DVN,Marcum R. Alan,EVP ADMINISTRATION,F - Tax,$66.24,-767,34279,-2%,"-$50,806",-4.0,-3.0,-11.0,-7.0,DVN
733,,2008-12-11 16:45:10,2008-12-09,DVN,Heatly Danny J,"SVP ACCOUNTING, CHIEF ACCTG OF",F - Tax,$66.24,-1049,49470,-2%,"-$69,486",-4.0,-3.0,-11.0,-7.0,DVN
734,,2008-12-11 16:35:02,2008-12-09,DVN,Hadden Stephen J,"EVP EXPLORATION, PRODUCTION",F - Tax,$66.24,-2098,75184,-3%,"-$138,972",-4.0,-3.0,-11.0,-7.0,DVN
735,D,2008-12-10 18:29:09,2008-12-08,DVN,Whitsitt William F.,EVP PUBLIC AFFAIRS,A - Grant,$0.00,10000,13700,+270%,+$0,-2.0,-3.0,-10.0,-9.0,DVN
736,D,2008-12-10 18:27:55,2008-12-08,DVN,Taylor Lyndon C,EVP GC,A - Grant,$0.00,14400,50319,+40%,+$0,-2.0,-3.0,-10.0,-9.0,DVN
737,D,2008-12-10 18:26:40,2008-12-08,DVN,Smette Darryl G,"EVP MARKETING, MIDSTREAM",A - Grant,$0.00,16000,102927,+18%,+$0,-2.0,-3.0,-10.0,-9.0,DVN
738,D,2008-12-10 18:25:24,2008-12-08,DVN,Rudolph Frank W,EVP HR,A - Grant,$0.00,13500,24480,+123%,+$0,-2.0,-3.0,-10.0,-9.0,DVN
739,D,2008-12-10 18:24:17,2008-12-08,DVN,Marcum R. Alan,EVP ADMINISTRATION,A - Grant,$0.00,12000,35046,+52%,+$0,-2.0,-3.0,-10.0,-9.0,DVN
740,D,2008-12-10 18:22:58,2008-12-08,DVN,Heatly Danny J,"SVP ACCOUNTING, CHIEF ACCTG OF",A - Grant,$0.00,10332,50519,+26%,+$0,-2.0,-3.0,-10.0,-9.0,DVN
741,D,2008-12-10 18:21:33,2008-12-08,DVN,Hadden Stephen J,"EVP EXPLORATION, PRODUCTION",A - Grant,$0.00,22300,77282,+41%,+$0,-2.0,-3.0,-10.0,-9.0,DVN
742,D,2008-12-10 18:20:03,2008-12-08,DVN,Richels John,Pres,A - Grant,$0.00,48500,151505,+47%,+$0,-2.0,-3.0,-10.0,-9.0,DVN
743,D,2008-12-10 18:18:31,2008-12-08,DVN,Nichols J Larry,"COB, CEO",A - Grant,$0.00,92100,1758370,+6%,+$0,-2.0,-3.0,-10.0,-9.0,DVN
744,D,2008-12-10 18:18:31,2008-12-08,DVN,Nichols J Larry,"COB, CEO",F - Tax,$65.32,-43913,1758370,-2%,"-$2,868,397",-2.0,-3.0,-10.0,-9.0,DVN
745,D,2008-12-10 18:18:31,2008-12-08,DVN,Nichols J Larry,"COB, CEO",M - OptEx,$14.56,80000,1758370,+5%,"+$1,165,000",-2.0,-3.0,-10.0,-9.0,DVN
746,,2008-10-14 07:53:50,2008-10-10,DVN,Hager David A,Dir,P - Purchase,$60.58,12000,22000,+120%,"+$726,960",3.0,9.0,2.0,-31.0,DVN
747,,2008-10-14 07:52:21,2008-10-09,DVN,Ricciardello Mary P,Dir,P - Purchase,$69.77,200,5200,+4%,"+$13,954",3.0,9.0,2.0,-31.0,DVN
748,D,2008-09-11 15:43:33,2008-09-10,DVN,Whitsitt William F.,EVP - PUBLIC AFFAIRS,A - Grant,$0.00,3500,3700,>999%,+$0,1.0,3.0,-31.0,-52.0,DVN
749,,2008-08-04 10:55:49,2008-07-31,DVN,Rudolph Frank W,SVP-HR,F - Tax,$94.89,-320,10980,-3%,"-$30,365",-7.0,-6.0,1.0,-37.0,DVN
750,,2008-07-22 11:33:52,2008-07-18,DVN,Ricciardello Mary P,Dir,P - Purchase,$98.33,200,5000,+4%,"+$19,666",-4.0,-8.0,-5.0,-47.0,DVN
751,,2008-07-17 17:48:44,2008-07-16,DVN,Ricciardello Mary P,Dir,P - Purchase,$100.08,200,4800,+4%,"+$20,016",1.0,-4.0,-1.0,-36.0,DVN
752,D,2008-07-07 11:28:16,2008-07-02,DVN,Smette Darryl G,"SVP-Marketing, Midstream",M - OptEx,$17.43,5000,86927,+6%,"+$87,125",-6.0,-6.0,-25.0,-42.0,DVN
753,D,2008-07-07 11:28:16,2008-07-02,DVN,Smette Darryl G,"SVP-Marketing, Midstream",S - Sale+OE,$126.02,-5000,86927,-5%,"-$630,109",-6.0,-6.0,-25.0,-42.0,DVN
754,D,2008-07-01 17:26:20,2008-06-30,DVN,Marcum R. Alan,SVP ADMINISTRATION,A - Grant,$0.00,500,23046,+2%,+$0,-3.0,-12.0,-22.0,-48.0,DVN
755,D,2008-06-05 18:19:03,2008-06-04,DVN,Ricciardello Mary P,Dir,A - Grant,$0.00,2000,4600,+77%,+$0,-1.0,-1.0,1.0,-44.0,DVN
756,D,2008-06-05 18:17:19,2008-06-04,DVN,Mitchell J Todd,Dir,A - Grant,$0.00,2000,14697,+16%,+$0,-1.0,-1.0,1.0,-44.0,DVN
757,D,2008-06-05 18:15:25,2008-06-04,DVN,Kanovsky Michael M,Dir,A - Grant,$0.00,2000,85052,+2%,+$0,-1.0,-1.0,1.0,-44.0,DVN
758,D,2008-06-05 18:14:21,2008-06-04,DVN,Howard Robert L,Dir,A - Grant,$0.00,2000,46815,+4%,+$0,-1.0,-1.0,1.0,-44.0,DVN
759,D,2008-06-05 18:11:45,2008-06-04,DVN,Hill John A,Dir,A - Grant,$0.00,2000,106260,+2%,+$0,-1.0,-1.0,1.0,-44.0,DVN
760,D,2008-06-05 18:08:47,2008-06-04,DVN,Hager David A,Dir,A - Grant,$0.00,2000,10000,+25%,+$0,-1.0,-1.0,1.0,-44.0,DVN
761,D,2008-06-05 18:07:05,2008-06-04,DVN,Ferguson Thomas F,Dir,A - Grant,$0.00,2000,10000,+25%,+$0,-1.0,-1.0,1.0,-44.0,DVN
762,D,2008-05-29 12:14:35,2008-05-28,DVN,Heatly Danny J,VP ACCOUNTING,M - OptEx,$23.85,5700,40187,+17%,"+$135,960",-3.0,-6.0,-4.0,-39.0,DVN
763,D,2008-05-22 15:17:48,2008-05-21,DVN,Smette Darryl G,"SVP-Marketing, Midstream",M - OptEx,$17.43,10000,86927,+13%,"+$174,250",0.0,-6.0,-3.0,-42.0,DVN
764,D,2008-05-22 15:17:48,2008-05-21,DVN,Smette Darryl G,"SVP-Marketing, Midstream",S - Sale+OE,$126.00,-10000,86927,-10%,"-$1,260,000",0.0,-6.0,-3.0,-42.0,DVN
765,D,2008-05-21 14:51:41,2008-05-19,DVN,Smette Darryl G,"SVP-Marketing, Midstream",M - OptEx,$17.43,6000,86927,+7%,"+$104,550",-1.0,-4.0,-4.0,-44.0,DVN
766,D,2008-05-21 14:51:41,2008-05-19,DVN,Smette Darryl G,"SVP-Marketing, Midstream",S - Sale+OE,$123.50,-6000,86927,-6%,"-$741,000",-1.0,-4.0,-4.0,-44.0,DVN
767,D,2008-05-21 14:31:27,2008-05-19,DVN,Gavrin David M,Dir,F - Tax,$122.23,-914,190612,0%,"-$111,718",-1.0,-4.0,-4.0,-44.0,DVN
768,D,2008-05-21 14:31:27,2008-05-19,DVN,Gavrin David M,Dir,M - OptEx,$18.63,6000,190612,+3%,"+$111,750",-1.0,-4.0,-4.0,-44.0,DVN
769,D,2008-05-12 16:53:23,2008-05-08,DVN,Heatly Danny J,VP ACCOUNTING,M - OptEx,$23.89,10000,34487,+41%,"+$238,900",1.0,4.0,0.0,-36.0,DVN
770,D,2008-05-12 16:53:23,2008-05-08,DVN,Heatly Danny J,VP ACCOUNTING,S - Sale+OE,$116.20,-10000,34487,-22%,"-$1,161,996",1.0,4.0,0.0,-36.0,DVN
771,D,2008-05-12 16:48:52,2008-05-09,DVN,Ferguson Thomas F,Dir,M - OptEx,$15.75,6000,8000,+300%,"+$94,500",1.0,4.0,0.0,-36.0,DVN
772,D,2008-05-12 16:48:52,2008-05-09,DVN,Ferguson Thomas F,Dir,S - Sale+OE,$114.58,-6000,8000,-43%,"-$687,450",1.0,4.0,0.0,-36.0,DVN
773,D,2008-04-25 16:06:05,2008-04-23,DVN,Moon Marian J,SVP - Administration,M - OptEx,$24.63,71662,73378,>999%,"+$1,765,019",0.0,-7.0,0.0,-43.0,DVN
774,D,2008-04-25 16:06:05,2008-04-23,DVN,Moon Marian J,SVP - Administration,S - Sale+OE,$120.50,-71662,73378,-49%,"-$8,635,357",0.0,-7.0,0.0,-43.0,DVN
775,D,2008-04-24 16:19:47,2008-04-22,DVN,Smette Darryl G,"SVP-Marketing, Midstream",M - OptEx,$17.43,15000,86927,+21%,"+$261,375",3.0,-2.0,7.0,-32.0,DVN
776,D,2008-04-24 16:19:47,2008-04-22,DVN,Smette Darryl G,"SVP-Marketing, Midstream",S - Sale+OE,$121.00,-15000,86927,-15%,"-$1,815,000",3.0,-2.0,7.0,-32.0,DVN
777,D,2008-04-18 15:54:48,2008-04-16,DVN,Smette Darryl G,"SVP-Marketing, Midstream",M - OptEx,$17.43,12000,86927,+16%,"+$209,100",2.0,-1.0,5.0,-46.0,DVN
778,D,2008-04-18 15:54:48,2008-04-16,DVN,Smette Darryl G,"SVP-Marketing, Midstream",S - Sale+OE,$115.50,-12000,86927,-12%,"-$1,386,000",2.0,-1.0,5.0,-46.0,DVN
779,D,2008-04-10 15:56:34,2008-04-09,DVN,Smette Darryl G,"SVP-Marketing, Midstream",M - OptEx,$25.85,8500,86927,+11%,"+$219,725",0.0,4.0,5.0,-35.0,DVN
780,D,2008-04-10 15:56:34,2008-04-09,DVN,Smette Darryl G,"SVP-Marketing, Midstream",S - Sale+OE,$112.50,-8500,86927,-9%,"-$956,250",0.0,4.0,5.0,-35.0,DVN
781,D,2008-04-09 09:59:47,2008-04-08,DVN,Smette Darryl G,"SVP-Marketing, Midstream",M - OptEx,$25.85,8500,86927,+11%,"+$219,725",1.0,2.0,5.0,-30.0,DVN
782,D,2008-04-09 09:59:47,2008-04-08,DVN,Smette Darryl G,"SVP-Marketing, Midstream",S - Sale+OE,$111.00,-8500,86927,-9%,"-$943,500",1.0,2.0,5.0,-30.0,DVN
783,D,2008-04-08 13:01:42,2008-04-07,DVN,Smette Darryl G,"SVP-Marketing, Midstream",M - OptEx,$25.85,10000,86927,+13%,"+$258,500",2.0,3.0,11.0,-24.0,DVN
784,D,2008-04-08 13:01:42,2008-04-07,DVN,Smette Darryl G,"SVP-Marketing, Midstream",S - Sale+OE,$110.00,-10000,86927,-10%,"-$1,100,000",2.0,3.0,11.0,-24.0,DVN
785,D,2008-04-07 12:16:03,2008-04-04,DVN,Richels John,Pres,M - OptEx,$22.48,50000,103005,+94%,"+$1,124,000",1.0,2.0,7.0,-22.0,DVN
786,D,2008-04-07 12:16:03,2008-04-04,DVN,Richels John,Pres,S - Sale+OE,$108.14,-50000,103005,-33%,"-$5,407,070",1.0,2.0,7.0,-22.0,DVN
787,D,2008-03-03 16:51:47,2008-02-28,DVN,Smette Darryl G,"SVP-Marketing, Midstream",M - OptEx,$25.85,10000,86927,+13%,"+$258,500",-2.0,-3.0,0.0,0.0,DVN
788,D,2008-03-03 16:51:47,2008-02-28,DVN,Smette Darryl G,"SVP-Marketing, Midstream",S - Sale+OE,$103.50,-10000,86927,-10%,"-$1,035,000",-2.0,-3.0,0.0,0.0,DVN
789,D,2008-02-28 11:23:38,2008-02-27,DVN,Smette Darryl G,"SVP-Marketing, Midstream",M - OptEx,$25.85,5000,86927,+6%,"+$129,250",5.0,3.0,4.0,5.0,DVN
790,D,2008-02-28 11:23:38,2008-02-27,DVN,Smette Darryl G,"SVP-Marketing, Midstream",S - Sale+OE,$103.50,-5000,86927,-5%,"-$517,500",5.0,3.0,4.0,5.0,DVN
791,D,2008-02-28 11:20:03,2008-02-26,DVN,Heatly Danny J,VP ACCOUNTING,M - OptEx,$23.05,7000,34487,+25%,"+$161,315",5.0,3.0,4.0,5.0,DVN
792,D,2008-02-28 11:20:03,2008-02-26,DVN,Heatly Danny J,VP ACCOUNTING,S - Sale+OE,$101.89,-7000,34487,-17%,"-$713,236",5.0,3.0,4.0,5.0,DVN
793,D,2008-02-27 17:01:26,2008-02-25,DVN,Smette Darryl G,"SVP-Marketing, Midstream",M - OptEx,$25.85,15000,86927,+21%,"+$387,750",5.0,1.0,5.0,1.0,DVN
794,D,2008-02-27 17:01:26,2008-02-25,DVN,Smette Darryl G,"SVP-Marketing, Midstream",S - Sale+OE,$100.00,-15000,86927,-15%,"-$1,500,000",5.0,1.0,5.0,1.0,DVN
795,D,2008-02-27 16:58:56,2008-02-12,DVN,Moon Marian J,SVP - Administration,G - Gift,$0.00,-500,73378,-1%,-$0,5.0,1.0,5.0,1.0,DVN
796,D,2008-02-27 16:58:56,2008-02-25,DVN,Moon Marian J,SVP - Administration,M - OptEx,$23.05,63600,73378,+650%,"+$1,465,662",5.0,1.0,5.0,1.0,DVN
797,D,2008-02-27 16:58:56,2008-02-25,DVN,Moon Marian J,SVP - Administration,S - Sale+OE,$99.50,-63600,73378,-46%,"-$6,328,200",5.0,1.0,5.0,1.0,DVN
798,DM,2008-02-21 15:24:31,2008-02-19,DVN,Smette Darryl G,"SVP-Marketing, Midstream",M - OptEx,$21.34,28000,86927,+48%,"+$597,425",-4.0,1.0,-3.0,-2.0,DVN
799,DM,2008-02-21 15:24:31,2008-02-19,DVN,Smette Darryl G,"SVP-Marketing, Midstream",S - Sale+OE,$96.31,-28000,86927,-24%,"-$2,696,661",-4.0,1.0,-3.0,-2.0,DVN
800,D,2008-02-14 15:12:36,2008-02-13,DVN,Heatly Danny J,VP ACCOUNTING,M - OptEx,$23.05,10000,34487,+41%,"+$230,450",1.0,3.0,11.0,6.0,DVN
801,D,2008-02-14 15:12:36,2008-02-13,DVN,Heatly Danny J,VP ACCOUNTING,S - Sale+OE,$92.93,-10000,34487,-22%,"-$929,253",1.0,3.0,11.0,6.0,DVN
802,D,2008-02-13 12:08:28,2008-02-12,DVN,Howard Robert L,Dir,M - OptEx,$17.43,11508,44815,+35%,"+$200,641",1.0,8.0,14.0,1.0,DVN
803,D,2008-02-13 12:08:28,2008-02-12,DVN,Howard Robert L,Dir,S - Sale+OE,$93.28,-11508,44815,-20%,"-$1,073,466",1.0,8.0,14.0,1.0,DVN
804,D,2008-02-12 14:59:48,2008-02-11,DVN,Smette Darryl G,"SVP-Marketing, Midstream",M - OptEx,$15.47,4928,86927,+6%,"+$76,230",-2.0,3.0,9.0,-3.0,DVN
805,D,2008-02-12 14:59:48,2008-02-11,DVN,Smette Darryl G,"SVP-Marketing, Midstream",S - Sale+OE,$93.25,-4928,86927,-5%,"-$459,536",-2.0,3.0,9.0,-3.0,DVN
806,D,2008-02-12 14:56:08,2008-02-11,DVN,Richels John,Pres,M - OptEx,$17.43,17075,103005,+20%,"+$297,532",-2.0,3.0,9.0,-3.0,DVN
807,D,2008-02-12 14:56:08,2008-02-11,DVN,Richels John,Pres,S - Sale+OE,$92.83,-17075,103005,-14%,"-$1,585,127",-2.0,3.0,9.0,-3.0,DVN
808,DM,2008-02-12 14:52:19,2008-02-08,DVN,Moon Marian J,SVP - Administration,M - OptEx,$17.43,61848,73878,+514%,"+$1,077,701",-2.0,3.0,9.0,-3.0,DVN
809,DM,2008-02-12 14:52:19,2008-02-08,DVN,Moon Marian J,SVP - Administration,S - Sale+OE,$90.02,-61848,73878,-46%,"-$5,567,658",-2.0,3.0,9.0,-3.0,DVN
810,D,2008-02-12 14:50:19,2008-02-08,DVN,Hadden Stephen J,"SVP- Exploration, Production",M - OptEx,$34.75,7488,54982,+16%,"+$260,171",-2.0,3.0,9.0,-3.0,DVN
811,D,2008-02-12 14:50:19,2008-02-08,DVN,Hadden Stephen J,"SVP- Exploration, Production",S - Sale+OE,$89.45,-7488,54982,-12%,"-$669,835",-2.0,3.0,9.0,-3.0,DVN
812,D,2008-01-23 09:21:41,2008-01-21,DVN,Nichols J Larry,"COB, CEO",M - OptEx,$18.38,10800,1630183,+1%,"+$198,450",1.0,5.0,21.0,25.0,DVN
813,,2008-01-17 10:56:26,2007-12-11,DVN,Hill John A,Dir,G - Gift,$0.00,-2250,104260,-2%,-$0,-4.0,-3.0,11.0,16.0,DVN
814,D,2008-01-15 17:00:37,2008-01-14,DVN,Nichols J Larry,"COB, CEO",F - Tax,$90.20,-36205,1619383,-2%,"-$3,265,691",-4.0,-9.0,6.0,21.0,DVN
815,D,2008-01-15 17:00:37,2008-01-14,DVN,Nichols J Larry,"COB, CEO",M - OptEx,$18.38,69200,1619383,+4%,"+$1,271,550",-4.0,-9.0,6.0,21.0,DVN
816,D,2008-01-07 14:51:33,2008-01-04,DVN,Richels John,Pres,M - OptEx,$17.43,13925,103005,+16%,"+$242,643",-1.0,-3.0,-6.0,23.0,DVN
817,D,2008-01-07 14:51:33,2008-01-04,DVN,Richels John,Pres,S - Sale+OE,$91.51,-13925,103005,-12%,"-$1,274,303",-1.0,-3.0,-6.0,23.0,DVN
818,DM,2008-01-04 15:08:30,2008-01-02,DVN,Smette Darryl G,"SVP-Marketing, Midstream",M - OptEx,$15.47,17000,86927,+24%,"+$262,970",-3.0,-5.0,-6.0,27.0,DVN
819,DM,2008-01-04 15:08:30,2008-01-02,DVN,Smette Darryl G,"SVP-Marketing, Midstream",S - Sale+OE,$92.89,-17000,86927,-16%,"-$1,579,094",-3.0,-5.0,-6.0,27.0,DVN
820,D,2007-12-28 10:59:23,2007-12-27,DVN,Heatly Danny J,VP ACCOUNTING,M - OptEx,$25.85,5500,34487,+19%,"+$142,175",0.0,0.0,-8.0,28.0,DVN
821,D,2007-12-28 10:59:23,2007-12-27,DVN,Heatly Danny J,VP ACCOUNTING,S - Sale+OE,$91.36,-5500,34487,-14%,"-$502,499",0.0,0.0,-8.0,28.0,DVN
822,D,2007-12-26 12:25:36,2007-12-21,DVN,Hadden Stephen J,"SVP- Exploration, Production",M - OptEx,$34.75,9000,54982,+20%,"+$312,705",-1.0,0.0,-12.0,26.0,DVN
823,D,2007-12-26 12:25:36,2007-12-21,DVN,Hadden Stephen J,"SVP- Exploration, Production",S - Sale+OE,$89.74,-9000,54982,-14%,"-$807,617",-1.0,0.0,-12.0,26.0,DVN
824,D,2007-12-13 16:40:34,2007-12-12,DVN,Smette Darryl G,"SVP-Marketing, Midstream",F - Tax,$89.59,-2485,86927,-3%,"-$222,631",-1.0,-3.0,0.0,30.0,DVN
825,D,2007-12-13 16:40:34,2007-12-12,DVN,Smette Darryl G,"SVP-Marketing, Midstream",M - OptEx,$15.47,10500,86927,+14%,"+$162,422",-1.0,-3.0,0.0,30.0,DVN
826,D,2007-12-13 16:40:34,2007-12-12,DVN,Smette Darryl G,"SVP-Marketing, Midstream",S - Sale+OE,$90.25,-10500,86927,-11%,"-$947,625",-1.0,-3.0,0.0,30.0,DVN
827,,2007-12-13 16:38:32,2007-12-12,DVN,Richels John,Pres,F - Tax,$89.59,-4348,103005,-4%,"-$389,537",-1.0,-3.0,0.0,30.0,DVN
828,,2007-12-13 16:36:37,2007-12-12,DVN,Nichols J Larry,"COB, CEO",F - Tax,$89.59,-11536,1586388,-1%,"-$1,033,510",-1.0,-3.0,0.0,30.0,DVN
829,,2007-12-13 16:35:05,2007-12-12,DVN,Moon Marian J,SVP - Administration,F - Tax,$89.59,-2158,73878,-3%,"-$193,335",-1.0,-3.0,0.0,30.0,DVN
830,,2007-12-13 16:33:25,2007-12-12,DVN,Heatly Danny J,VP ACCOUNTING,F - Tax,$89.59,-1263,34487,-4%,"-$113,152",-1.0,-3.0,0.0,30.0,DVN
831,,2007-12-13 16:31:18,2007-12-12,DVN,Hadden Stephen J,"SVP- Exploration, Production",F - Tax,$89.59,-2801,54982,-5%,"-$250,942",-1.0,-3.0,0.0,30.0,DVN
832,D,2007-12-12 18:23:23,2007-12-10,DVN,Taylor Lyndon C,"SVP, GC",A - Grant,$0.00,9100,35919,+34%,+$0,0.0,-3.0,-3.0,31.0,DVN
833,D,2007-12-12 18:21:20,2007-12-10,DVN,Smette Darryl G,"SVP-Marketing, Midstream",A - Grant,$0.00,11500,89412,+15%,+$0,0.0,-3.0,-3.0,31.0,DVN
834,D,2007-12-12 18:21:20,2007-12-09,DVN,Smette Darryl G,"SVP-Marketing, Midstream",F - Tax,$87.97,-2105,89412,-2%,"-$185,177",0.0,-3.0,-3.0,31.0,DVN
835,D,2007-12-12 18:20:04,2007-12-10,DVN,Rudolph Frank W,SVP-HR,A - Grant,$0.00,7300,11300,+183%,+$0,0.0,-3.0,-3.0,31.0,DVN
836,D,2007-12-12 18:17:58,2007-12-10,DVN,Richels John,Pres,A - Grant,$0.00,29200,107353,+37%,+$0,0.0,-3.0,-3.0,31.0,DVN
837,D,2007-12-12 18:17:58,2007-12-09,DVN,Richels John,Pres,F - Tax,$87.97,-2895,107353,-3%,"-$254,673",0.0,-3.0,-3.0,31.0,DVN
838,D,2007-12-12 18:16:26,2007-12-10,DVN,Nichols J Larry,"COB, CEO",A - Grant,$0.00,58500,1597924,+4%,+$0,0.0,-3.0,-3.0,31.0,DVN
839,D,2007-12-12 18:16:26,2007-12-09,DVN,Nichols J Larry,"COB, CEO",F - Tax,$87.97,-6579,1597924,0%,"-$578,755",0.0,-3.0,-3.0,31.0,DVN
840,D,2007-12-12 18:13:43,2007-12-10,DVN,Moon Marian J,SVP - Administration,A - Grant,$0.00,8800,76036,+13%,+$0,0.0,-3.0,-3.0,31.0,DVN
841,D,2007-12-12 18:13:43,2007-12-09,DVN,Moon Marian J,SVP - Administration,F - Tax,$87.97,-1842,76036,-2%,"-$162,041",0.0,-3.0,-3.0,31.0,DVN
842,DM,2007-12-12 18:13:43,2007-12-06,DVN,Moon Marian J,SVP - Administration,G - Gift,$0.00,-480,76036,+1%,-$0,0.0,-3.0,-3.0,31.0,DVN
843,D,2007-12-12 18:11:34,2007-12-10,DVN,Heatly Danny J,VP ACCOUNTING,A - Grant,$0.00,6936,35750,+24%,+$0,0.0,-3.0,-3.0,31.0,DVN
844,D,2007-12-12 18:11:34,2007-12-09,DVN,Heatly Danny J,VP ACCOUNTING,F - Tax,$87.97,-803,35750,-2%,"-$70,640",0.0,-3.0,-3.0,31.0,DVN
845,D,2007-12-12 18:09:07,2007-12-10,DVN,Hadden Stephen J,"SVP- Exploration, Production",A - Grant,$0.00,17500,57783,+43%,+$0,0.0,-3.0,-3.0,31.0,DVN
846,D,2007-12-12 18:09:07,2007-12-09,DVN,Hadden Stephen J,"SVP- Exploration, Production",F - Tax,$87.97,-2106,57783,-4%,"-$185,265",0.0,-3.0,-3.0,31.0,DVN
847,D,2007-12-07 10:29:02,2007-12-06,DVN,Smette Darryl G,"SVP-Marketing, Midstream",M - OptEx,$15.47,9000,80017,+13%,"+$139,219",-1.0,2.0,-1.0,35.0,DVN
848,D,2007-12-07 10:29:02,2007-12-06,DVN,Smette Darryl G,"SVP-Marketing, Midstream",S - Sale+OE,$87.75,-9000,80017,-10%,"-$789,750",-1.0,2.0,-1.0,35.0,DVN
849,,2007-12-05 17:57:52,2007-12-04,DVN,Smette Darryl G,"SVP-Marketing, Midstream",F - Tax,$83.11,-1915,80017,-2%,"-$159,156",4.0,2.0,6.0,39.0,DVN
850,,2007-12-05 17:56:22,2007-12-04,DVN,Richels John,Pres,F - Tax,$83.11,-1915,81048,-2%,"-$159,156",4.0,2.0,6.0,39.0,DVN
851,,2007-12-05 17:54:37,2007-12-04,DVN,Nichols J Larry,"COB, CEO",F - Tax,$83.11,-4210,1546003,0%,"-$349,893",4.0,2.0,6.0,39.0,DVN
852,,2007-12-05 17:53:01,2007-12-04,DVN,Moon Marian J,SVP - Administration,F - Tax,$83.11,-1481,69318,-2%,"-$123,086",4.0,2.0,6.0,39.0,DVN
853,,2007-12-05 17:51:42,2007-12-04,DVN,Heatly Danny J,VP ACCOUNTING,F - Tax,$83.11,-803,29617,-3%,"-$66,737",4.0,2.0,6.0,39.0,DVN
854,D,2007-12-03 17:12:28,2007-11-30,DVN,Ricciardello Mary P,Dir,A - Grant,$0.00,2000,2600,+333%,+$0,0.0,6.0,10.0,41.0,DVN
855,D,2007-12-03 17:12:28,2007-11-30,DVN,Ricciardello Mary P,Dir,P - Purchase,$82.47,600,2600,+30%,"+$49,482",0.0,6.0,10.0,41.0,DVN
856,,2007-12-03 17:08:38,2007-11-30,DVN,Hager David A,Dir,P - Purchase,$82.53,6000,8000,+300%,"+$495,180",0.0,6.0,10.0,41.0,DVN
857,,2007-11-14 17:34:11,2007-11-13,DVN,Hadden Stephen J,"SVP- Exploration, Production",S - Sale,$83.12,-7063,42389,-14%,"-$587,069",-1.0,1.0,5.0,38.0,DVN
858,D,2007-11-13 17:07:54,2007-11-12,DVN,Smette Darryl G,"SVP-Marketing, Midstream",M - OptEx,$15.45,8500,81932,+12%,"+$131,304",0.0,0.0,5.0,36.0,DVN
859,D,2007-11-13 17:07:54,2007-11-12,DVN,Smette Darryl G,"SVP-Marketing, Midstream",S - Sale+OE,$86.95,-8500,81932,-9%,"-$739,075",0.0,0.0,5.0,36.0,DVN
860,D,2007-11-13 17:03:26,2007-11-12,DVN,Ferguson Thomas F,Dir,M - OptEx,$18.63,6000,8000,+300%,"+$111,750",0.0,0.0,5.0,36.0,DVN
861,D,2007-11-13 17:03:26,2007-11-12,DVN,Ferguson Thomas F,Dir,S - Sale+OE,$85.39,-6000,8000,-43%,"-$512,342",0.0,0.0,5.0,36.0,DVN
862,D,2007-10-29 16:33:47,2007-10-26,DVN,Howard Robert L,Dir,F - Tax,$93.21,-6239,44815,-12%,"-$581,537",-4.0,-1.0,-11.0,21.0,DVN
863,D,2007-10-29 16:33:47,2007-10-26,DVN,Howard Robert L,Dir,M - OptEx,$28.10,20700,44815,+86%,"+$581,567",-4.0,-1.0,-11.0,21.0,DVN
864,,2007-10-02 11:53:52,2007-09-30,DVN,Taylor Lyndon C,"SVP, GC",F - Tax,$83.20,-923,26819,-3%,"-$76,794",0.0,0.0,7.0,24.0,DVN
865,A,2007-09-24 15:31:17,2006-09-15,DVN,Richels John,Pres,F - Tax,$65.58,-569,65584,-1%,"-$37,315",-2.0,-2.0,1.0,22.0,DVN
866,,2007-09-18 16:24:40,2007-09-15,DVN,Richels John,Pres,F - Tax,$79.58,-562,82199,-1%,"-$44,724",2.0,1.0,10.0,27.0,DVN
867,,2007-09-18 16:23:25,2007-09-15,DVN,Nichols J Larry,"COB, CEO",F - Tax,$79.58,-1685,1550213,0%,"-$134,092",2.0,1.0,10.0,27.0,DVN
868,D,2007-09-05 11:22:35,2007-08-31,DVN,Hager David A,Dir,A - Grant,$0.00,2000,2000,New,+$0,1.0,2.0,8.0,35.0,DVN
869,D,2007-08-01 16:00:36,2007-07-31,DVN,Rudolph Frank W,SVP-HR,A - Grant,$0.00,4000,4000,New,+$0,1.0,0.0,-5.0,8.0,DVN
870,,2007-08-01 15:58:45,2007-07-31,DVN,Hadden Stephen J,"SVP- Exploration, Production",F - Tax,$74.61,-1124,49452,-2%,"-$83,862",5.0,5.0,0.0,13.0,DVN
871,D,2007-06-19 12:32:42,2007-06-18,DVN,Smette Darryl G,"SVP-Marketing, Midstream",M - OptEx,$15.47,8500,81932,+12%,"+$131,485",0.0,-6.0,-1.0,7.0,DVN
872,D,2007-06-19 12:32:42,2007-06-18,DVN,Smette Darryl G,"SVP-Marketing, Midstream",S - Sale+OE,$82.50,-8500,81932,-9%,"-$701,250",0.0,-6.0,-1.0,7.0,DVN
873,D,2007-06-18 11:14:20,2007-06-15,DVN,Heatly Danny J,VP ACCOUNTING,M - OptEx,$25.85,10000,30420,+49%,"+$258,500",1.0,-3.0,-4.0,9.0,DVN
874,D,2007-06-18 11:14:20,2007-06-15,DVN,Heatly Danny J,VP ACCOUNTING,S - Sale+OE,$81.93,-10000,30420,-25%,"-$819,283",1.0,-3.0,-4.0,9.0,DVN
875,D,2007-06-15 14:21:22,2007-06-14,DVN,Smette Darryl G,"SVP-Marketing, Midstream",M - OptEx,$15.33,8300,81932,+11%,"+$127,213",2.0,0.0,-2.0,11.0,DVN
876,D,2007-06-15 14:21:22,2007-06-14,DVN,Smette Darryl G,"SVP-Marketing, Midstream",S - Sale+OE,$80.75,-8300,81932,-9%,"-$670,225",2.0,0.0,-2.0,11.0,DVN
877,D,2007-06-07 14:54:51,2007-06-06,DVN,Mitchell J Todd,Dir,A - Grant,$0.00,2000,710000,0%,+$0,-2.0,0.0,0.0,5.0,DVN
878,D,2007-06-07 14:53:22,2007-06-06,DVN,Kanovsky Michael M,Dir,A - Grant,$0.00,2000,83052,+2%,+$0,-2.0,0.0,0.0,5.0,DVN
879,D,2007-06-07 14:51:41,2007-06-06,DVN,Johnson William J,Dir,A - Grant,$0.00,2000,25066,+9%,+$0,-2.0,0.0,0.0,5.0,DVN
880,D,2007-06-07 14:50:22,2007-06-06,DVN,Howard Robert L,Dir,A - Grant,$0.00,2000,30354,+7%,+$0,-2.0,0.0,0.0,5.0,DVN
881,D,2007-06-07 14:47:35,2007-06-06,DVN,Hill John A,Dir,A - Grant,$0.00,2000,106510,+2%,+$0,-2.0,0.0,0.0,5.0,DVN
882,D,2007-06-07 14:45:37,2007-06-06,DVN,Gavrin David M,Dir,A - Grant,$0.00,2000,185526,+1%,+$0,-2.0,0.0,0.0,5.0,DVN
883,D,2007-06-07 14:43:39,2007-06-06,DVN,Ferguson Thomas F,Dir,A - Grant,$0.00,2000,8000,+33%,+$0,-2.0,0.0,0.0,5.0,DVN
884,D,2007-05-23 15:46:33,2007-05-21,DVN,Smette Darryl G,"SVP-Marketing, Midstream",M - OptEx,$14.56,7500,81932,+10%,"+$109,219",-1.0,-2.0,4.0,10.0,DVN
885,D,2007-05-23 15:46:33,2007-05-21,DVN,Smette Darryl G,"SVP-Marketing, Midstream",S - Sale+OE,$78.75,-7500,81932,-8%,"-$590,625",-1.0,-2.0,4.0,10.0,DVN
886,D,2007-05-21 09:18:14,2007-05-17,DVN,Smette Darryl G,"SVP-Marketing, Midstream",M - OptEx,$14.56,7000,81932,+9%,"+$101,938",1.0,-2.0,7.0,9.0,DVN
887,D,2007-05-21 09:18:14,2007-05-17,DVN,Smette Darryl G,"SVP-Marketing, Midstream",S - Sale+OE,$77.00,-7000,81932,-8%,"-$539,001",1.0,-2.0,7.0,9.0,DVN
888,D,2007-04-11 13:40:32,2007-04-10,DVN,Smette Darryl G,"SVP-Marketing, Midstream",M - OptEx,$14.56,7000,81932,+9%,"+$101,938",-1.0,-1.0,1.0,14.0,DVN
889,D,2007-04-11 13:40:32,2007-04-10,DVN,Smette Darryl G,"SVP-Marketing, Midstream",S - Sale+OE,$74.08,-7000,81932,-8%,"-$518,583",-1.0,-1.0,1.0,14.0,DVN
890,D,2007-04-05 11:26:08,2007-04-04,DVN,Smette Darryl G,"SVP-Marketing, Midstream",M - OptEx,$14.56,5000,81932,+6%,"+$72,813",1.0,5.0,6.0,17.0,DVN
891,D,2007-04-05 11:26:08,2007-04-04,DVN,Smette Darryl G,"SVP-Marketing, Midstream",S - Sale+OE,$71.02,-5000,81932,-6%,"-$355,100",1.0,5.0,6.0,17.0,DVN
892,D,2007-03-27 12:11:56,2007-03-26,DVN,Smette Darryl G,"SVP-Marketing, Midstream",M - OptEx,$14.56,5000,81932,+6%,"+$72,813",1.0,1.0,8.0,21.0,DVN
893,D,2007-03-27 12:11:56,2007-03-26,DVN,Smette Darryl G,"SVP-Marketing, Midstream",S - Sale+OE,$68.91,-5000,81932,-6%,"-$344,557",1.0,1.0,8.0,21.0,DVN
894,D,2007-03-23 13:44:20,2007-03-22,DVN,Fluor Peter J,Dir,M - OptEx,$22.20,4968,42230,+13%,"+$110,265",0.0,4.0,8.0,24.0,DVN
895,D,2007-03-23 13:44:20,2007-03-22,DVN,Fluor Peter J,Dir,S - Sale+OE,$67.00,-4968,42230,-11%,"-$332,856",0.0,4.0,8.0,24.0,DVN
896,D,2007-02-26 16:20:52,2007-02-23,DVN,Gavrin David M,Dir,F - Tax,$66.15,-1672,183526,-1%,"-$110,603",-2.0,-4.0,3.0,11.0,DVN
897,D,2007-02-26 16:20:52,2007-02-23,DVN,Gavrin David M,Dir,M - OptEx,$18.44,6000,183526,+3%,"+$110,625",-2.0,-4.0,3.0,11.0,DVN
898,D,2007-02-12 15:10:52,2007-02-09,DVN,Howard Robert L,Dir,M - OptEx,$42.39,3228,28354,+13%,"+$136,835",-2.0,-2.0,-7.0,12.0,DVN
899,D,2007-02-12 15:10:52,2007-02-09,DVN,Howard Robert L,Dir,S - Sale+OE,$68.73,-3228,28354,-10%,"-$221,860",-2.0,-2.0,-7.0,12.0,DVN
900,,2007-01-08 16:09:13,2006-12-19,DVN,Moon Marian J,SVP - Administration,G - Gift,$0.00,305,70799,0%,+$0,0.0,0.0,6.0,22.0,DVN
901,,2007-01-08 16:07:47,2006-12-12,DVN,Hill John A,Dir,G - Gift,$0.00,-2320,104510,-2%,-$0,0.0,0.0,6.0,22.0,DVN
902,D,2006-12-19 17:38:40,2006-12-15,DVN,Nichols J Larry,"COB, CEO",F - Tax,$70.68,-26604,1551898,-2%,"-$1,880,371",-1.0,-3.0,-3.0,18.0,DVN
903,D,2006-12-19 17:38:40,2006-12-15,DVN,Nichols J Larry,"COB, CEO",M - OptEx,$16.25,80000,1551898,+5%,"+$1,300,000",-1.0,-3.0,-3.0,18.0,DVN
904,D,2006-12-14 18:42:18,2006-12-12,DVN,Heatly Danny J,VP ACCOUNTING,A - Grant,$0.00,7176,30420,+31%,+$0,-2.0,-5.0,-9.0,16.0,DVN
905,D,2006-12-14 18:42:18,2006-12-12,DVN,Heatly Danny J,VP ACCOUNTING,F - Tax,$71.01,-747,30420,-2%,"-$53,044",-2.0,-5.0,-9.0,16.0,DVN
906,D,2006-12-14 18:39:29,2006-12-12,DVN,Smette Darryl G,"SVP-Marketing, Midstream",A - Grant,$0.00,12300,81932,+18%,+$0,-2.0,-5.0,-9.0,16.0,DVN
907,D,2006-12-14 18:39:29,2006-12-12,DVN,Smette Darryl G,"SVP-Marketing, Midstream",F - Tax,$71.01,-1269,81932,-2%,"-$90,112",-2.0,-5.0,-9.0,16.0,DVN
908,D,2006-12-14 18:36:06,2006-12-12,DVN,Richels John,Pres,A - Grant,$0.00,24600,82761,+42%,+$0,-2.0,-5.0,-9.0,16.0,DVN
909,D,2006-12-14 18:36:06,2006-12-12,DVN,Richels John,Pres,F - Tax,$71.01,-1782,82761,-2%,"-$126,540",-2.0,-5.0,-9.0,16.0,DVN
910,D,2006-12-14 18:32:47,2006-12-12,DVN,Nichols J Larry,"COB, CEO",A - Grant,$0.00,55400,1498502,+4%,+$0,-2.0,-5.0,-9.0,16.0,DVN
911,D,2006-12-14 18:31:26,2006-12-12,DVN,Moon Marian J,SVP - Administration,A - Grant,$0.00,10600,70944,+18%,+$0,-2.0,-5.0,-9.0,16.0,DVN
912,D,2006-12-14 18:31:26,2006-12-12,DVN,Moon Marian J,SVP - Administration,F - Tax,$71.01,-1081,70944,-2%,"-$76,762",-2.0,-5.0,-9.0,16.0,DVN
913,D,2006-12-14 18:27:51,2006-12-12,DVN,Hadden Stephen J,"SVP- Exploration, Production",A - Grant,$0.00,14100,50576,+39%,+$0,-2.0,-5.0,-9.0,16.0,DVN
914,D,2006-12-14 18:27:51,2006-12-12,DVN,Hadden Stephen J,"SVP- Exploration, Production",F - Tax,$71.01,-1334,50576,-3%,"-$94,727",-2.0,-5.0,-9.0,16.0,DVN
915,,2006-12-11 15:30:59,2006-12-09,DVN,Smette Darryl G,"SVP-Marketing, Midstream",F - Tax,$72.07,-2247,70901,-3%,"-$161,941",-1.0,-2.0,-11.0,11.0,DVN
916,,2006-12-11 15:27:39,2006-12-09,DVN,Richels John,Pres,F - Tax,$72.07,-2935,59943,-5%,"-$211,525",-1.0,-2.0,-11.0,11.0,DVN
917,,2006-12-11 15:26:23,2006-12-09,DVN,Moon Marian J,SVP - Administration,F - Tax,$72.07,-1911,61425,-3%,"-$137,726",-1.0,-2.0,-11.0,11.0,DVN
918,,2006-12-11 15:23:23,2006-12-09,DVN,Hadden Stephen J,"SVP- Exploration, Production",F - Tax,$72.07,-2135,37810,-5%,"-$153,869",-1.0,-2.0,-11.0,11.0,DVN
919,,2006-12-11 15:21:22,2006-12-09,DVN,Heatly Danny J,VP ACCOUNTING,F - Tax,$72.07,-1067,23991,-4%,"-$76,899",-1.0,-2.0,-11.0,11.0,DVN
920,,2006-12-06 14:31:14,2006-12-04,DVN,Smette Darryl G,"SVP-Marketing, Midstream",F - Tax,$73.07,-2045,73148,-3%,"-$149,428",-1.0,-4.0,-11.0,6.0,DVN
921,,2006-12-06 14:28:03,2006-12-04,DVN,Richels John,Pres,F - Tax,$73.07,-1942,62878,-3%,"-$141,902",-1.0,-4.0,-11.0,6.0,DVN
922,,2006-12-06 14:25:05,2006-12-04,DVN,Moon Marian J,SVP - Administration,F - Tax,$73.07,-1988,63336,-3%,"-$145,263",-1.0,-4.0,-11.0,6.0,DVN
923,,2006-12-06 14:22:12,2006-12-04,DVN,Jennings Brian J,"SVP, CFO",F - Tax,$73.07,-1853,47278,-4%,"-$135,399",-1.0,-4.0,-11.0,6.0,DVN
924,,2006-12-06 14:07:29,2006-12-04,DVN,Heatly Danny J,VP ACCOUNTING,F - Tax,$73.07,-1067,25058,-4%,"-$77,966",-1.0,-4.0,-11.0,6.0,DVN
925,D,2006-11-13 14:57:37,2006-11-09,DVN,Smette Darryl G,"SVP-Marketing, Midstream",M - OptEx,$14.56,7000,75193,+10%,"+$101,938",0.0,0.0,1.0,8.0,DVN
926,D,2006-11-13 14:57:37,2006-11-09,DVN,Smette Darryl G,"SVP-Marketing, Midstream",S - Sale+OE,$69.73,-7000,75193,-9%,"-$488,110",0.0,0.0,1.0,8.0,DVN
927,D,2006-11-13 14:54:42,2006-11-09,DVN,Moon Marian J,SVP - Administration,M - OptEx,$23.19,100462,65324,-286%,"+$2,329,782",0.0,0.0,1.0,8.0,DVN
928,D,2006-11-13 14:54:42,2006-11-09,DVN,Moon Marian J,SVP - Administration,S - Sale+OE,$70.42,-85462,65324,-57%,"-$6,018,354",0.0,0.0,1.0,8.0,DVN
929,D,2006-11-06 15:56:33,2006-11-03,DVN,Ferguson Thomas F,Dir,M - OptEx,$18.44,6000,6000,New,"+$110,625",0.0,2.0,8.0,9.0,DVN
930,D,2006-11-06 15:56:33,2006-11-03,DVN,Ferguson Thomas F,Dir,S - Sale+OE,$69.00,-6000,6000,-50%,"-$413,984",0.0,2.0,8.0,9.0,DVN
931,D,2006-10-17 11:59:53,2006-10-16,DVN,Ligon Duke R,"SVP, GC",M - OptEx,$25.85,20000,54280,+58%,"+$517,000",-1.0,-1.0,4.0,8.0,DVN
932,D,2006-10-17 11:59:53,2006-10-16,DVN,Ligon Duke R,"SVP, GC",S - Sale+OE,$66.70,-20000,54280,-27%,"-$1,334,010",-1.0,-1.0,4.0,8.0,DVN
933,,2006-09-18 17:29:53,2006-09-15,DVN,Richels John,Pres,F - Tax,$65.58,-1333,64820,-2%,"-$87,418",-4.0,-9.0,0.0,-1.0,DVN
934,,2006-09-18 17:27:40,2006-09-15,DVN,Jennings Brian J,"SVP, CFO",F - Tax,$65.58,-1333,49833,-3%,"-$87,418",-4.0,-9.0,0.0,-1.0,DVN
935,,2006-09-11 14:57:36,2006-09-08,DVN,Hill John A,Dir,P - Purchase,$67.74,5000,106830,+5%,"+$338,700",-3.0,-3.0,-9.0,-6.0,DVN
936,,2006-09-08 17:29:42,2006-09-07,DVN,Jennings Brian J,"SVP, CFO",S - Sale,$70.00,-10000,51166,-16%,"-$700,000",-3.0,-4.0,-7.0,-4.0,DVN
937,D,2006-09-08 16:51:12,2006-09-06,DVN,Heatly Danny J,VP ACCOUNTING,M - OptEx,$23.05,25000,26125,>999%,"+$576,125",-3.0,-4.0,-7.0,-4.0,DVN
938,D,2006-09-08 16:51:12,2006-09-06,DVN,Heatly Danny J,VP ACCOUNTING,S - Sale+OE,$71.14,-25000,26125,-49%,"-$1,778,503",-3.0,-4.0,-7.0,-4.0,DVN
939,D,2006-09-08 16:48:46,2006-09-06,DVN,Smette Darryl G,"SVP-Marketing, Midstream",M - OptEx,$18.06,36400,75193,+94%,"+$657,375",-3.0,-4.0,-7.0,-4.0,DVN
940,D,2006-09-08 16:48:46,2006-09-06,DVN,Smette Darryl G,"SVP-Marketing, Midstream",S - Sale+OE,$72.50,-36400,75193,-33%,"-$2,639,000",-3.0,-4.0,-7.0,-4.0,DVN
941,D,2006-06-08 19:10:07,2006-06-07,DVN,Mitchell J Todd,Dir,A - Grant,$0.00,2000,708000,0%,+$0,-3.0,-4.0,12.0,36.0,DVN
942,D,2006-06-08 19:02:01,2006-06-07,DVN,Kanovsky Michael M,Dir,A - Grant,$0.00,2000,81052,+3%,+$0,-3.0,-4.0,12.0,36.0,DVN
943,D,2006-06-08 18:59:23,2006-06-07,DVN,Johnson William J,Dir,A - Grant,$0.00,2000,23066,+9%,+$0,-3.0,-4.0,12.0,36.0,DVN
944,D,2006-06-08 18:56:56,2006-06-07,DVN,Howard Robert L,Dir,A - Grant,$0.00,2000,28354,+8%,+$0,-3.0,-4.0,12.0,36.0,DVN
945,D,2006-06-08 18:54:27,2006-06-07,DVN,Hill John A,Dir,A - Grant,$0.00,2000,101830,+2%,+$0,-3.0,-4.0,12.0,36.0,DVN
946,D,2006-06-08 18:52:17,2006-06-07,DVN,Gavrin David M,Dir,A - Grant,$0.00,2000,179198,+1%,+$0,-3.0,-4.0,12.0,36.0,DVN
947,D,2006-06-08 18:49:35,2006-06-07,DVN,Fluor Peter J,Dir,A - Grant,$0.00,2000,42230,+5%,+$0,-3.0,-4.0,12.0,36.0,DVN
948,D,2006-06-08 18:46:40,2006-06-07,DVN,Ferguson Thomas F,Dir,A - Grant,$0.00,2000,6000,+50%,+$0,-3.0,-4.0,12.0,36.0,DVN
949,D,2006-05-09 15:36:50,2006-05-08,DVN,Heatly Danny J,VP ACCOUNTING,M - OptEx,$17.43,8000,26125,+44%,"+$139,400",0.0,-8.0,-14.0,10.0,DVN
950,D,2006-05-09 15:36:50,2006-05-08,DVN,Heatly Danny J,VP ACCOUNTING,S - Sale+OE,$63.01,-8000,26125,-23%,"-$504,112",0.0,-8.0,-14.0,10.0,DVN
951,D,2006-04-20 16:00:59,2006-04-18,DVN,Smette Darryl G,"SVP-Marketing, Midstream",M - OptEx,$17.95,5000,75193,+7%,"+$89,750",1.0,-5.0,-12.0,5.0,DVN
952,D,2006-04-20 16:00:59,2006-04-18,DVN,Smette Darryl G,"SVP-Marketing, Midstream",S - Sale+OE,$63.79,-5000,75193,-6%,"-$318,970",1.0,-5.0,-12.0,5.0,DVN
953,D,2006-04-20 15:57:39,2006-04-18,DVN,Fluor Peter J,Dir,M - OptEx,$28.69,4968,40230,+14%,"+$142,507",-1.0,-7.0,-14.0,3.0,DVN
954,D,2006-04-20 15:57:39,2006-04-18,DVN,Fluor Peter J,Dir,S - Sale+OE,$63.83,-4968,40230,-11%,"-$317,093",-1.0,-7.0,-14.0,3.0,DVN
955,D,2006-01-23 16:20:51,2006-01-20,DVN,Ligon Duke R,"SVP, GC",M - OptEx,$18.38,6800,54280,+14%,"+$124,950",0.0,-4.0,-8.0,-15.0,DVN
956,D,2006-01-23 16:20:51,2006-01-20,DVN,Ligon Duke R,"SVP, GC",S - Sale+OE,$69.21,-6800,54280,-11%,"-$470,648",0.0,-4.0,-8.0,-15.0,DVN
957,D,2006-01-23 16:17:44,2006-01-20,DVN,Smette Darryl G,"SVP-Marketing, Midstream",M - OptEx,$17.86,6600,75193,+10%,"+$117,875",0.0,-4.0,-8.0,-15.0,DVN
958,D,2006-01-23 16:17:44,2006-01-20,DVN,Smette Darryl G,"SVP-Marketing, Midstream",S - Sale+OE,$69.61,-6600,75193,-8%,"-$459,426",0.0,-4.0,-8.0,-15.0,DVN
959,,2006-01-11 11:17:13,2006-01-10,DVN,Jennings Brian J,"SVP, CFO",S - Sale,$67.00,-8000,61166,-12%,"-$536,000",-2.0,-1.0,-11.0,-9.0,DVN
960,,2006-01-04 12:32:47,2005-12-23,DVN,Moon Marian J,SVP - Administration,G - Gift,$0.00,-156,50324,0%,-$0,1.0,3.0,1.0,-4.0,DVN
961,,2005-12-28 14:59:16,2005-12-20,DVN,Hill John A,Dir,G - Gift,$0.00,-2500,99830,-2%,-$0,2.0,7.0,6.0,-9.0,DVN
962,D,2005-12-14 17:44:16,2005-12-12,DVN,Smette Darryl G,"SVP-Marketing, Midstream",A - Grant,$0.00,11300,75193,+18%,+$0,-2.0,-4.0,-3.0,-19.0,DVN
963,D,2005-12-14 17:44:16,2005-12-12,DVN,Smette Darryl G,"SVP-Marketing, Midstream",M - OptEx,$16.04,11000,75193,+17%,"+$176,406",-2.0,-4.0,-3.0,-19.0,DVN
964,D,2005-12-14 17:44:16,2005-12-12,DVN,Smette Darryl G,"SVP-Marketing, Midstream",S - Sale+OE,$67.20,-11000,75193,-13%,"-$739,200",-2.0,-4.0,-3.0,-19.0,DVN
965,D,2005-12-14 17:43:09,2005-12-12,DVN,Richels John,Pres,A - Grant,$0.00,16700,66153,+34%,+$0,-2.0,-4.0,-3.0,-19.0,DVN
966,D,2005-12-14 17:41:57,2005-12-12,DVN,Nichols J Larry,"COB, CEO",A - Grant,$0.00,54200,1443102,+4%,+$0,-2.0,-4.0,-3.0,-19.0,DVN
967,D,2005-12-14 17:40:47,2005-12-12,DVN,Moon Marian J,SVP - Administration,A - Grant,$0.00,9900,50480,+24%,+$0,-2.0,-4.0,-3.0,-19.0,DVN
968,D,2005-12-14 17:39:36,2005-12-12,DVN,Ligon Duke R,"SVP, GC",A - Grant,$0.00,8500,54280,+19%,+$0,-2.0,-4.0,-3.0,-19.0,DVN
969,D,2005-12-14 17:38:14,2005-12-12,DVN,Jennings Brian J,"SVP, CFO",A - Grant,$0.00,14100,69166,+26%,+$0,-2.0,-4.0,-3.0,-19.0,DVN
970,D,2005-12-14 17:37:07,2005-12-12,DVN,Heatly Danny J,VP ACCOUNTING,A - Grant,$0.00,7000,26125,+37%,+$0,-2.0,-4.0,-3.0,-19.0,DVN
971,D,2005-12-14 17:35:51,2005-12-12,DVN,Hadden Stephen J,"SVP- Exploration, Production",A - Grant,$0.00,12500,39945,+46%,+$0,-2.0,-4.0,-3.0,-19.0,DVN
972,,2005-12-13 17:31:36,2005-12-09,DVN,Smette Darryl G,"SVP-Marketing, Midstream",F - Tax,$65.30,-2255,63893,-3%,"-$147,252",1.0,-5.0,-2.0,-22.0,DVN
973,,2005-12-13 17:30:52,2005-12-09,DVN,Richels John,Pres,F - Tax,$65.30,-2963,49453,-6%,"-$193,484",1.0,-5.0,-2.0,-22.0,DVN
974,,2005-12-13 17:30:04,2005-12-09,DVN,Moon Marian J,SVP - Administration,F - Tax,$65.30,-1885,40580,-4%,"-$123,091",1.0,-5.0,-2.0,-22.0,DVN
975,,2005-12-13 17:30:04,2005-12-07,DVN,Moon Marian J,SVP - Administration,G - Gift,$0.00,120,40580,0%,+$0,1.0,-5.0,-2.0,-22.0,DVN
976,,2005-12-13 17:29:20,2005-12-09,DVN,Jennings Brian J,"SVP, CFO",F - Tax,$65.30,-2693,55066,-5%,"-$175,853",1.0,-5.0,-2.0,-22.0,DVN
977,,2005-12-13 17:28:35,2005-12-09,DVN,Heatly Danny J,VP ACCOUNTING,F - Tax,$65.30,-1077,19125,-5%,"-$70,328",1.0,-5.0,-2.0,-22.0,DVN
978,,2005-12-13 17:27:48,2005-12-09,DVN,Hadden Stephen J,"SVP- Exploration, Production",F - Tax,$65.30,-1655,27445,-6%,"-$108,072",1.0,-5.0,-2.0,-22.0,DVN
979,D,2005-12-05 16:05:16,2005-12-04,DVN,Smette Darryl G,"SVP-Marketing, Midstream",F - Tax,$62.29,-2052,66148,-3%,"-$127,819",2.0,4.0,5.0,-9.0,DVN
980,D,2005-12-05 16:05:16,2005-12-02,DVN,Smette Darryl G,"SVP-Marketing, Midstream",M - OptEx,$16.25,6000,66148,+10%,"+$97,500",2.0,4.0,5.0,-9.0,DVN
981,D,2005-12-05 16:05:16,2005-12-02,DVN,Smette Darryl G,"SVP-Marketing, Midstream",S - Sale+OE,$62.26,-6000,66148,-8%,"-$373,560",2.0,4.0,5.0,-9.0,DVN
982,,2005-12-05 16:03:32,2005-12-04,DVN,Richels John,Pres,F - Tax,$62.29,-1961,52416,-4%,"-$122,151",2.0,4.0,5.0,-9.0,DVN
983,,2005-12-05 16:02:01,2005-12-04,DVN,Moon Marian J,SVP - Administration,F - Tax,$62.29,-1961,42465,-4%,"-$122,151",2.0,4.0,5.0,-9.0,DVN
984,,2005-12-05 16:00:40,2005-12-04,DVN,Jennings Brian J,"SVP, CFO",F - Tax,$62.29,-1796,57759,-3%,"-$111,873",2.0,4.0,5.0,-9.0,DVN
985,,2005-12-05 15:59:14,2005-12-04,DVN,Heatly Danny J,VP ACCOUNTING,F - Tax,$62.29,-1027,20202,-5%,"-$63,972",1.0,5.0,6.0,-9.0,DVN
986,D,2005-10-25 16:55:03,2005-10-21,DVN,Nichols J Larry,"COB, CEO",M - OptEx,$11.94,72000,1388902,+5%,"+$859,500",-1.0,-2.0,2.0,-2.0,DVN
987,D,2005-10-12 16:12:03,2005-10-11,DVN,Ligon Duke R,"SVP, GC",M - OptEx,$25.85,50000,45780,-1185%,"+$1,292,500",-5.0,-6.0,-9.0,-5.0,DVN
988,D,2005-10-12 16:12:03,2005-10-11,DVN,Ligon Duke R,"SVP, GC",S - Sale+OE,$64.68,-50000,45780,-52%,"-$3,233,750",-5.0,-6.0,-9.0,-5.0,DVN
989,D,2005-10-03 12:47:34,2005-09-30,DVN,Smette Darryl G,"SVP-Marketing, Midstream",M - OptEx,$13.38,6000,68200,+10%,"+$80,250",1.0,-8.0,-12.0,-10.0,DVN
990,D,2005-10-03 12:47:34,2005-09-30,DVN,Smette Darryl G,"SVP-Marketing, Midstream",S - Sale+OE,$68.66,-6000,68200,-8%,"-$411,930",1.0,-8.0,-12.0,-10.0,DVN
991,,2005-09-30 11:36:08,2005-09-27,DVN,Gavrin David M,Dir,G - Gift,$0.00,-2000,177198,-1%,-$0,-2.0,-12.0,-14.0,-13.0,DVN
992,D,2005-09-22 11:16:23,2005-09-20,DVN,Moon Marian J,SVP - Administration,M - OptEx,$15.76,49728,44426,-938%,"+$783,763",-1.0,2.0,-14.0,-11.0,DVN
993,D,2005-09-22 11:16:23,2005-09-20,DVN,Moon Marian J,SVP - Administration,S - Sale+OE,$65.73,-44728,44426,-50%,"-$2,939,971",-1.0,2.0,-14.0,-11.0,DVN
994,D,2005-09-21 10:31:49,2005-09-19,DVN,Smette Darryl G,"SVP-Marketing, Midstream",M - OptEx,$11.94,3000,68200,+5%,"+$35,813",2.0,2.0,-8.0,-11.0,DVN
995,D,2005-09-21 10:31:49,2005-09-19,DVN,Smette Darryl G,"SVP-Marketing, Midstream",S - Sale+OE,$65.46,-3000,68200,-4%,"-$196,371",2.0,2.0,-8.0,-11.0,DVN
996,,2005-09-19 15:05:31,2005-09-15,DVN,Richels John,Pres,F - Tax,$62.60,-574,54377,-1%,"-$35,932",4.0,4.0,1.0,-5.0,DVN
997,,2005-09-19 15:03:13,2005-09-15,DVN,Jennings Brian J,"SVP, CFO",F - Tax,$62.60,-441,59555,-1%,"-$27,607",4.0,4.0,1.0,-5.0,DVN
998,D,2005-09-08 09:57:26,2005-09-06,DVN,Heatly Danny J,VP ACCOUNTING,M - OptEx,$22.34,21700,21229,-4607%,"+$484,700",1.0,1.0,-1.0,-9.0,DVN
999,D,2005-09-08 09:57:26,2005-09-06,DVN,Heatly Danny J,VP ACCOUNTING,S - Sale+OE,$60.35,-21700,21229,-51%,"-$1,309,595",1.0,1.0,-1.0,-9.0,DVN
1000,D,2005-08-09 17:06:59,2005-08-08,DVN,Smette Darryl G,"SVP-Marketing, Midstream",M - OptEx,$14.81,3000,68200,+5%,"+$44,438",2.0,0.0,6.0,6.0,DVN
1001,D,2005-08-09 17:06:59,2005-08-08,DVN,Smette Darryl G,"SVP-Marketing, Midstream",S - Sale+OE,$59.55,-3000,68200,-4%,"-$178,650",2.0,0.0,6.0,6.0,DVN
1002,D,2005-07-25 16:15:37,2005-07-22,DVN,Smette Darryl G,"SVP-Marketing, Midstream",M - OptEx,$11.94,1500,68200,+2%,"+$17,906",1.0,1.0,5.0,23.0,DVN
1003,D,2005-07-25 16:15:37,2005-07-22,DVN,Smette Darryl G,"SVP-Marketing, Midstream",S - Sale+OE,$55.23,-1500,68200,-2%,"-$82,848",1.0,1.0,5.0,23.0,DVN
1004,D,2005-06-29 11:12:51,2005-06-27,DVN,Smette Darryl G,"SVP-Marketing, Midstream",M - OptEx,$11.94,2000,68200,+3%,"+$23,875",0.0,6.0,11.0,23.0,DVN
1005,D,2005-06-29 11:12:51,2005-06-27,DVN,Smette Darryl G,"SVP-Marketing, Midstream",S - Sale+OE,$52.01,-2000,68200,-3%,"-$104,020",0.0,6.0,11.0,23.0,DVN
1006,D,2005-06-17 10:48:14,2005-06-16,DVN,Smette Darryl G,"SVP-Marketing, Midstream",M - OptEx,$11.94,2000,68200,+3%,"+$23,875",0.0,5.0,5.0,38.0,DVN
1007,D,2005-06-17 10:48:14,2005-06-16,DVN,Smette Darryl G,"SVP-Marketing, Midstream",S - Sale+OE,$49.08,-2000,68200,-3%,"-$98,160",0.0,5.0,5.0,38.0,DVN
1008,D,2005-06-10 14:59:12,2005-06-08,DVN,Mosbacher Robert A Jr,Dir,A - Grant,$0.00,2000,4446,+82%,+$0,-1.0,2.0,13.0,34.0,DVN
1009,D,2005-06-10 14:55:39,2005-06-08,DVN,Mitchell J Todd,Dir,A - Grant,$0.00,2000,706000,0%,+$0,-1.0,2.0,13.0,34.0,DVN
1010,D,2005-06-10 14:53:11,2005-06-08,DVN,Kanovsky Michael M,Dir,A - Grant,$0.00,2000,79052,+3%,+$0,-1.0,2.0,13.0,34.0,DVN
1011,D,2005-06-10 14:49:46,2005-06-08,DVN,Johnson William J,Dir,A - Grant,$0.00,2000,21066,+10%,+$0,-1.0,2.0,13.0,34.0,DVN
1012,D,2005-06-10 14:46:00,2005-06-08,DVN,Howard Robert L,Dir,A - Grant,$0.00,2000,24650,+9%,+$0,-1.0,2.0,13.0,34.0,DVN
1013,D,2005-06-10 14:42:13,2005-06-08,DVN,Hill John A,Dir,A - Grant,$0.00,2000,102330,+2%,+$0,-1.0,2.0,13.0,34.0,DVN
1014,D,2005-06-10 14:38:35,2005-06-08,DVN,Gavrin David M,Dir,A - Grant,$0.00,2000,179198,+1%,+$0,-1.0,2.0,13.0,34.0,DVN
1015,D,2005-06-10 14:34:33,2005-06-08,DVN,Fluor Peter J,Dir,A - Grant,$0.00,2000,40230,+5%,+$0,-1.0,2.0,13.0,34.0,DVN
1016,D,2005-06-10 14:30:17,2005-06-08,DVN,Ferguson Thomas F,Dir,A - Grant,$0.00,2000,4000,+100%,+$0,-1.0,2.0,13.0,34.0,DVN
1017,D,2005-06-03 11:12:09,2005-06-02,DVN,Smette Darryl G,"SVP-Marketing, Midstream",M - OptEx,$11.94,1500,68200,+2%,"+$17,906",0.0,3.0,13.0,29.0,DVN
1018,D,2005-06-03 11:12:09,2005-06-02,DVN,Smette Darryl G,"SVP-Marketing, Midstream",S - Sale+OE,$47.12,-1500,68200,-2%,"-$70,680",0.0,3.0,13.0,29.0,DVN
1019,D,2005-05-10 14:47:58,2005-05-09,DVN,Fluor Peter J,Dir,M - OptEx,$22.80,4968,38467,+15%,"+$113,270",-2.0,-6.0,5.0,31.0,DVN
1020,D,2005-05-10 14:47:58,2005-05-09,DVN,Fluor Peter J,Dir,S - Sale+OE,$45.05,-4968,38467,-11%,"-$223,812",-2.0,-6.0,5.0,31.0,DVN
1021,,2005-05-10 14:43:47,2005-05-09,DVN,Hill John A,Dir,G - Gift,$0.00,-550,100330,-1%,-$0,-2.0,-6.0,5.0,31.0,DVN
1022,D,2005-04-06 12:02:43,2005-04-04,DVN,Ligon Duke R,"SVP, GC",M - OptEx,$29.25,21848,45780,+91%,"+$639,054",1.0,-5.0,-8.0,43.0,DVN
1023,D,2005-04-06 12:02:43,2005-04-04,DVN,Ligon Duke R,"SVP, GC",S - Sale+OE,$49.36,-21848,45780,-32%,"-$1,078,476",1.0,-5.0,-8.0,43.0,DVN
1024,D,2005-03-07 16:46:16,2005-03-04,DVN,Smette Darryl G,"SVP-Marketing, Midstream",M - OptEx,$11.94,2500,68200,+4%,"+$29,844",0.0,-4.0,0.0,29.0,DVN
1025,D,2005-03-07 16:46:16,2005-03-04,DVN,Smette Darryl G,"SVP-Marketing, Midstream",S - Sale+OE,$48.43,-2500,68200,-4%,"-$121,075",0.0,-4.0,0.0,29.0,DVN
1026,D,2005-03-01 10:20:26,2005-02-25,DVN,Smette Darryl G,"SVP-Marketing, Midstream",M - OptEx,$11.94,2000,68200,+3%,"+$23,875",-3.0,4.0,-1.0,24.0,DVN
1027,D,2005-03-01 10:20:26,2005-02-25,DVN,Smette Darryl G,"SVP-Marketing, Midstream",S - Sale+OE,$46.00,-2000,68200,-3%,"-$92,000",-3.0,4.0,-1.0,24.0,DVN
1028,D,2005-02-18 10:33:33,2005-02-16,DVN,Smette Darryl G,"SVP-Marketing, Midstream",M - OptEx,$11.94,2000,68200,+3%,"+$23,875",2.0,11.0,12.0,32.0,DVN
1029,D,2005-02-18 10:33:33,2005-02-16,DVN,Smette Darryl G,"SVP-Marketing, Midstream",S - Sale+OE,$43.53,-2000,68200,-3%,"-$87,060",2.0,11.0,12.0,32.0,DVN
1030,D,2005-02-14 15:53:11,2005-02-11,DVN,Smette Darryl G,"SVP-Marketing, Midstream",M - OptEx,$11.94,2500,68200,+4%,"+$29,844",-1.0,3.0,10.0,41.0,DVN
1031,D,2005-02-14 15:53:11,2005-02-11,DVN,Smette Darryl G,"SVP-Marketing, Midstream",S - Sale+OE,$42.03,-2500,68200,-4%,"-$105,075",-1.0,3.0,10.0,41.0,DVN
1032,D,2005-01-14 16:53:33,2005-01-13,DVN,Mitchell Charles F Md,Dir,M - OptEx,$4.84,1936,27508,+8%,"+$9,370",2.0,2.0,9.0,36.0,DVN
1033,,2005-01-05 16:19:57,2005-01-03,DVN,Richels John,Pres,F - Tax,$38.92,-1649,54951,-3%,"-$64,179",1.0,3.0,13.0,45.0,DVN
1034,D,2004-12-16 14:40:10,2004-12-15,DVN,Heatly Danny J,VP - Accounting,M - OptEx,$16.27,71800,21229,-142%,"+$1,168,082",-1.0,-2.0,-4.0,23.0,DVN
1035,D,2004-12-16 14:40:10,2004-12-15,DVN,Heatly Danny J,VP - Accounting,S - Sale+OE,$39.73,-71800,21229,-77%,"-$2,852,829",-1.0,-2.0,-4.0,23.0,DVN
1036,D,2004-12-13 19:05:33,2004-12-09,DVN,Smette Darryl G,"SVP-Marketing, Midstream",A - Grant,$0.00,20000,68200,+41%,+$0,1.0,2.0,-3.0,24.0,DVN
1037,D,2004-12-13 19:03:25,2004-12-09,DVN,Richels John,Pres,A - Grant,$0.00,27500,56600,+95%,+$0,1.0,2.0,-3.0,24.0,DVN
1038,D,2004-12-13 19:01:27,2004-12-09,DVN,Nichols J Larry,"COB, CEO",A - Grant,$0.00,62500,1316902,+5%,+$0,1.0,2.0,-3.0,24.0,DVN
1039,D,2004-12-13 18:59:19,2004-12-09,DVN,Moon Marian J,SVP - Administration,A - Grant,$0.00,17500,39426,+80%,+$0,1.0,2.0,-3.0,24.0,DVN
1040,D,2004-12-13 18:59:19,2004-12-06,DVN,Moon Marian J,SVP - Administration,G - Gift,$0.00,120,39426,0%,+$0,1.0,2.0,-3.0,24.0,DVN
1041,D,2004-12-13 18:56:56,2004-12-09,DVN,Ligon Duke R,"SVP, GC",A - Grant,$0.00,15000,45780,+49%,+$0,1.0,2.0,-3.0,24.0,DVN
1042,D,2004-12-13 18:52:18,2004-12-09,DVN,Jennings Brian J,"SVP, CFO",A - Grant,$0.00,25000,59996,+71%,+$0,1.0,2.0,-3.0,24.0,DVN
1043,D,2004-12-13 18:50:06,2004-12-09,DVN,Heatly Danny J,VP - Accounting,A - Grant,$0.00,10000,21229,+89%,+$0,1.0,2.0,-3.0,24.0,DVN
1044,D,2004-12-13 18:47:35,2004-12-09,DVN,Hadden Stephen J,"SVP- Exploration, Production",A - Grant,$0.00,20000,29100,+220%,+$0,1.0,2.0,-3.0,24.0,DVN
1045,D,2004-12-10 12:32:45,2004-12-08,DVN,Jennings Brian J,"SVP, CFO",M - OptEx,$21.69,50000,34996,-333%,"+$1,084,375",-1.0,4.0,-2.0,24.0,DVN
1046,D,2004-12-10 12:32:45,2004-12-08,DVN,Jennings Brian J,"SVP, CFO",S - Sale+OE,$38.00,-50000,34996,-59%,"-$1,900,000",-1.0,4.0,-2.0,24.0,DVN
1047,D,2004-12-08 17:38:15,2004-12-07,DVN,Smette Darryl G,"SVP-Marketing, Midstream",M - OptEx,$9.03,4000,48200,+9%,"+$36,125",0.0,3.0,-3.0,24.0,DVN
1048,,2004-12-06 15:03:43,2004-12-04,DVN,Jennings Brian J,"SVP, CFO",F - Tax,$39.55,-1506,34996,-4%,"-$59,562",0.0,-4.0,-6.0,21.0,DVN
1049,,2004-12-06 14:53:38,2004-12-04,DVN,Moon Marian J,SVP - Administration,F - Tax,$39.55,-1506,21926,-6%,"-$59,562",0.0,-4.0,-6.0,21.0,DVN
1050,,2004-12-06 14:46:56,2004-12-04,DVN,Heatly Danny J,VP - Accounting,F - Tax,$39.55,-827,11229,-7%,"-$32,708",0.0,-4.0,-6.0,21.0,DVN
1051,D,2004-12-01 14:45:54,2004-11-30,DVN,Smette Darryl G,"SVP-Marketing, Midstream",M - OptEx,$9.03,2500,44200,+6%,"+$22,578",-3.0,-8.0,-6.0,14.0,DVN
1052,D,2004-12-01 14:45:54,2004-11-30,DVN,Smette Darryl G,"SVP-Marketing, Midstream",S - Sale+OE,$41.19,-2500,44200,-5%,"-$102,975",-3.0,-8.0,-6.0,14.0,DVN
1053,D,2004-11-23 15:37:37,2004-11-22,DVN,Heatly Danny J,VP -,M - OptEx,$9.03,1320,12019,+12%,"+$11,921",2.0,5.0,0.0,14.0,DVN
1054,D,2004-11-23 15:37:37,2004-11-22,DVN,Heatly Danny J,VP -,S - Sale+OE,$39.01,-1320,12019,-10%,"-$51,490",2.0,5.0,0.0,14.0,DVN
1055,D,2004-11-22 16:31:14,2004-11-19,DVN,Smette Darryl G,"SVP-Marketing, Midstream",M - OptEx,$9.03,1700,44200,+4%,"+$15,353",2.0,4.0,3.0,12.0,DVN
1056,D,2004-11-22 16:31:14,2004-11-19,DVN,Smette Darryl G,"SVP-Marketing, Midstream",S - Sale+OE,$38.94,-1700,44200,-4%,"-$66,191",2.0,4.0,3.0,12.0,DVN
1057,D,2004-11-18 15:06:49,2004-11-17,DVN,Smette Darryl G,"SVP-Marketing, Midstream",M - OptEx,$9.03,5000,44200,+13%,"+$45,157",0.0,8.0,6.0,17.0,DVN
1058,D,2004-11-18 15:06:49,2004-11-17,DVN,Smette Darryl G,"SVP-Marketing, Midstream",S - Sale+OE,$38.15,-5000,44200,-10%,"-$190,735",0.0,8.0,6.0,17.0,DVN
1059,,2004-10-14 12:36:37,2004-10-12,DVN,Moon Marian J,SVP - Administration,G - Gift,$0.00,-100,11716,-1%,-$0,1.0,3.0,3.0,26.0,DVN
1060,D,2004-10-08 11:48:17,2004-10-07,DVN,Smette Darryl G,SVP,M - OptEx,$18.06,2000,22100,+10%,"+$36,125",0.0,-3.0,2.0,25.0,DVN
1061,D,2004-10-08 11:48:17,2004-10-07,DVN,Smette Darryl G,SVP,S - Sale+OE,$75.90,-2000,22100,-8%,"-$151,800",0.0,-3.0,2.0,25.0,DVN
1062,D,2004-09-17 17:09:46,2004-09-15,DVN,Jennings Brian J,"SVP, CFO",A - Grant,$0.00,2000,18251,+12%,+$0,2.0,4.0,4.0,39.0,DVN
1063,D,2004-09-17 17:06:46,2004-09-15,DVN,Richels John,Pres,A - Grant,$0.00,2000,14550,+16%,+$0,2.0,4.0,4.0,39.0,DVN
1064,D,2004-09-17 17:02:57,2004-09-15,DVN,Nichols J Larry,"COB, CEO",A - Grant,$0.00,6000,627201,+1%,+$0,2.0,4.0,4.0,39.0,DVN
1065,,2004-09-08 17:12:25,2004-09-08,DVN,Fluor Peter J,Dir,S - Sale,$68.50,-687,18596,-4%,"-$47,060",2.0,2.0,11.0,43.0,DVN
1066,,2004-09-03 16:20:30,2004-09-02,DVN,Fluor Peter J,Dir,S - Sale,$67.05,-7731,19283,-29%,"-$518,350",1.0,2.0,7.0,44.0,DVN
1067,,2004-09-02 16:37:40,2004-09-01,DVN,Fluor Peter J,Dir,S - Sale,$66.10,-11699,27014,-30%,"-$773,266",0.0,2.0,6.0,43.0,DVN
1068,D,2004-08-02 14:12:19,2004-07-31,DVN,Hadden Stephen J,"SVP- Exploration, Production",A - Grant,$0.00,4550,4550,New,+$0,0.0,-6.0,-7.0,16.0,DVN
1069,D,2004-07-15 15:42:47,2004-07-13,DVN,Nichols J Larry,"COB, CEO",M - OptEx,$18.06,36000,621201,+6%,"+$650,250",0.0,-3.0,-7.0,9.0,DVN
1070,,2004-07-13 14:29:13,2004-07-08,DVN,Gavrin David M,Dir,G - Gift,$0.00,-2000,88599,-2%,-$0,0.0,1.0,-3.0,8.0,DVN
1071,D,2004-07-08 16:39:03,2004-07-07,DVN,Ligon Duke R,"SVP, GC",M - OptEx,$46.09,21200,15390,-365%,"+$977,108",1.0,2.0,-3.0,8.0,DVN
1072,D,2004-07-08 16:39:03,2004-07-07,DVN,Ligon Duke R,"SVP, GC",S - Sale+OE,$68.10,-21200,15390,-58%,"-$1,443,720",1.0,2.0,-3.0,8.0,DVN
1073,D,2004-06-17 14:54:44,2004-06-17,DVN,Carroll Milton,Dir,M - OptEx,$53.25,4968,3000,-252%,"+$264,521",2.0,6.0,11.0,25.0,DVN
1074,D,2004-06-17 14:54:44,2004-06-17,DVN,Carroll Milton,Dir,S - Sale+OE,$64.01,-4968,3000,-62%,"-$318,002",2.0,6.0,11.0,25.0,DVN
1075,D,2004-06-09 20:22:05,2004-06-08,DVN,Gavrin David M,Dir,A - Grant,$0.00,1000,90599,+1%,+$0,2.0,7.0,17.0,28.0,DVN
1076,D,2004-06-09 19:05:20,2004-06-08,DVN,Mosbacher Robert A Jr,Dir,A - Grant,$0.00,1000,1223,+448%,+$0,2.0,7.0,17.0,28.0,DVN
1077,D,2004-06-09 19:04:26,2004-06-08,DVN,Mitchell J Todd,Dir,A - Grant,$0.00,1000,352000,0%,+$0,2.0,7.0,17.0,28.0,DVN
1078,D,2004-06-09 19:03:19,2004-06-08,DVN,Mitchell Charles F Md,Dir,A - Grant,$0.00,1000,10456,+11%,+$0,2.0,7.0,17.0,28.0,DVN
1079,D,2004-06-09 19:02:09,2004-06-08,DVN,Kanovsky Michael M,Dir,A - Grant,$0.00,1000,2410,+71%,+$0,2.0,7.0,17.0,28.0,DVN
1080,D,2004-06-09 19:01:08,2004-06-08,DVN,Johnson William J,Dir,A - Grant,$0.00,1000,9533,+12%,+$0,2.0,7.0,17.0,28.0,DVN
1081,D,2004-06-09 19:00:11,2004-06-08,DVN,Howard Robert L,Dir,A - Grant,$0.00,1000,11325,+10%,+$0,2.0,7.0,17.0,28.0,DVN
1082,D,2004-06-09 18:59:09,2004-06-08,DVN,Hill John A,Dir,A - Grant,$0.00,1000,50440,+2%,+$0,2.0,7.0,17.0,28.0,DVN
1083,D,2004-06-09 18:57:56,2004-06-08,DVN,Gellert Michael E,Dir,A - Grant,$0.00,1000,312720,0%,+$0,2.0,7.0,17.0,28.0,DVN
1084,D,2004-06-09 18:56:50,2004-06-08,DVN,Fluor Peter J,Dir,A - Grant,$0.00,1000,39899,+3%,+$0,2.0,7.0,17.0,28.0,DVN
1085,D,2004-06-09 18:55:45,2004-06-08,DVN,Ferguson Thomas F,Dir,A - Grant,$0.00,1000,1000,New,+$0,2.0,7.0,17.0,28.0,DVN
1086,D,2004-06-09 18:53:47,2004-06-08,DVN,Carroll Milton,Dir,A - Grant,$0.00,1000,3000,+50%,+$0,2.0,7.0,17.0,28.0,DVN
1087,,2004-05-12 18:33:06,2004-05-10,DVN,Hill John A,Dir,G - Gift,$0.00,-424,49440,-1%,-$0,-1.0,-2.0,0.0,24.0,DVN
1088,D,2004-04-07 10:53:25,2004-04-05,DVN,Smette Darryl G,"SVP Marketing, Midstream",M - OptEx,$18.06,2500,22100,+13%,"+$45,156",0.0,3.0,6.0,25.0,DVN
1089,D,2004-04-07 10:53:25,2004-04-05,DVN,Smette Darryl G,"SVP Marketing, Midstream",S - Sale+OE,$59.50,-2500,22100,-10%,"-$148,750",0.0,3.0,6.0,25.0,DVN
1090,D,2004-03-15 14:11:53,2004-03-11,DVN,Carroll Milton,Dir,M - OptEx,$41.48,2484,2000,-513%,"+$103,036",1.0,2.0,10.0,24.0,DVN
1091,D,2004-03-15 14:11:53,2004-03-11,DVN,Carroll Milton,Dir,S - Sale+OE,$55.88,-2484,2000,-55%,"-$138,806",1.0,2.0,10.0,24.0,DVN
1092,D,2004-03-08 12:26:29,2004-03-04,DVN,Nichols J Larry,"COB, CEO",M - OptEx,$23.31,36000,585201,+7%,"+$839,250",0.0,-2.0,4.0,17.0,DVN
1093,,2004-01-26 12:43:37,2004-01-23,DVN,Smette Darryl G,"SVP Marketing, Midstream",S - Sale,$60.74,-600,22100,-3%,"-$36,444",0.0,-5.0,-7.0,14.0,DVN
1094,,2004-01-22 16:18:04,2003-12-30,DVN,Moon Marian J,SVP Administration,G - Gift,$0.00,-30,11816,0%,-$0,1.0,0.0,-7.0,17.0,DVN
1095,,2004-01-22 16:18:04,2004-01-20,DVN,Moon Marian J,SVP Administration,M - OptEx,$31.64,12000,11816,-6522%,"+$379,706",1.0,0.0,-7.0,17.0,DVN
1096,,2004-01-22 16:18:04,2004-01-20,DVN,Moon Marian J,SVP Administration,S - Sale,$60.00,-12000,11816,-50%,"-$720,000",1.0,0.0,-7.0,17.0,DVN
1097,,2004-01-16 14:32:35,2004-01-15,DVN,Vaughn William T,SVP Finance,S - Sale,$59.12,-13442,22677,-37%,"-$794,691",3.0,5.0,-3.0,23.0,DVN
1098,,2004-01-15 16:18:13,2004-01-13,DVN,Vaughn William T,SVP Finance,M - OptEx,$45.28,79393,36119,-183%,"+$3,594,884",3.0,3.0,-5.0,23.0,DVN
1099,,2004-01-15 16:18:13,2004-01-13,DVN,Vaughn William T,SVP Finance,S - Sale,$58.85,-79393,36119,-69%,"-$4,672,604",3.0,3.0,-5.0,23.0,DVN
1100,,2004-01-13 11:09:24,2004-01-09,DVN,Vaughn William T,SVP Finance,F - Tax,$59.30,-18673,36119,-34%,"-$1,107,309",0.0,2.0,-8.0,19.0,DVN
1101,,2004-01-13 11:09:24,2004-01-09,DVN,Vaughn William T,SVP Finance,M - OptEx,$32.34,34243,36119,>999%,"+$1,107,449",0.0,2.0,-8.0,19.0,DVN
1102,,2004-01-13 11:08:37,2004-01-09,DVN,Smette Darryl G,"SVP Marketing, Midstream",M - OptEx,$23.88,6000,22700,+36%,"+$143,250",0.0,2.0,-8.0,19.0,DVN
1103,,2004-01-13 11:08:37,2004-01-09,DVN,Smette Darryl G,"SVP Marketing, Midstream",S - Sale,$58.75,-6000,22700,-21%,"-$352,500",0.0,2.0,-8.0,19.0,DVN
1104,,2004-01-13 11:08:01,2004-01-09,DVN,Ligon Duke R,"SVP, GC",M - OptEx,$34.85,25000,15390,-260%,"+$871,250",0.0,2.0,-8.0,19.0,DVN
1105,,2004-01-13 11:08:01,2004-01-09,DVN,Ligon Duke R,"SVP, GC",S - Sale,$58.50,-25000,15390,-62%,"-$1,462,500",0.0,2.0,-8.0,19.0,DVN
1106,,2003-12-22 15:46:19,2003-12-19,DVN,Lacey J M,"SVP - E, P",M - OptEx,$33.93,41536,5165,-114%,"+$1,409,438",-2.0,0.0,2.0,17.0,DVN
1107,,2003-12-22 15:46:19,2003-12-19,DVN,Lacey J M,"SVP - E, P",S - Sale,$57.10,-41536,5165,-89%,"-$2,371,706",-2.0,0.0,2.0,17.0,DVN
1108,,2003-12-22 15:45:53,2003-12-19,DVN,Smette Darryl G,"SVP Marketing, Midstream",M - OptEx,$29.74,10000,22700,+79%,"+$297,438",-2.0,0.0,2.0,17.0,DVN
1109,,2003-12-22 15:45:53,2003-12-19,DVN,Smette Darryl G,"SVP Marketing, Midstream",S - Sale,$57.77,-10000,22700,-31%,"-$577,735",-2.0,0.0,2.0,17.0,DVN
1110,,2003-12-19 15:37:28,2003-12-18,DVN,Gavrin David M,Dir,S - Sale,$56.79,-2100,89599,-2%,"-$119,255",1.0,0.0,6.0,14.0,DVN
1111,,2003-12-08 18:56:13,2003-12-04,DVN,Richels John,SVP-Canadian Division,A - Grant,$0.00,9100,12365,+279%,+$0,0.0,0.0,8.0,13.0,DVN
1112,,2003-12-08 18:53:21,2003-12-04,DVN,Jennings Brian J,"SVP Corp. Fin, Development",A - Grant,$0.00,9100,16251,+127%,+$0,0.0,0.0,8.0,13.0,DVN
1113,,2003-12-08 18:51:11,2003-12-04,DVN,Heatly Danny J,Vice President - Accounting,A - Grant,$0.00,5000,5991,+505%,+$0,0.0,0.0,8.0,13.0,DVN
1114,,2003-12-08 16:14:26,2003-12-04,DVN,Smette Darryl G,"SVP Marketing, Midstream",A - Grant,$0.00,9100,22700,+67%,+$0,0.0,0.0,8.0,13.0,DVN
1115,,2003-12-08 16:13:09,2003-12-04,DVN,Nichols J Larry,"COB, Pres, CEO",A - Grant,$0.00,20000,549201,+4%,+$0,0.0,0.0,8.0,13.0,DVN
1116,,2003-12-08 16:11:57,2003-12-04,DVN,Moon Marian J,SVP Administration,A - Grant,$0.00,9100,11816,+335%,+$0,0.0,0.0,8.0,13.0,DVN
1117,,2003-12-08 16:10:31,2003-12-04,DVN,Ligon Duke R,"SVP, GC",A - Grant,$0.00,9100,15390,+145%,+$0,0.0,0.0,8.0,13.0,DVN
1118,,2003-10-14 16:30:21,2003-10-13,DVN,Carroll Milton,Dir,S - Sale,$48.21,-4000,2000,-67%,"-$192,840",-3.0,-2.0,2.0,29.0,DVN
1119,M,2003-09-10 15:56:58,2003-09-08,DVN,Carroll Milton,Dir,S - Sale,$52.79,-7261,6000,-55%,"-$383,298",-3.0,-7.0,-7.0,7.0,DVN
1120,,2003-08-19 12:17:03,2003-08-18,DVN,Lacey J M,"SVP - E, P",M - OptEx,$23.31,3600,5165,+230%,"+$83,925",-1.0,-2.0,-9.0,4.0,DVN
1121,,2003-08-19 12:17:03,2003-08-18,DVN,Lacey J M,"SVP - E, P",S - Sale,$52.86,-3600,5165,-41%,"-$190,296",-1.0,-2.0,-9.0,4.0,DVN
