,X,FilingDate,TradeDate,Ticker,InsiderName,Title,TradeType,Price,Qty,Owned,delta_Own,Value,1d,1w,1m,6m,ticker
0,,2021-11-02 18:47:00,2021-10-29,FF,Bedell Donald C.,Dir,P - Purchase,7.15,5000,93650,+6%,35750.0,,,,,FF
1,M,2021-08-18 16:21:48,2021-08-16,FF,Bedell Donald C.,Dir,P - Purchase,8.18,20000,88650,+29%,163500.0,,,,,FF
2,,2021-06-21 14:14:35,2021-06-18,FF,Bedell Donald C.,Dir,P - Purchase,9.66,10000,68650,+17%,96600.0,,,,,FF
3,D,2021-05-14 16:03:35,2021-05-13,FF,Thomas McKinlay,COO,M - OptEx,11.56,20000,20000,New,231200.0,,,,,FF
4,,2020-06-03 16:01:26,2020-06-02,FF,Flynn Paul M,"EVP-Business, Mrktng FFCC",S - Sale,13.95,-4877,0,-100%,-68034.0,,,,,FF
5,,2020-05-15 16:02:23,2020-05-15,FF,Flynn Paul M,"EVP-Business, Mrktng FFCC",S - Sale,11.03,-19291,4877,-80%,-212780.0,,,,,FF
6,,2020-03-31 17:23:52,2020-03-30,FF,Cole Dale E,Dir,P - Purchase,11.76,1000,1350,+286%,11760.0,,,,,FF
7,,2019-06-06 11:07:11,2019-06-05,FF,Egger Terrance C Z,Dir,P - Purchase,10.33,2895,4895,+145%,29905.0,,,,,FF
8,,2019-03-21 16:01:56,2019-03-21,FF,Flynn Paul M,"EVP-Business, Mrktng FFCC",S - Sale,14.25,-20000,24168,-45%,-285000.0,,,,,FF
9,D,2018-09-19 16:01:34,2018-09-17,FF,Sparks Rose,"PFO, Accounting Officer",F - Tax,17.01,-3841,14283,-21%,-65335.0,,,,,FF
10,D,2018-09-19 16:01:34,2018-09-17,FF,Sparks Rose,"PFO, Accounting Officer",M - OptEx,11.34,5000,14283,+54%,56700.0,,,,,FF
11,,2018-09-05 16:01:53,2018-09-04,FF,Flynn Paul M,"EVP-Business, Mrktng FFCC",F - Tax,14.77,-7532,44168,-15%,-111248.0,,,,,FF
12,,2018-05-18 14:36:05,2018-05-17,FF,Levy Edwin A,Dir,G - Gift,0.0,-9650,283625,+4%,-0.0,,,,,FF
13,,2017-09-06 16:15:00,2017-09-05,FF,Flynn Paul M,"EVP-Business, Mrktng FFCC",F - Tax,13.68,-8300,51700,-14%,-113544.0,,,,,FF
14,,2017-03-24 16:27:19,2017-03-24,FF,Flynn Paul M,"EVP-Business, Mrktng FFCC",S - Sale,13.55,-10000,60000,-14%,-135500.0,1.0,5.0,12.0,,FF
15,M,2017-03-23 17:47:42,2017-03-21,FF,Flynn Paul M,"EVP-Business, Mrktng FFCC",S - Sale,13.54,-28771,70000,-29%,-389607.0,-3.0,1.0,7.0,,FF
16,D,2016-12-13 16:01:50,2016-12-12,FF,Manheim Paul,Dir,M - OptEx,10.62,10000,13103,+322%,106200.0,-2.0,3.0,-2.0,,FF
17,D,2016-12-09 16:02:45,2016-12-08,FF,Lorenzini Paul G.,Dir,M - OptEx,10.62,10000,714877,+1%,106200.0,-3.0,-2.0,-1.0,,FF
18,D,2016-12-06 16:01:17,2016-12-05,FF,Sparks Rose,"PFO, Accounting Officer",F - Tax,15.13,-4166,13124,-24%,-63032.0,1.0,2.0,4.0,,FF
19,D,2016-12-06 16:01:17,2016-12-05,FF,Sparks Rose,"PFO, Accounting Officer",M - OptEx,11.34,5000,13124,+62%,56700.0,1.0,2.0,4.0,,FF
20,DM,2016-12-05 16:07:01,2016-12-01,FF,Dortch Samuel,"EVP, Gen. Manager FFCC",F - Tax,14.63,-16598,60056,-22%,-242804.0,3.0,8.0,11.0,,FF
21,DM,2016-12-05 16:07:01,2016-12-01,FF,Dortch Samuel,"EVP, Gen. Manager FFCC",M - OptEx,10.98,20000,60056,+50%,219600.0,3.0,8.0,11.0,,FF
22,M,2016-11-23 16:02:35,2016-11-14,FF,Lorenzini Paul G.,Dir,S - Sale,13.2,-15000,704877,-2%,-198000.0,1.0,-1.0,16.0,,FF
23,,2016-11-21 16:01:59,2016-11-18,FF,Flynn Paul M,"EVP-Business, Mrktng FFCC",S - Sale,13.71,-7500,98771,-7%,-102852.0,1.0,0.0,23.0,,FF
24,M,2016-06-28 15:59:51,2016-06-27,FF,Bedell Donald C.,Dir,P - Purchase,9.87,3000,58650,+5%,29600.0,0.0,9.0,19.0,66.0,FF
25,,2016-06-16 13:47:41,2016-06-14,FF,Bedell Donald C.,Dir,P - Purchase,10.81,453,55650,+1%,4899.0,-3.0,-6.0,5.0,47.0,FF
26,D,2016-03-10 16:15:10,2016-03-08,FF,Sparks Rose,"CFO, PFO, Accounting Officer",F - Tax,14.32,-22142,12290,-64%,-317073.0,-9.0,-15.0,-27.0,-18.0,FF
27,D,2016-03-10 16:15:10,2016-03-08,FF,Sparks Rose,"CFO, PFO, Accounting Officer",M - OptEx,11.61,25000,12290,-197%,290300.0,-9.0,-15.0,-27.0,-18.0,FF
28,D,2016-03-10 16:15:04,2016-03-08,FF,Manheim Paul,Dir,F - Tax,14.32,-8897,3103,-74%,-127405.0,-9.0,-15.0,-27.0,-18.0,FF
29,D,2016-03-10 16:15:04,2016-03-08,FF,Manheim Paul,Dir,M - OptEx,12.74,10000,3103,-145%,127400.0,-9.0,-15.0,-27.0,-18.0,FF
30,,2015-12-07 15:27:21,2015-12-04,FF,Egger Terrance C Z,Dir,P - Purchase,14.45,2000,2000,New,28906.0,-2.0,-7.0,-13.0,-23.0,FF
31,AM,2015-08-17 16:47:15,2015-08-13,FF,Mikles Lee E,Dir,P - Purchase,9.6,11469,2120089,+1%,110054.0,0.0,6.0,1.0,23.0,FF
32,,2015-08-17 15:27:46,2015-08-13,FF,Bedell Donald C.,Dir,P - Purchase,9.67,5000,55097,+10%,48370.0,5.0,11.0,6.0,28.0,FF
33,M,2015-08-17 12:05:22,2015-08-13,FF,Mikles Lee E,Dir,P - Purchase,9.6,11399,2282629,+1%,109421.0,5.0,11.0,6.0,28.0,FF
34,,2014-09-04 16:16:41,2014-09-02,FF,Flynn Paul M,"EVP-Business, Mrktng FFCC",A - Grant,0.0,125000,116271,-1432%,0.0,1.0,1.0,-12.0,-10.0,FF
35,,2014-09-04 16:16:41,2012-09-02,FF,Flynn Paul M,"EVP-Business, Mrktng FFCC",F - Tax,13.94,-8729,116271,-7%,-121682.0,1.0,1.0,-12.0,-10.0,FF
36,,2014-08-22 11:52:10,2014-08-20,FF,Bedell Donald C.,Dir,P - Purchase,14.0,5000,50097,+11%,70000.0,3.0,2.0,-10.0,-10.0,FF
37,,2014-05-21 13:17:00,2014-05-20,FF,Dortch Samuel,"EVP, Gen. Manager FFCC",P - Purchase,16.0,1500,56654,+3%,24000.0,1.0,9.0,5.0,-22.0,FF
38,,2014-05-13 15:36:52,2014-05-09,FF,Novelly Paul A,"COB, CEO, 10%",A - Grant,0.0,250000,17725100,+1%,0.0,-2.0,-6.0,-2.0,-20.0,FF
39,,2014-05-13 15:36:52,2014-03-18,FF,Novelly Paul A,"COB, CEO, 10%",G - Gift,0.0,-250000,17725100,-1%,-0.0,-2.0,-6.0,-2.0,-20.0,FF
40,,2014-04-02 15:02:22,2014-03-31,FF,Mikles Lee E,Pres,S - Sale,20.21,-19120,2280910,-1%,-386402.0,-1.0,-8.0,-2.0,-43.0,FF
41,M,2014-03-31 15:07:20,2014-03-27,FF,Mikles Lee E,Pres,S - Sale,19.98,-12755,2300030,-1%,-254826.0,3.0,0.0,1.0,-35.0,FF
42,,2014-03-27 14:16:26,2014-03-25,FF,Mikles Lee E,Pres,S - Sale,20.56,-15000,2312785,-1%,-308346.0,-1.0,4.0,2.0,-35.0,FF
43,M,2013-09-23 15:35:13,2013-09-19,FF,Mikles Lee E,Pres,S - Sale,18.18,-41765,2333085,-2%,-759177.0,1.0,1.0,2.0,20.0,FF
44,M,2013-04-01 14:12:07,2013-03-22,FF,Baker David,SVP-Op. Supp. FFCC,P - Purchase,12.26,2000,25457,+9%,24513.0,-1.0,-1.0,2.0,52.0,FF
45,,2012-12-31 10:44:27,2012-11-28,FF,Baker David,SVP-Op. Supp. FFCC,P - Purchase,11.62,5000,23457,+27%,58100.0,2.0,4.0,10.0,23.0,FF
46,,2012-12-31 06:08:28,2012-12-27,FF,Dortch Samuel,"EVP, Gen. Manager FFCC",P - Purchase,11.6,4750,55154,+9%,55100.0,2.0,4.0,10.0,23.0,FF
47,D,2012-12-03 11:27:30,2012-11-28,FF,Evans Thomas R,Dir,M - OptEx,5.0,15000,45000,+50%,75000.0,2.0,3.0,10.0,29.0,FF
48,D,2012-11-30 18:11:20,2012-11-28,FF,Levy Edwin A,Dir,M - OptEx,10.62,10000,290025,+4%,106200.0,2.0,4.0,4.0,28.0,FF
49,D,2012-11-29 17:42:41,2012-11-26,FF,Sparks Rose,"PFO, Accounting Officer",F - Tax,11.72,-11279,9432,-54%,-132190.0,2.0,8.0,5.0,30.0,FF
50,D,2012-11-29 17:42:41,2012-11-26,FF,Sparks Rose,"PFO, Accounting Officer",M - OptEx,6.83,15611,9432,-253%,106677.0,2.0,8.0,5.0,30.0,FF
51,D,2012-11-29 17:42:39,2012-11-27,FF,Bedell Donald C.,Dir,M - OptEx,10.62,10000,45097,+28%,106200.0,2.0,8.0,5.0,30.0,FF
52,D,2012-11-23 14:41:19,2012-11-20,FF,Lorenzini Paul G.,COO,F - Tax,11.87,-40170,719877,-5%,-476617.0,0.0,6.0,13.0,41.0,FF
53,D,2012-11-23 14:41:19,2012-11-20,FF,Lorenzini Paul G.,COO,M - OptEx,7.0,55000,719877,+8%,385000.0,0.0,6.0,13.0,41.0,FF
54,D,2012-11-23 14:37:18,2012-11-20,FF,Baker David,SVP-Op. Supp. FFCC,F - Tax,11.87,-13304,18457,-42%,-157852.0,0.0,6.0,13.0,41.0,FF
55,D,2012-11-23 14:37:18,2012-11-20,FF,Baker David,SVP-Op. Supp. FFCC,M - OptEx,5.54,20611,18457,-957%,114277.0,0.0,6.0,13.0,41.0,FF
56,D,2012-11-23 14:36:18,2012-11-20,FF,Mikles Lee E,"CEO, Pres",M - OptEx,10.62,10000,2376250,0%,106200.0,0.0,6.0,13.0,41.0,FF
57,D,2012-11-23 14:35:21,2012-11-20,FF,Dortch Samuel,"Exec. VP, Gen. Mngr. FFCC",F - Tax,11.87,-13304,50404,-21%,-157852.0,0.0,6.0,13.0,41.0,FF
58,D,2012-11-23 14:35:21,2012-11-20,FF,Dortch Samuel,"Exec. VP, Gen. Mngr. FFCC",M - OptEx,5.54,20611,50404,+69%,114277.0,0.0,6.0,13.0,41.0,FF
59,,2012-11-16 12:53:07,2012-11-14,FF,Dortch Samuel,"EVP, Gen. Manager FFCC",P - Purchase,11.6,755,43097,+2%,8758.0,1.0,2.0,19.0,40.0,FF
60,D,2012-11-15 15:20:32,2012-11-13,FF,Mikles Lee E,"CEO, Pres",M - OptEx,7.0,55000,2366250,+2%,385000.0,0.0,2.0,18.0,36.0,FF
61,D,2012-11-14 16:23:35,2012-11-09,FF,Novelly Paul A,"Exec. COB, 10%",M - OptEx,6.4,165000,265000,+165%,1056200.0,0.0,2.0,16.0,34.0,FF
62,M,2012-09-17 16:32:12,2012-09-13,FFUS,Revelation Special Situations Fund Ltd,10%,S - Sale,10.26,-262353,4098850,-6%,-2691711.0,,,,,FF
63,M,2012-09-12 19:16:21,2012-09-10,FFUS,Revelation Special Situations Fund Ltd,10%,S - Sale,10.34,-112812,4361203,-3%,-1166134.0,,,,,FF
64,M,2012-09-07 18:48:36,2012-09-05,FFUS,Revelation Special Situations Fund Ltd,10%,S - Sale,10.4,-243000,4474015,-5%,-2527709.0,,,,,FF
65,M,2012-08-29 21:00:26,2012-08-27,FFUS,Revelation Special Situations Fund Ltd,10%,S - Sale,10.35,-417671,4717015,-8%,-4323043.0,,,,,FF
66,,2012-07-13 17:00:35,2012-07-12,FFUS,Revelation Special Situations Fund Ltd,10%,P - Purchase,10.43,6329,5134686,0%,65980.0,,,,,FF
67,M,2012-07-13 17:00:35,2012-07-11,FFUS,Revelation Special Situations Fund Ltd,10%,S - Sale,10.49,-12120,5134686,0%,-127194.0,,,,,FF
68,M,2012-07-10 16:36:45,2012-07-06,FFUS,Revelation Special Situations Fund Ltd,10%,S - Sale,10.53,-17250,5140477,0%,-181629.0,,,,,FF
69,M,2012-07-05 17:09:25,2012-07-02,FFUS,Revelation Special Situations Fund Ltd,10%,S - Sale,10.55,-21309,5157727,0%,-224901.0,,,,,FF
70,M,2012-06-29 17:49:46,2012-06-27,FFUS,Revelation Special Situations Fund Ltd,10%,S - Sale,10.5,-13731,5179036,0%,-144176.0,,,,,FF
71,,2012-05-23 12:04:15,2012-05-22,FF,Dortch Samuel,"EVP, Gen. Manager FFCC",P - Purchase,9.75,800,42342,+2%,7800.0,3.0,6.0,0.0,24.0,FF
72,DM,2012-04-12 14:01:31,2012-02-27,FF,Mikles Lee E,"CEO, Pres",G - Gift,0.0,-2000,2311350,0%,-0.0,-1.0,-5.0,-9.0,12.0,FF
73,M,2012-04-03 16:22:36,2012-03-30,FFUS,Revelation Special Situations Fund Ltd,10%,S - Sale,11.3,-4550,5192767,0%,-51395.0,,,,,FF
74,,2012-03-28 17:00:33,2012-03-26,FFUS,Revelation Special Situations Fund Ltd,10%,S - Sale,11.12,-7505,5197317,0%,-83463.0,,,,,FF
75,,2012-03-23 13:52:30,2012-03-21,FF,Levy Edwin A,Dir,P - Purchase,10.51,4200,280025,+2%,44160.0,2.0,5.0,-6.0,15.0,FF
76,,2012-03-16 16:48:17,2012-03-13,FFUS,Revelation Special Situations Fund Ltd,10%,S - Sale,11.61,-5988,5204822,0%,-69509.0,,,,,FF
77,M,2012-02-27 16:14:26,2012-02-23,FFUS,Revelation Special Situations Fund Ltd,10%,S - Sale,11.97,-16481,5210810,0%,-197247.0,,,,,FF
78,M,2012-02-10 17:22:30,2012-02-08,FFUS,Revelation Special Situations Fund Ltd,10%,S - Sale,12.21,-1564,5227291,0%,-19092.0,,,,,FF
79,M,2012-02-06 17:26:53,2012-02-02,FFUS,Revelation Special Situations Fund Ltd,10%,S - Sale,12.32,-6282,5228855,0%,-77366.0,,,,,FF
80,,2012-01-31 16:23:19,2012-01-27,FFUS,Revelation Special Situations Fund Ltd,10%,S - Sale,12.25,-800,5235137,0%,-9802.0,,,,,FF
81,M,2012-01-26 16:38:05,2012-01-24,FFUS,Revelation Special Situations Fund Ltd,10%,S - Sale,12.28,-7677,5235937,0%,-94243.0,,,,,FF
82,M,2012-01-18 16:43:25,2012-01-13,FFUS,Revelation Special Situations Fund Ltd,10%,S - Sale,12.32,-1825,5243614,0%,-22490.0,,,,,FF
83,M,2012-01-12 16:21:56,2012-01-10,FFUS,Revelation Special Situations Fund Ltd,10%,S - Sale,12.51,-20533,5245439,0%,-256931.0,,,,,FF
84,M,2012-01-09 16:56:48,2012-01-05,FFUS,Revelation Special Situations Fund Ltd,10%,S - Sale,12.21,-1748,5265972,0%,-21340.0,,,,,FF
85,M,2012-01-03 17:22:59,2011-12-29,FFUS,Revelation Special Situations Fund Ltd,10%,S - Sale,12.85,-13280,5267720,0%,-170618.0,,,,,FF
86,M,2011-12-23 16:49:26,2011-12-21,FFUS,Revelation Special Situations Fund Ltd,10%,S - Sale,12.75,-11439,5281000,0%,-145800.0,,,,,FF
87,M,2011-12-20 17:15:49,2011-12-16,FFUS,Revelation Special Situations Fund Ltd,10%,S - Sale,12.63,-8727,5292439,0%,-110192.0,,,,,FF
88,M,2011-12-15 16:26:42,2011-12-13,FFUS,Revelation Special Situations Fund Ltd,10%,S - Sale,12.54,-3731,5301166,0%,-46786.0,,,,,FF
89,AM,2011-12-09 19:08:37,2011-08-31,FFUS,Revelation Special Situations Fund Ltd,10%,P - Purchase,10.99,4500,5514158,0%,49457.0,,,,,FF
90,AM,2011-12-09 19:08:37,2011-08-31,FFUS,Revelation Special Situations Fund Ltd,10%,S - Sale,10.88,-20079,5514158,0%,-218474.0,,,,,FF
91,AM,2011-12-09 18:02:23,2009-03-13,FFUS,Revelation Special Situations Fund Ltd,10%,P - Purchase,4.53,526533,11654911,+5%,2383797.0,,,,,FF
92,AM,2011-12-09 18:02:23,2009-03-13,FFUS,Revelation Special Situations Fund Ltd,10%,S - Sale,12.44,-158462,11654911,-1%,-1971415.0,,,,,FF
93,,2011-12-07 18:07:38,2011-12-05,FFUS,Revelation Special Situations Fund Ltd,10%,S - Sale,12.6,-100,5304897,0%,-1260.0,,,,,FF
94,,2011-11-28 16:50:28,2011-11-28,FFUS,Revelation Special Situations Fund Ltd,10%,P - Purchase,10.53,2450,5304997,0%,25799.0,,,,,FF
95,M,2011-11-18 16:42:36,2011-11-16,FFUS,Revelation Special Situations Fund Ltd,10%,S - Sale,11.8,-2882,5302547,0%,-34004.0,,,,,FF
96,M,2011-11-15 16:27:11,2011-11-11,FFUS,Revelation Special Situations Fund Ltd,10%,S - Sale,12.22,-66011,5305429,-1%,-806520.0,,,,,FF
97,,2011-11-10 17:30:52,2011-11-08,FFUS,Revelation Special Situations Fund Ltd,10%,S - Sale,11.2,-8422,5371440,0%,-94326.0,,,,,FF
98,M,2011-11-07 16:04:35,2011-11-03,FFUS,Revelation Special Situations Fund Ltd,10%,S - Sale,11.22,-13202,5379862,0%,-148092.0,,,,,FF
99,,2011-11-07 14:16:21,2011-11-02,FF,Manheim Paul,Dir,P - Purchase,10.56,2000,2000,New,21120.0,0.0,9.0,13.0,-11.0,FF
100,M,2011-10-31 16:38:51,2011-10-27,FFUS,Revelation Special Situations Fund Ltd,10%,S - Sale,11.79,-65231,5393064,-1%,-768987.0,,,,,FF
101,,2011-10-24 12:59:27,2011-10-21,FFUS,Revelation Special Situations Fund Ltd,10%,P - Purchase,10.51,4900,5458295,0%,51499.0,,,,,FF
102,,2011-10-20 16:28:58,2011-10-18,FFUS,Revelation Special Situations Fund Ltd,10%,S - Sale,11.39,-12882,5453395,0%,-146700.0,,,,,FF
103,M,2011-10-17 16:08:46,2011-10-13,FFUS,Revelation Special Situations Fund Ltd,10%,S - Sale,11.45,-13737,5466277,0%,-157319.0,,,,,FF
104,M,2011-10-12 16:09:22,2011-10-10,FFUS,Revelation Special Situations Fund Ltd,10%,S - Sale,10.87,-8294,5480014,0%,-90116.0,,,,,FF
105,,2011-10-06 16:18:07,2011-10-06,FFUS,Revelation Special Situations Fund Ltd,10%,S - Sale,10.56,-20622,5488308,0%,-217768.0,,,,,FF
106,,2011-09-29 16:12:31,2011-09-27,FFUS,Revelation Special Situations Fund Ltd,10%,S - Sale,11.29,-5228,5508930,0%,-59003.0,,,,,FF
107,M,2011-09-26 16:27:15,2011-09-22,FFUS,Revelation Special Situations Fund Ltd,10%,S - Sale,10.88,-15065,5514158,0%,-163834.0,,,,,FF
108,,2011-09-26 15:52:38,2011-09-23,FF,Bedell Donald C.,Dir,P - Purchase,10.1,1197,35097,+4%,12090.0,2.0,-4.0,1.0,5.0,FF
109,,2011-09-23 11:52:04,2011-09-21,FF,Dortch Samuel,"EVP, Gen. Manager FFCC",P - Purchase,10.7,455,41542,+1%,4869.0,9.0,9.0,8.0,10.0,FF
110,M,2011-09-23 11:50:00,2011-09-21,FF,Baker David,SVP - Oper. Support FFCC,P - Purchase,10.15,3000,11150,+37%,30460.0,9.0,9.0,8.0,10.0,FF
111,M,2011-09-16 16:11:54,2011-09-14,FFUS,Revelation Special Situations Fund Ltd,10%,S - Sale,10.78,-12020,5529223,0%,-129631.0,,,,,FF
112,M,2011-09-09 16:16:21,2011-09-07,FFUS,Revelation Special Situations Fund Ltd,10%,S - Sale,10.78,-3416,5541243,0%,-36815.0,,,,,FF
113,,2011-09-06 16:17:23,2011-09-01,FFUS,Revelation Special Situations Fund Ltd,10%,S - Sale,11.5,-4755,5544659,0%,-54683.0,,,,,FF
114,,2011-08-31 17:42:19,2011-08-31,FFUS,Revelation Special Situations Fund Ltd,10%,P - Purchase,11.24,1000,5549414,0%,11240.0,,,,,FF
115,M,2011-08-31 17:42:19,2011-08-29,FFUS,Revelation Special Situations Fund Ltd,10%,S - Sale,11.28,-30958,5549414,-1%,-349108.0,,,,,FF
116,,2011-08-16 15:43:50,2011-08-12,FF,Bedell Donald C.,Dir,P - Purchase,10.61,11000,33900,+48%,116715.0,-4.0,-8.0,-1.0,2.0,FF
117,M,2011-08-12 12:29:18,2011-06-15,FF,Dortch Samuel,"EVP, Gen. Manager FFCC",P - Purchase,11.36,6271,41087,+18%,71263.0,5.0,-5.0,-1.0,14.0,FF
118,,2011-08-10 16:07:24,2011-08-08,FFUS,Revelation Special Situations Fund Ltd,10%,S - Sale,12.4,-625,5579372,0%,-7750.0,,,,,FF
119,M,2011-08-02 16:12:59,2011-07-29,FFUS,Revelation Special Situations Fund Ltd,10%,S - Sale,12.4,-17056,5579997,0%,-211477.0,,,,,FF
120,,2011-07-26 16:40:28,2011-07-22,FFUS,Revelation Special Situations Fund Ltd,10%,S - Sale,12.54,-2500,5597053,0%,-31350.0,,,,,FF
121,M,2011-07-20 16:53:07,2011-07-18,FFUS,Revelation Special Situations Fund Ltd,10%,S - Sale,12.48,-7387,5599553,0%,-92197.0,,,,,FF
122,M,2011-07-14 18:11:15,2011-07-12,FFUS,Revelation Special Situations Fund Ltd,10%,S - Sale,12.7,-155316,5606940,-3%,-1971834.0,,,,,FF
123,M,2011-07-08 16:44:24,2011-07-06,FFUS,Revelation Special Situations Fund Ltd,10%,S - Sale,12.53,-17500,5762256,0%,-219275.0,,,,,FF
124,,2011-07-05 16:38:47,2011-06-30,FF,Lorenzini Paul G.,COO,P - Purchase,12.21,49047,705047,+7%,598673.0,1.0,4.0,0.0,5.0,FF
125,M,2011-07-01 17:11:27,2011-06-29,FFUS,Revelation Special Situations Fund Ltd,10%,S - Sale,12.19,-38503,5779756,-1%,-469317.0,,,,,FF
126,M,2011-06-28 17:25:02,2011-06-24,FFUS,Revelation Special Situations Fund Ltd,10%,S - Sale,12.3,-95497,5818259,-2%,-1175060.0,,,,,FF
127,M,2011-06-22 17:51:34,2011-06-20,FFUS,Revelation Special Situations Fund Ltd,10%,S - Sale,12.58,-13165,5913756,0%,-165605.0,,,,,FF
128,,2011-06-15 16:09:40,2011-06-13,FFUS,Revelation Special Situations Fund Ltd,10%,S - Sale,12.94,-600,5926921,0%,-7766.0,,,,,FF
129,,2011-06-15 10:28:40,2011-06-14,FTFL,Levy Edwin A,Dir,P - Purchase,12.3,750,275825,0%,9225.0,,,,,FF
130,M,2011-06-09 16:28:45,2011-06-07,FFUS,Revelation Special Situations Fund Ltd,10%,S - Sale,13.06,-1573,5927521,0%,-20550.0,,,,,FF
131,,2011-06-09 15:35:39,2011-05-26,FF,Baker David,SVP - Oper. Support FFCC,P - Purchase,12.98,1000,8150,+14%,12980.0,-1.0,-5.0,-5.0,-3.0,FF
132,M,2011-06-06 16:21:04,2011-06-02,FFUS,Revelation Special Situations Fund Ltd,10%,S - Sale,13.61,-17768,5929094,0%,-241877.0,,,,,FF
133,M,2011-06-01 16:14:58,2011-05-27,FFUS,Revelation Special Situations Fund Ltd,10%,S - Sale,13.5,-17576,5946862,0%,-237207.0,,,,,FF
134,M,2011-05-26 16:16:15,2011-05-24,FFUS,Revelation Special Situations Fund Ltd,10%,S - Sale,13.28,-10676,5964438,0%,-141761.0,,,,,FF
135,M,2011-05-23 16:10:32,2011-05-19,FFUS,Revelation Special Situations Fund Ltd,10%,S - Sale,13.25,-35576,5975114,-1%,-471447.0,,,,,FF
136,M,2011-05-18 16:16:45,2011-05-16,FFUS,Revelation Special Situations Fund Ltd,10%,S - Sale,12.94,-13132,6010690,0%,-169895.0,,,,,FF
137,M,2011-05-13 16:09:14,2011-05-11,FFUS,Revelation Special Situations Fund Ltd,10%,S - Sale,12.87,-39492,6023822,-1%,-508206.0,,,,,FF
138,,2011-05-09 16:27:43,2011-05-09,FFUS,Revelation Special Situations Fund Ltd,10%,P - Purchase,12.6,350,6063314,0%,4410.0,,,,,FF
139,M,2011-05-09 16:27:43,2011-05-05,FFUS,Revelation Special Situations Fund Ltd,10%,S - Sale,12.8,-13875,6063314,0%,-177597.0,,,,,FF
140,,2011-05-03 16:20:22,2011-04-29,FFUS,Revelation Special Situations Fund Ltd,10%,P - Purchase,12.59,1295,6076839,0%,16304.0,,,,,FF
141,,2011-05-03 16:20:22,2011-04-28,FFUS,Revelation Special Situations Fund Ltd,10%,S - Sale,13.02,-1625,6076839,0%,-21162.0,,,,,FF
142,D,2011-05-03 15:58:03,2011-03-30,FF,Baker David,SVP - Oper. Support FFCC,P - Purchase,10.74,500,7150,+8%,5371.0,0.0,0.0,9.0,-5.0,FF
143,M,2011-04-27 16:21:27,2011-04-25,FFUS,Revelation Special Situations Fund Ltd,10%,P - Purchase,13.2,61452,6077169,+1%,811302.0,,,,,FF
144,M,2011-04-21 16:34:14,2011-04-19,FFUS,Revelation Special Situations Fund Ltd,10%,P - Purchase,12.64,33070,6138621,+1%,418037.0,,,,,FF
145,M,2011-04-18 16:12:05,2011-04-14,FFUS,Revelation Special Situations Fund Ltd,10%,P - Purchase,12.72,70184,6171691,+1%,892835.0,,,,,FF
146,M,2011-04-13 16:09:12,2011-04-11,FFUS,Revelation Special Situations Fund Ltd,10%,P - Purchase,12.63,19604,6229275,0%,247586.0,,,,,FF
147,,2011-03-24 13:24:31,2011-03-23,FF,Dortch Samuel,"EVP, Gen. Manager FFCC",P - Purchase,10.25,11700,34816,+51%,119925.0,2.0,6.0,27.0,2.0,FF
148,,2011-03-24 13:23:20,2011-03-23,FF,Mikles Lee E,"CEO, Pres",P - Purchase,10.13,2000,2313350,0%,20260.0,2.0,6.0,27.0,2.0,FF
149,,2011-03-22 12:25:22,2011-03-21,FTFL,Levy Edwin A,Dir,P - Purchase,9.97,2300,274550,+1%,22941.0,,,,,FF
150,M,2011-03-11 16:50:24,2011-03-09,FTFL,Revelation Special Situations Fund Ltd,10%,P - Purchase,10.06,20850,6248879,0%,209732.0,,,,,FF
151,,2011-02-04 16:12:33,2011-02-01,FTFL,Osmium Special Situations Fund Ltd,10%,P - Purchase,9.86,1400,6269729,0%,13804.0,,,,,FF
152,D,2011-01-20 11:27:46,2011-01-18,FTFL,Bedell Donald C.,Dir,M - OptEx,7.0,5000,16000,+45%,35000.0,,,,,FF
153,M,2011-01-07 16:09:45,2010-12-27,FTFL,Osmium Special Situations Fund Ltd,10%,P - Purchase,9.93,172,6268329,0%,1708.0,,,,,FF
154,M,2010-12-23 16:08:08,2010-12-13,FTFL,Osmium Special Situations Fund Ltd,10%,P - Purchase,9.94,85643,6268301,+1%,851291.0,,,,,FF
155,,2010-12-15 15:18:01,2010-12-14,FTFL,Dortch Samuel,"EVP, Gen. Manager FFCC",P - Purchase,9.94,8400,23116,+57%,83496.0,,,,,FF
156,,2010-12-13 14:55:09,2010-12-10,FTFL,Dortch Samuel,"EVP, Gen. Manager FFCC",P - Purchase,9.55,1000,14716,+7%,9550.0,,,,,FF
157,,2010-12-08 10:28:41,2010-12-06,FTFL,Dortch Samuel,"EVP, Gen. Manager FFCC",P - Purchase,9.5,500,13716,+4%,4750.0,,,,,FF
158,,2010-12-06 14:11:47,2010-12-02,FTFL,Dortch Samuel,"EVP, Gen. Manager FFCC",P - Purchase,9.5,16,13216,0%,152.0,,,,,FF
159,,2010-12-01 16:21:27,2010-11-22,FTFL,Dortch Samuel,"EVP, Gen. Manager FFCC",P - Purchase,9.5,5100,13200,+63%,48440.0,,,,,FF
160,D,2010-11-29 17:18:22,2010-11-26,FTFL,Levy Edwin A,Dir,M - OptEx,7.0,5000,272250,+2%,35000.0,,,,,FF
161,M,2010-11-15 16:19:49,2010-11-10,FTFL,Osmium Special Situations Fund Ltd,10%,P - Purchase,8.64,2450,6353944,0%,21175.0,,,,,FF
162,,2010-11-09 16:11:51,2010-11-05,FTFL,Osmium Special Situations Fund Ltd,10%,P - Purchase,8.8,2100,6351494,0%,18480.0,,,,,FF
163,,2010-10-27 16:38:17,2010-10-25,FTFL,Osmium Special Situations Fund Ltd,10%,P - Purchase,7.49,9150,6349394,0%,68488.0,,,,,FF
164,,2010-10-22 16:18:53,2010-10-14,FTFL,Osmium Special Situations Fund Ltd,10%,P - Purchase,7.5,1400,6340244,0%,10500.0,,,,,FF
165,,2010-10-04 17:15:28,2010-09-30,FTFL,Dortch Samuel,"EVP, Gen. Manager FFCC",P - Purchase,7.5,8000,8100,>999%,60000.0,,,,,FF
166,M,2010-10-04 16:35:32,2010-09-29,FTFL,Osmium Special Situations Fund Ltd,10%,P - Purchase,7.4,10969,6338844,0%,81166.0,,,,,FF
167,M,2010-09-27 16:01:39,2010-09-23,FTFL,Osmium Special Situations Fund Ltd,10%,P - Purchase,7.15,5600,6327875,0%,40054.0,,,,,FF
168,,2010-09-24 12:22:36,2010-09-23,FTFL,Levy Edwin A,Dir,P - Purchase,7.1,1000,267250,0%,7100.0,,,,,FF
169,,2010-09-23 11:38:31,2010-09-22,FTFL,Levy Edwin A,Dir,P - Purchase,7.1,1200,266250,0%,8514.0,,,,,FF
170,,2010-09-22 11:47:21,2010-09-21,FTFL,Levy Edwin A,Dir,P - Purchase,7.1,1700,265050,+1%,12064.0,,,,,FF
171,M,2010-09-21 16:09:58,2010-09-17,FTFL,Osmium Special Situations Fund Ltd,10%,P - Purchase,7.19,11200,6322275,0%,80486.0,,,,,FF
172,,2010-09-21 15:20:11,2010-09-17,FTFL,Levy Edwin A,Dir,P - Purchase,7.05,875,263875,0%,6169.0,,,,,FF
173,,2010-09-17 14:18:42,2010-09-16,FTFL,Levy Edwin A,Dir,P - Purchase,7.1,1500,262500,+1%,10655.0,,,,,FF
174,,2010-09-16 11:03:50,2010-09-15,FTFL,Levy Edwin A,Dir,P - Purchase,7.17,1000,261000,0%,7170.0,,,,,FF
175,,2010-09-13 17:20:00,2010-09-09,FTFL,Levy Edwin A,Dir,P - Purchase,7.0,400,500,+400%,2800.0,,,,,FF
176,,2010-09-08 17:47:14,2010-09-07,FTFL,Levy Edwin A,Dir,P - Purchase,7.0,100,100,New,700.0,,,,,FF
177,M,2010-08-31 16:03:29,2010-08-25,FTFL,Osmium Special Situations Fund Ltd,10%,P - Purchase,6.93,9100,6311075,0%,63098.0,,,,,FF
178,,2010-08-23 16:36:29,2010-08-19,FTFL,Osmium Special Situations Fund Ltd,10%,P - Purchase,6.71,4900,6301975,0%,32874.0,,,,,FF
179,,2010-08-18 17:27:32,2010-08-16,FTFL,Osmium Special Situations Fund Ltd,10%,P - Purchase,6.88,875,6297075,0%,6019.0,,,,,FF
180,M,2010-08-09 16:26:31,2010-08-05,FTFL,Osmium Special Situations Fund Ltd,10%,P - Purchase,6.58,31000,6296200,0%,204108.0,,,,,FF
181,M,2010-08-04 16:20:30,2010-08-02,FTFL,Osmium Special Situations Fund Ltd,10%,P - Purchase,6.83,6500,6265200,0%,44397.0,,,,,FF
182,M,2010-07-30 16:20:56,2010-07-28,FTFL,Osmium Special Situations Fund Ltd,10%,P - Purchase,6.85,3500,6258700,0%,23975.0,,,,,FF
183,M,2010-07-26 16:01:56,2010-07-22,FTFL,Osmium Special Situations Fund Ltd,10%,P - Purchase,6.86,7700,6255200,0%,52794.0,,,,,FF
184,D,2010-07-08 16:14:27,2010-06-30,FTFL,Osmium Special Situations Fund Ltd,10%,P - Purchase,6.68,3500,6247500,0%,23366.0,,,,,FF
185,D,2010-07-08 16:14:27,2010-07-06,FTFL,Osmium Special Situations Fund Ltd,10%,X - OptEx,6.0,3800,6247500,0%,22800.0,,,,,FF
186,DM,2010-06-04 16:01:04,2010-05-27,FTFL,Osmium Special Situations Fund Ltd,10%,P - Purchase,6.49,15200,6247200,0%,98653.0,,,,,FF
187,D,2010-06-04 16:01:04,2010-06-03,FTFL,Osmium Special Situations Fund Ltd,10%,X - OptEx,6.0,1325000,6247200,-17%,7950000.0,,,,,FF
188,M,2010-05-27 14:03:36,2008-09-05,FTFL,Lorenzini Paul G.,COO,P - Purchase,6.3,256000,656000,+64%,1612250.0,,,,,FF
189,,2010-05-17 16:08:21,2010-05-12,FTFL,Osmium Special Situations Fund Ltd,10%,P - Purchase,6.5,700,4907000,0%,4550.0,,,,,FF
190,M,2010-05-11 16:30:12,2010-05-07,FTFL,Osmium Special Situations Fund Ltd,10%,P - Purchase,6.54,6300,4906300,0%,41202.0,,,,,FF
191,,2010-03-29 16:27:07,2010-03-25,FTFL,Mikles Lee E,"CEO, Pres",S - Sale,6.77,-5000,88750,-5%,-33865.0,,,,,FF
192,D,2010-03-24 16:10:26,2010-03-22,FTFL,Osmium Special Situations Fund Ltd,10%,X - OptEx,6.0,687708,4900000,-12%,4126248.0,,,,,FF
193,D,2010-03-23 15:56:24,2010-03-22,FTFL,Mikles Lee E,"CEO, Pres",X - OptEx,6.0,59375,121250,-33%,356250.0,,,,,FF
194,D,2010-03-23 15:54:36,2010-03-22,FTFL,Novelly Paul A,"Exec. Chair. of the Board, 10%",X - OptEx,6.0,6012600,16835100,-26%,36075600.0,,,,,FF
195,D,2010-03-23 15:51:43,2010-03-22,FTFL,"St. Albans Global Management, Ltd Partnership, Lllp",10%,X - OptEx,6.0,6012600,16835100,-26%,36075600.0,,,,,FF
196,M,2010-02-26 16:31:54,2010-02-24,FTFL,Osmium Special Situations Fund Ltd,10%,P - Purchase,6.82,331200,4212292,+9%,2257307.0,,,,,FF
197,,2010-02-19 16:03:17,2010-02-17,FTFL,Osmium Special Situations Fund Ltd,10%,P - Purchase,7.0,5000,3881092,0%,35000.0,,,,,FF
198,,2010-02-02 17:42:59,2010-01-29,FTFL,Osmium Special Situations Fund Ltd,10%,P - Purchase,6.47,21250,3876092,+1%,137488.0,,,,,FF
199,,2010-01-26 16:30:02,2010-01-22,FTFL,Osmium Special Situations Fund Ltd,10%,P - Purchase,6.3,14000,3854842,0%,88200.0,,,,,FF
200,,2010-01-21 17:37:22,2010-01-19,FTFL,Knott David M,10%,P - Purchase,6.45,67900,2204380,+3%,437955.0,,,,,FF
201,,2010-01-21 17:37:22,2010-01-19,FTFL,Knott David M,10%,S - Sale,6.45,-67900,2204380,-3%,-437955.0,,,,,FF
202,DM,2009-12-31 16:15:23,2009-12-28,FTFL,Osmium Special Situations Fund Ltd,10%,P - Purchase,6.98,417900,3840842,+12%,2916648.0,,,,,FF
203,M,2009-12-24 13:12:54,2009-12-07,FTFL,Osmium Special Situations Fund Ltd,10%,P - Purchase,7.14,9800,3422942,0%,69967.0,,,,,FF
204,D,2009-11-13 16:14:30,2009-11-13,FTFL,Osmium Special Situations Fund Ltd,10%,P - Purchase,7.19,7350,3413142,0%,52847.0,,,,,FF
205,DM,2009-11-03 16:14:11,2009-10-16,FTFL,Osmium Special Situations Fund Ltd,10%,P - Purchase,7.34,4200,3405792,0%,30845.0,,,,,FF
206,M,2009-10-09 16:27:08,2009-09-10,FTFL,Osmium Special Situations Fund Ltd,10%,P - Purchase,6.92,17400,3401592,+1%,120425.0,,,,,FF
207,M,2009-09-04 16:08:31,2009-07-06,FTFL,Osmium Special Situations Fund Ltd,10%,P - Purchase,6.2,3800,3384192,0%,23564.0,,,,,FF
208,D,2009-08-04 16:52:56,2009-07-31,FTFL,"St. Albans Global Management, Ltd Partnership, Lllp",10%,S - Sale+OE,0.0,-156250,10822500,-1%,-0.0,,,,,FF
209,D,2009-08-04 16:51:13,2009-07-31,FTFL,Novelly Paul A,"Exec. Chair. of the Board, 10%",S - Sale+OE,0.0,-156250,11547500,-1%,-0.0,,,,,FF
210,,2009-07-13 17:05:52,2009-07-09,FTFL,Knott David M,10%,P - Purchase,5.5,177700,2204380,+9%,977350.0,,,,,FF
211,,2009-07-13 17:05:52,2009-07-09,FTFL,Knott David M,10%,S - Sale,5.5,-177700,2204380,-7%,-977350.0,,,,,FF
212,M,2009-07-02 16:48:31,2009-06-02,FTFL,Osmium Special Situations Fund Ltd,10%,P - Purchase,5.5,1200,3382192,0%,6595.0,,,,,FF
213,M,2009-05-01 16:15:55,2009-04-14,FTFL,Osmium Special Situations Fund Ltd,10%,P - Purchase,5.23,11350,3380992,0%,59398.0,,,,,FF
214,M,2009-04-09 16:11:42,2009-03-20,FTFL,Osmium Special Situations Fund Ltd,10%,P - Purchase,5.02,254770,3369642,+8%,1278959.0,,,,,FF
215,,2009-04-03 17:45:02,2009-04-01,FTFL,Knott David M,10%,P - Purchase,4.95,310200,2204380,+16%,1535490.0,,,,,FF
216,,2009-04-03 17:45:02,2009-04-01,FTFL,Knott David M,10%,S - Sale,4.95,-310200,2204380,-12%,-1535490.0,,,,,FF
217,M,2009-03-19 16:27:13,2009-03-05,FTFL,Osmium Special Situations Fund Ltd,10%,P - Purchase,4.21,542072,3114872,+21%,2282797.0,,,,,FF
218,M,2009-03-04 18:58:11,2009-01-20,FTFL,Osmium Special Situations Fund Ltd,10%,P - Purchase,4.69,300900,2572800,+13%,1410423.0,,,,,FF
219,M,2009-01-16 17:14:15,2009-01-05,FTFL,Osmium Special Situations Fund Ltd,10%,P - Purchase,5.28,46000,2271900,+2%,242867.0,,,,,FF
220,,2009-01-12 11:19:07,2009-01-08,FTFL,Knott David M,10%,P - Purchase,5.15,40000,2204380,+2%,206000.0,,,,,FF
221,M,2008-12-31 16:24:22,2008-12-29,FTFL,Osmium Special Situations Fund Ltd,10%,P - Purchase,5.57,4200,2225900,0%,23380.0,,,,,FF
222,,2008-12-24 11:09:13,2008-12-23,FTFL,Osmium Special Situations Fund Ltd,10%,P - Purchase,5.55,14000,2221700,+1%,77700.0,,,,,FF
223,,2008-12-11 13:28:15,2008-12-03,FTFL,Baker David,SVP - Oper. Support FFCC,A - Grant,0.0,100,100,New,0.0,,,,,FF
224,,2008-12-11 13:26:40,2008-12-03,FTFL,Dortch Samuel,SVP - Operations FFCC,A - Grant,0.0,100,100,New,0.0,,,,,FF
225,,2008-12-11 13:24:54,2008-12-03,FTFL,Hess Gary,SVP - Commercial Oper. FFCC,A - Grant,0.0,100,100,New,0.0,,,,,FF
226,M,2008-11-26 17:17:15,2008-10-20,FTFL,Osmium Special Situations Fund Ltd,10%,P - Purchase,5.76,120050,4303850,+3%,691222.0,,,,,FF
227,D,2008-11-13 16:52:06,2008-10-21,FTFL,Novelly Paul A,"Exec. Chair. of the Board, 10%",X - OptEx,6.0,625000,625000,-50%,3750000.0,,,,,FF
228,,2008-10-14 17:17:50,2008-10-10,FTFL,"St. Albans Global Management, Ltd Partnership, Lllp",10%,P - Purchase,5.0,625000,10978750,+6%,3125000.0,,,,,FF
229,,2008-10-14 12:42:53,2008-10-09,FTFL,Knott David M,10%,P - Purchase,5.0,387200,2164380,+22%,1936000.0,,,,,FF
230,A,2008-10-14 12:40:53,2008-10-07,FTFL,Knott David M,10%,P - Purchase,5.0,99030,1777180,+6%,495150.0,,,,,FF
231,,2008-10-09 21:39:35,2008-10-07,FTFL,Knott David M,10%,P - Purchase,5.0,99030,1777130,+6%,495150.0,,,,,FF
232,,2008-10-07 14:02:33,2008-10-06,FTFL,"St. Albans Global Management, Ltd Partnership, Lllp",10%,P - Purchase,5.18,685400,10353750,+7%,3552000.0,,,,,FF
233,,2008-10-07 14:01:16,2008-10-06,FTFL,Novelly Paul A,"Exec. Chair. of the Board, 10%",P - Purchase,5.18,685400,10353750,+7%,3552000.0,,,,,FF
234,,2008-10-07 12:53:56,2008-10-03,FTFL,"St. Albans Global Management, Ltd Partnership, Lllp",10%,P - Purchase,5.75,500000,9668350,+5%,2875000.0,,,,,FF
235,,2008-10-07 12:52:53,2008-10-03,FTFL,Novelly Paul A,"Exec. Chair. of the Board, 10%",P - Purchase,5.75,500000,9668350,+5%,2875000.0,,,,,FF
236,,2008-07-18 10:44:11,2008-07-16,FTFL,"St. Albans Global Management, Ltd Partnership, Lllp",10%,P - Purchase,5.15,862000,9168350,+10%,4439300.0,,,,,FF
237,,2008-07-18 10:43:32,2008-07-16,FTFL,Hommert Douglas D,"EVP, Secy., Treasurer",P - Purchase,5.15,10000,260000,+4%,51500.0,,,,,FF
238,,2008-07-18 10:43:05,2008-07-16,FTFL,Knowlton Richard L,Dir,P - Purchase,5.15,150000,150000,New,772500.0,,,,,FF
239,,2008-07-18 10:42:38,2008-07-16,FTFL,Ladd Benjamin M.,"CFO, Treasurer FFCC",P - Purchase,5.15,10000,10000,New,51500.0,,,,,FF
240,,2008-07-18 10:42:09,2008-07-16,FTFL,Lorenzini Paul G.,COO,P - Purchase,5.15,150000,150000,New,772500.0,,,,,FF
241,,2008-07-18 10:41:31,2008-07-16,FTFL,Mikles Lee E,"CEO, Pres",P - Purchase,5.15,100000,2100000,+5%,515000.0,,,,,FF
242,,2008-07-18 10:40:57,2008-07-16,FTFL,Novelly Paul A,"Exec. Chair. of the Board, 10%",P - Purchase,5.15,862000,9168350,+10%,4439300.0,,,,,FF
243,M,2008-07-17 15:30:53,2008-07-15,FTFL,"Fir Tree, L.L.C.",10%,S - Sale,5.15,-1600000,0,-100%,-8244675.0,,,,,FF
244,D,2008-07-16 11:27:51,2008-07-14,FTFL,Novelly Paul A,"Exec. Chair. of the Board, 10%",M - OptEx,4.0,100000,100000,New,400000.0,,,,,FF
